-1.091813672513963995e+00 8.084348020934153597e-04 0.000000000000000000e+00 1.012970129017411701e-02 1.641381399764900162e-01 0.000000000000000000e+00
-1.031268430542542802e+00 2.957743225070895605e-04 0.000000000000000000e+00 -1.150180235340541104e-02 7.705414585137107530e-02 0.000000000000000000e+00
-1.028540444987089852e+00 -9.006702073352567187e-06 0.000000000000000000e+00 5.977767743029539782e-02 4.496679112832294850e-02 0.000000000000000000e+00
-1.083439444086029546e+00 -4.530499170503518537e-04 0.000000000000000000e+00 -2.381939544908825979e-02 1.497397314015081471e-01 0.000000000000000000e+00
-1.063273992420750158e+00 8.092653148032095262e-05 0.000000000000000000e+00 4.537416885008734024e-02 1.125086307827097287e-01 0.000000000000000000e+00
-1.071171905966067595e+00 -3.934219718864379999e-04 0.000000000000000000e+00 -3.831959166479616957e-02 1.274148423966667831e-01 0.000000000000000000e+00
-1.086880292316528607e+00 -1.529102951461419266e-04 0.000000000000000000e+00 6.164505344898664127e-03 1.567602228174801993e-01 0.000000000000000000e+00
-1.019873717924051348e+00 -1.273501101221650002e-04 0.000000000000000000e+00 -3.957809891273211811e-02 5.295005019229594156e-02 0.000000000000000000e+00
-1.035080274008540524e+00 -2.477541336325848019e-04 0.000000000000000000e+00 5.790799192072193513e-02 5.872943902767395474e-02 0.000000000000000000e+00
-1.081573561002134198e+00 5.428245262845531743e-04 0.000000000000000000e+00 -2.137294684826214486e-02 1.472347287727060472e-01 0.000000000000000000e+00
-1.034951734776444088e+00 2.512267917433416882e-04 0.000000000000000000e+00 -2.125693431887984691e-03 8.229163080827310572e-02 0.000000000000000000e+00
-1.076030399962455419e+00 4.265173527819121450e-04 0.000000000000000000e+00 3.071897582884487721e-02 1.369640409451494678e-01 0.000000000000000000e+00
-1.054491456886459844e+00 1.063357827229619024e-04 0.000000000000000000e+00 -5.025480391734508945e-02 9.623700895959155788e-02 0.000000000000000000e+00
-1.085560735152120149e+00 -6.783066201098142400e-04 0.000000000000000000e+00 1.924725083726490718e-02 1.536615781799252622e-01 0.000000000000000000e+00
-1.088147601415958343e+00 -1.136382850731026007e-04 0.000000000000000000e+00 -3.290035359475339261e-02 1.553771275803025875e-01 0.000000000000000000e+00
9.337905096361620583e-01 -2.543176653050095411e-04 0.000000000000000000e+00 9.424894400430347541e-02 1.153878041865878945e-01 0.000000000000000000e+00
9.366461125259204490e-01 2.481808911127410776e-04 0.000000000000000000e+00 -9.303909492255107994e-02 1.124472209153309366e-01 0.000000000000000000e+00
9.291514927260843271e-01 -3.560148151380811490e-04 0.000000000000000000e+00 8.492583717581413116e-02 1.288832759628159852e-01 0.000000000000000000e+00
9.453416368902742839e-01 5.064880410081754047e-05 0.000000000000000000e+00 -8.041651686122464060e-02 1.123943517483530080e-01 0.000000000000000000e+00
-1.005123654573331970e+00 1.583938050356074032e-04 0.000000000000000000e+00 3.563165475943222416e-02 4.489946166419772622e-02 0.000000000000000000e+00
-1.112689564645031215e+00 -6.657333154632938919e-04 0.000000000000000000e+00 7.713958578612639498e-03 1.965454116312577715e-01 0.000000000000000000e+00
-9.646080754175152538e-01 -3.555947808713596364e-06 0.000000000000000000e+00 7.521945770088714345e-02 3.765988157743639653e-02 0.000000000000000000e+00
8.818588637117867890e-01 1.894383087496713351e-04 0.000000000000000000e+00 1.835261034015535642e-01 1.321555764207618944e-01 0.000000000000000000e+00
1.003125519897418272e+00 -1.792454755610211952e-04 0.000000000000000000e+00 2.599888273657230409e-01 2.336659686717690310e-01 0.000000000000000000e+00
-1.302261381041903032e+00 -8.805657555478706155e-04 0.000000000000000000e+00 -1.816462001087487121e-01 4.492175629004773185e-01 0.000000000000000000e+00
-1.479302075642898728e+00 -2.646178042629829252e-03 0.000000000000000000e+00 -9.761044847665673041e-02 7.306799394386216395e-01 0.000000000000000000e+00
-1.531180925778163227e+00 -1.561640862964080827e-03 0.000000000000000000e+00 1.637351811340193725e-02 8.084045740090224363e-01 0.000000000000000000e+00
-1.434853305870356088e+00 2.340064387525493672e-03 0.000000000000000000e+00 1.289971476483331991e-01 6.626730652246402009e-01 0.000000000000000000e+00
-1.302762394351863806e+00 -5.978882064850386813e-04 0.000000000000000000e+00 1.898608755956917027e-01 4.466082064025322929e-01 0.000000000000000000e+00
-1.535203258467744636e+00 -4.319238355778509068e-04 0.000000000000000000e+00 1.582785207030141250e-01 7.985253397704979994e-01 0.000000000000000000e+00
-1.695691288434201915e+00 -1.263724473265649684e-03 0.000000000000000000e+00 6.608114562240766099e-04 1.028545464344957416e+00 0.000000000000000000e+00
-1.541933557213347683e+00 2.582521196754068715e-03 0.000000000000000000e+00 -1.541470440709077350e-01 8.086788550017329769e-01 0.000000000000000000e+00
-1.260878989688287710e+00 -1.105372698553637109e-03 0.000000000000000000e+00 -1.981151753623049405e-01 3.740144165101846330e-01 0.000000000000000000e+00
-1.404305978097769581e+00 -1.869219946850787101e-03 0.000000000000000000e+00 2.355911487509287222e-02 6.315188504147652981e-01 0.000000000000000000e+00
-1.271165340658179765e+00 -1.974678943907614073e-03 0.000000000000000000e+00 -9.531235090775885821e-03 4.384706063171349699e-01 0.000000000000000000e+00
-1.295038984785706893e+00 1.695210654797534716e-03 0.000000000000000000e+00 7.627717619922169678e-02 4.677436198922086397e-01 0.000000000000000000e+00
-1.338249160106204094e+00 2.378188467483091997e-03 0.000000000000000000e+00 -1.704805897406597853e-02 5.368667419882187097e-01 0.000000000000000000e+00
-1.271484100973947706e+00 -1.150668820972717415e-03 0.000000000000000000e+00 -8.625974531299683556e-02 4.304893000516537560e-01 0.000000000000000000e+00
-1.274183923485453285e+00 -1.974564631416127550e-03 0.000000000000000000e+00 6.129288885424744905e-03 4.430183773943865422e-01 0.000000000000000000e+00
-1.346298128370591485e+00 1.637437472150896772e-03 0.000000000000000000e+00 4.395271162071361093e-02 5.470416814490510760e-01 0.000000000000000000e+00
-1.246347739253252929e+00 1.845107009437425144e-03 0.000000000000000000e+00 -1.159035030721905501e-01 3.844069040695781148e-01 0.000000000000000000e+00
-1.350694422716511855e+00 2.442078534697130626e-04 0.000000000000000000e+00 -1.493718366275026410e-01 5.346896152312499151e-01 0.000000000000000000e+00
-1.495856868437049236e+00 3.240873700853429129e-03 0.000000000000000000e+00 2.581074415544781786e-02 7.596363096767423384e-01 0.000000000000000000e+00
-1.233981526894495140e+00 1.575625296913047736e-03 0.000000000000000000e+00 1.770322435094711100e-01 3.395180035628438397e-01 0.000000000000000000e+00
-1.467208655708406972e+00 -3.182252500028811756e-03 0.000000000000000000e+00 -4.054091165797324425e-02 7.192304326572707129e-01 0.000000000000000000e+00
-1.237537256852661027e+00 9.355240403893030909e-04 0.000000000000000000e+00 1.688538093911067517e-01 3.496157368719403635e-01 0.000000000000000000e+00
-1.463902427409283113e+00 -1.285678933007437102e-03 0.000000000000000000e+00 2.272488789276945476e-03 7.157606279049872899e-01 0.000000000000000000e+00
-1.250765358496309432e+00 1.242093255373955592e-03 0.000000000000000000e+00 -1.675361540838879448e-01 3.721497794604015086e-01 0.000000000000000000e+00
-1.471819279936008140e+00 -1.155082919962108212e-03 0.000000000000000000e+00 3.447163449596930829e-02 7.259627935454058267e-01 0.000000000000000000e+00
-1.218874900551652152e+00 5.667142881550443767e-04 0.000000000000000000e+00 -1.759694422449253892e-01 3.141396068368366157e-01 0.000000000000000000e+00
-1.493432856121494456e+00 2.566194672380733496e-03 0.000000000000000000e+00 -1.739009837785291529e-02 7.565269721690521809e-01 0.000000000000000000e+00
-1.318364503846046309e+00 2.345942225058492842e-03 0.000000000000000000e+00 1.598423319331923609e-01 4.823743471145101602e-01 0.000000000000000000e+00
-1.433879551543954634e+00 2.178650735190180293e-03 0.000000000000000000e+00 4.571410538345631672e-03 6.737281642107624258e-01 0.000000000000000000e+00
-1.278282851302817269e+00 -1.590602402445306235e-03 0.000000000000000000e+00 -1.766001231473826871e-01 4.129677458388156253e-01 0.000000000000000000e+00
-1.501628614805186057e+00 2.057071794549704402e-03 0.000000000000000000e+00 -4.324831861542761946e-02 7.668117685033044584e-01 0.000000000000000000e+00
-1.443863953819580104e+00 2.290889597730785387e-03 0.000000000000000000e+00 1.086112755033670496e-01 6.791319624557703438e-01 0.000000000000000000e+00
-1.253425338573238568e+00 1.148087453817400435e-04 0.000000000000000000e+00 1.930441098616231810e-01 3.640937113809592507e-01 0.000000000000000000e+00
1.049138904367168168e+00 3.496763283804599134e-04 0.000000000000000000e+00 1.113199869279658805e-01 7.315944915088259948e-02 0.000000000000000000e+00
-2.067685848515824709e+00 1.912708049984543357e-03 0.000000000000000000e+00 1.940286133601849122e-02 1.498426036663801586e+00 0.000000000000000000e+00
-1.999351411132138212e+00 3.675914690863056611e-03 0.000000000000000000e+00 7.502556327695916738e-02 1.412508026272471184e+00 0.000000000000000000e+00
-1.902601527793286618e+00 -1.544235884639210549e-03 0.000000000000000000e+00 1.394466897426569485e-01 1.286354940169335492e+00 0.000000000000000000e+00
-1.741089120931208711e+00 -5.123758619641177736e-03 0.000000000000000000e+00 2.063056711085267947e-01 1.068002738160146237e+00 0.000000000000000000e+00
-1.483991944882034009e+00 -1.379774136157737273e-03 0.000000000000000000e+00 2.683385471645942655e-01 6.935669972950972983e-01 0.000000000000000000e+00
-1.364776528792865928e+00 1.211362798785494462e-03 0.000000000000000000e+00 -2.755312508830584650e-01 5.052188668024963913e-01 0.000000000000000000e+00
-1.670779134058048676e+00 -7.598584013503890955e-04 0.000000000000000000e+00 -2.314298568553649904e-01 9.685384538955973399e-01 0.000000000000000000e+00
-1.859134048122055738e+00 5.365086465015864170e-03 0.000000000000000000e+00 -1.590109764141156012e-01 1.228803547330711510e+00 0.000000000000000000e+00
-1.974996562628651642e+00 6.762240384452084842e-03 0.000000000000000000e+00 -8.849232293207248690e-02 1.381501743417854700e+00 0.000000000000000000e+00
-2.041604069611619998e+00 -4.516356437978361060e-03 0.000000000000000000e+00 -3.468453781702814098e-02 1.466168390197078564e+00 0.000000000000000000e+00
1.034802186794127277e+00 -1.762272492828388833e-04 0.000000000000000000e+00 2.745716663570544475e-02 1.303449919671284818e-01 0.000000000000000000e+00
-2.200194875169385611e+00 6.400988522294870364e-03 0.000000000000000000e+00 -1.501846284091768596e-02 1.659139153121653276e+00 0.000000000000000000e+00
-2.198811842897580249e+00 7.658772294716391371e-03 0.000000000000000000e+00 -6.416414683353866000e-02 1.656307638558981221e+00 0.000000000000000000e+00
-2.115381610987063787e+00 -7.527951470780433474e-03 0.000000000000000000e+00 -1.372741830261055840e-01 1.550666199462366501e+00 0.000000000000000000e+00
-1.970368720873609591e+00 2.040613929438911400e-05 0.000000000000000000e+00 -1.946892221086032881e-01 1.364754011024358338e+00 0.000000000000000000e+00
-1.758939204442441229e+00 -4.159076301896019734e-04 0.000000000000000000e+00 -2.572174400706004338e-01 1.080660838913550359e+00 0.000000000000000000e+00
-1.444157289019904145e+00 -2.629505687322137436e-03 0.000000000000000000e+00 -3.034487275384968874e-01 6.176573695015991072e-01 0.000000000000000000e+00
-1.472841967709393796e+00 -1.987199180951387811e-03 0.000000000000000000e+00 3.003347341018944294e-01 6.633831530367793050e-01 0.000000000000000000e+00
-1.775867912743257504e+00 -1.716681009463910407e-03 0.000000000000000000e+00 2.517959363617955915e-01 1.104350563179254507e+00 0.000000000000000000e+00
-1.981625001119466933e+00 2.413290243238566668e-03 0.000000000000000000e+00 1.922948429744265053e-01 1.379204389573522871e+00 0.000000000000000000e+00
-2.123026972894117570e+00 5.971658809239437093e-03 0.000000000000000000e+00 1.319071548622149925e-01 1.560446109870933462e+00 0.000000000000000000e+00
-2.201390272952381544e+00 3.765155101888517652e-03 0.000000000000000000e+00 6.940343863295374283e-02 1.659185492792815353e+00 0.000000000000000000e+00
-2.194962320544926015e+00 -7.668299209685716655e-03 0.000000000000000000e+00 1.208997231847201703e-02 1.652879013180345913e+00 0.000000000000000000e+00
1.034659511470300997e+00 7.759579805691007139e-05 0.000000000000000000e+00 -2.067647258456969950e-02 1.316742397398301678e-01 0.000000000000000000e+00
-2.078175953739745729e+00 8.403562882390996913e-04 0.000000000000000000e+00 2.036822260808824475e-02 1.511241353586002312e+00 0.000000000000000000e+00
-2.012078243568744540e+00 -5.645301262511795426e-03 0.000000000000000000e+00 6.320448259989797091e-02 1.428830774136135240e+00 0.000000000000000000e+00
-1.927322562531971650e+00 -2.578916668392453038e-03 0.000000000000000000e+00 1.284994793017749382e-01 1.318652658866407146e+00 0.000000000000000000e+00
-1.788315194230358784e+00 4.245730041562832680e-03 0.000000000000000000e+00 1.978048048026442851e-01 1.131549618498962628e+00 0.000000000000000000e+00
-1.579790752373228857e+00 3.797855580328822478e-03 0.000000000000000000e+00 2.567547271203947656e-01 8.360039589375349856e-01 0.000000000000000000e+00
-1.216459701645981273e+00 -9.189509043911663153e-04 0.000000000000000000e+00 2.527409421311520576e-01 2.512967829454579860e-01 0.000000000000000000e+00
-1.547822518898481547e+00 -2.247308073482837815e-03 0.000000000000000000e+00 -2.619857377891345873e-01 7.888902879485870656e-01 0.000000000000000000e+00
-1.767227014736133528e+00 -2.812216081632706866e-03 0.000000000000000000e+00 -2.045726047304264605e-01 1.102741911491394555e+00 0.000000000000000000e+00
-1.912586087490128595e+00 -5.780857591993579514e-03 0.000000000000000000e+00 -1.426315279157053251e-01 1.298632359316053808e+00 0.000000000000000000e+00
-2.003930351778626218e+00 3.539122341227475543e-03 0.000000000000000000e+00 -7.225148166149086837e-02 1.418321396596328388e+00 0.000000000000000000e+00
-2.066176339592493250e+00 6.734033488804656853e-03 0.000000000000000000e+00 -1.783538707170566340e-02 1.496611767015020966e+00 0.000000000000000000e+00
1.032324198807216042e+00 3.517009803481096412e-04 0.000000000000000000e+00 6.540234408818825819e-03 1.346478144728000537e-01 0.000000000000000000e+00
-2.106731996057802370e+00 1.648999010288393352e-03 0.000000000000000000e+00 1.129936418091664896e-02 1.546156507802215696e+00 0.000000000000000000e+00
-1.969335258997244598e+00 2.794404020097323443e-03 0.000000000000000000e+00 6.791186425306727781e-02 1.375615469629213550e+00 0.000000000000000000e+00
-1.829180241587512690e+00 -2.367169125614718844e-03 0.000000000000000000e+00 1.588279852793308133e-01 1.190436443941228717e+00 0.000000000000000000e+00
-1.542750733609095537e+00 -9.956299609781144033e-04 0.000000000000000000e+00 2.513758503132829114e-01 7.850901151665989897e-01 0.000000000000000000e+00
-1.428929085843018587e+00 2.961377697753505428e-03 0.000000000000000000e+00 -2.664306036477364081e-01 6.112367393775447466e-01 0.000000000000000000e+00
-1.771982596213347971e+00 5.098005511889602825e-04 0.000000000000000000e+00 -1.849674521483182787e-01 1.112414226874119283e+00 0.000000000000000000e+00
-1.943753599255710895e+00 -1.188333310555275690e-03 0.000000000000000000e+00 -9.060886554012115290e-02 1.342377761667315372e+00 0.000000000000000000e+00
-2.027295226586541599e+00 -1.610189999509500924e-03 0.000000000000000000e+00 -8.180703901369105330e-03 1.448953976743948546e+00 0.000000000000000000e+00
-1.917223366980649102e+00 5.169512332449360814e-03 0.000000000000000000e+00 9.116405952025266601e-02 1.309085767939203837e+00 0.000000000000000000e+00
-1.689106599534985653e+00 3.057062607351746300e-03 0.000000000000000000e+00 2.069888043933968136e-01 9.986906818412877307e-01 0.000000000000000000e+00
-1.279270959524764883e+00 -6.176521220189823760e-04 0.000000000000000000e+00 -2.603395719655412499e-01 3.677969957127635858e-01 0.000000000000000000e+00
-1.754991710307819197e+00 -1.033972391872528540e-03 0.000000000000000000e+00 -1.812722309082459571e-01 1.090789553851111204e+00 0.000000000000000000e+00
-1.941817526194566046e+00 -2.076848004834114941e-03 0.000000000000000000e+00 -6.495257995395807560e-02 1.341445406104602167e+00 0.000000000000000000e+00
1.058499027337900689e+00 -9.441576872184446328e-05 0.000000000000000000e+00 1.158631370840975394e-01 7.648770146576412687e-02 0.000000000000000000e+00
-2.296700731653239735e+00 -7.948562449692317400e-03 0.000000000000000000e+00 -6.076451923577368130e-02 1.773437641279650867e+00 0.000000000000000000e+00
-2.132905101345802468e+00 -9.879780698342915946e-05 0.000000000000000000e+00 -1.621006973708546961e-01 1.569638007356093157e+00 0.000000000000000000e+00
-1.761849952970140798e+00 3.632012953658086962e-04 0.000000000000000000e+00 -2.747920028659682767e-01 1.080208926912914480e+00 0.000000000000000000e+00
-1.488536126258393155e+00 -8.797539651338604633e-04 0.000000000000000000e+00 3.122581603473523759e-01 6.818594630603629358e-01 0.000000000000000000e+00
-1.998789185232928034e+00 -1.403958038090388771e-03 0.000000000000000000e+00 2.109563505594828081e-01 1.397974605893150812e+00 0.000000000000000000e+00
-2.247681625498533897e+00 -2.302047038281077734e-03 0.000000000000000000e+00 9.905694180827032125e-02 1.713224648306013842e+00 0.000000000000000000e+00
-2.299034819629531157e+00 -3.180033629863406736e-03 0.000000000000000000e+00 -1.720160354407043735e-03 1.777235374176211913e+00 0.000000000000000000e+00
-2.250845396358361672e+00 -3.149974637697700031e-03 0.000000000000000000e+00 -1.020234069658936815e-01 1.716836706145297375e+00 0.000000000000000000e+00
-2.001873293292158351e+00 -8.529845939856863651e-04 0.000000000000000000e+00 -2.119850117735278816e-01 1.401675531603014946e+00 0.000000000000000000e+00
-1.489322833537240376e+00 2.504688125655504805e-03 0.000000000000000000e+00 -3.116832427540195405e-01 6.833217900105025278e-01 0.000000000000000000e+00
-1.767321921250583294e+00 -2.995403400917792669e-03 0.000000000000000000e+00 2.723171950553622267e-01 1.088122421626955383e+00 0.000000000000000000e+00
-2.138309782386132341e+00 -2.882268548466487834e-03 0.000000000000000000e+00 1.581712438282805444e-01 1.576624708086845406e+00 0.000000000000000000e+00
-2.299757217702415701e+00 6.436754634331548486e-03 0.000000000000000000e+00 5.731196230264118396e-02 1.777178189215415038e+00 0.000000000000000000e+00
1.039141986062660061e+00 6.241612267123226648e-04 0.000000000000000000e+00 -3.633173088188765276e-02 1.266547547860436274e-01 0.000000000000000000e+00
-2.145221132027264055e+00 -1.632464522957968733e-05 0.000000000000000000e+00 -7.337683736248017639e-04 1.592905753637221977e+00 0.000000000000000000e+00
1.055438119731284985e+00 4.210494263654309711e-04 0.000000000000000000e+00 9.904410433361113264e-02 9.415656176975768787e-02 0.000000000000000000e+00
-2.389955639748528871e+00 -8.946135482330447308e-03 0.000000000000000000e+00 -9.055287750230481270e-02 1.882462752073875700e+00 0.000000000000000000e+00
-1.946476225593827269e+00 -3.022655918888221549e-03 0.000000000000000000e+00 -2.600884518446289206e-01 1.323518459549150039e+00 0.000000000000000000e+00
-1.740113943923289774e+00 5.149028808437823568e-03 0.000000000000000000e+00 3.048468416864063002e-01 1.042839911253913510e+00 0.000000000000000000e+00
-2.327271478645003278e+00 -8.566215799508829221e-03 0.000000000000000000e+00 1.173271596026390362e-01 1.806914078448315752e+00 0.000000000000000000e+00
-2.408594588954334537e+00 1.655572684934006333e-03 0.000000000000000000e+00 -3.199556673168679755e-02 1.906235923917637631e+00 0.000000000000000000e+00
-2.151450050506263700e+00 -1.990144140390115446e-03 0.000000000000000000e+00 -1.919812058206434302e-01 1.588886213056061703e+00 0.000000000000000000e+00
-1.319012093019613641e+00 -2.140282497372081316e-04 0.000000000000000000e+00 -3.127999810625942678e-01 4.016918908096813734e-01 0.000000000000000000e+00
-2.099357076332789340e+00 -2.205393025005197068e-03 0.000000000000000000e+00 2.067399988570887692e-01 1.523255128683206117e+00 0.000000000000000000e+00
-2.399955641523358274e+00 -7.114175748848192149e-03 0.000000000000000000e+00 4.363000429942912040e-02 1.895876775374002232e+00 0.000000000000000000e+00
-2.373931009429178118e+00 1.968261990237502035e-03 0.000000000000000000e+00 -1.128076482657241475e-01 1.862358780330399810e+00 0.000000000000000000e+00
-1.742678060004219542e+00 1.900529238876232357e-03 0.000000000000000000e+00 -3.052733438766448426e-01 1.046172279773146752e+00 0.000000000000000000e+00
-2.032049858025678724e+00 -4.769066240997208925e-03 0.000000000000000000e+00 2.393371411900676593e-01 1.435013549119063869e+00 0.000000000000000000e+00
-2.448536630128601566e+00 7.426881032627556667e-03 0.000000000000000000e+00 6.228401080407892226e-02 1.952277657204867456e+00 0.000000000000000000e+00
-2.385328774676865216e+00 -7.126317298363311556e-04 0.000000000000000000e+00 -1.293354675386151620e-01 1.874725230718198077e+00 0.000000000000000000e+00
-1.558347251910768394e+00 1.892717020995124400e-03 0.000000000000000000e+00 -3.326677849094838990e-01 7.773568248844003881e-01 0.000000000000000000e+00
-2.223320731496961855e+00 -7.626117413978478199e-03 0.000000000000000000e+00 1.893055963125833685e-01 1.676304555442692745e+00 0.000000000000000000e+00
-2.508771027811948606e+00 -3.444626328233599266e-03 0.000000000000000000e+00 -5.002634152457857697e-03 2.023410911039494664e+00 0.000000000000000000e+00
-2.207455960163617448e+00 -7.440296782237579287e-03 0.000000000000000000e+00 -2.058275059394384932e-01 1.655185202209188855e+00 0.000000000000000000e+00
-1.589478624815881869e+00 -1.616167785109631772e-03 0.000000000000000000e+00 3.304978010076037864e-01 8.237594083810049206e-01 0.000000000000000000e+00
-2.392756355129367574e+00 -6.060073298313478976e-03 0.000000000000000000e+00 1.198751924800255386e-01 1.884110860832883372e+00 0.000000000000000000e+00
-2.438677667845798425e+00 8.376875760875821322e-03 0.000000000000000000e+00 -5.077703668704344753e-02 1.941088242736176639e+00 0.000000000000000000e+00
-2.032337343024503973e+00 -3.492185692042481561e-03 0.000000000000000000e+00 -2.429246385442301592e-01 1.434766633559641846e+00 0.000000000000000000e+00
-1.702428079921863624e+00 4.170250307139270959e-03 0.000000000000000000e+00 3.137592871440324505e-01 9.887904439105084098e-01 0.000000000000000000e+00
-2.348530683051642143e+00 6.469996688346357772e-04 0.000000000000000000e+00 1.242177518034586342e-01 1.831620757631822638e+00 0.000000000000000000e+00
-2.418897938438936634e+00 -7.106638193653220387e-03 0.000000000000000000e+00 -4.792982872710548070e-02 1.917996798820676752e+00 0.000000000000000000e+00
-2.115171094951864283e+00 -6.629952229712660072e-04 0.000000000000000000e+00 -2.079278502508732918e-01 1.542510366559427304e+00 0.000000000000000000e+00
-1.374508195464788640e+00 -1.758634859519210385e-03 0.000000000000000000e+00 3.219130901771999342e-01 4.937889265264691074e-01 0.000000000000000000e+00
-2.194768056383216148e+00 4.554237003135938600e-03 0.000000000000000000e+00 1.828417822975906826e-01 1.642536260327625897e+00 0.000000000000000000e+00
-2.427740444236627493e+00 -6.557644778052745121e-03 0.000000000000000000e+00 1.150828063281754757e-02 1.928915550563128356e+00 0.000000000000000000e+00
-2.285803314813726672e+00 1.809534474092149882e-03 0.000000000000000000e+00 -1.432636405938940150e-01 1.755680489506504571e+00 0.000000000000000000e+00
-1.618908748820218735e+00 3.689263362463619800e-03 0.000000000000000000e+00 -3.170596175071265233e-01 8.711137415080472124e-01 0.000000000000000000e+00
-2.028184682191493948e+00 1.064791571714856708e-03 0.000000000000000000e+00 2.369632263673822348e-01 1.430580690262157395e+00 0.000000000000000000e+00
-2.410964016984292968e+00 6.433035204823783076e-03 0.000000000000000000e+00 6.915650888297725229e-02 1.908040934811964462e+00 0.000000000000000000e+00
-2.431153240653265435e+00 1.297567623852746710e-03 0.000000000000000000e+00 -1.184063950053003966e-01 1.929304313751750044e+00 0.000000000000000000e+00
-1.554826378902594453e+00 1.638054661349140715e-03 0.000000000000000000e+00 -3.365082220567198190e-01 7.704943531902334053e-01 0.000000000000000000e+00
-2.284879948463696575e+00 2.722559701111376684e-03 0.000000000000000000e+00 1.848112765248187128e-01 1.750691450776383995e+00 0.000000000000000000e+00
-2.530069602165116116e+00 -9.585944266274765146e-04 0.000000000000000000e+00 -2.553715721457804066e-02 2.047966439315745291e+00 0.000000000000000000e+00
-2.106918962870810041e+00 -3.443736188016759472e-03 0.000000000000000000e+00 -2.396725981225087121e-01 1.527744413226897802e+00 0.000000000000000000e+00
-1.866519845746143602e+00 5.086035293612727048e-03 0.000000000000000000e+00 2.976936176708521176e-01 1.212389674290720532e+00 0.000000000000000000e+00
-2.492867754674264358e+00 1.116714316267086726e-03 0.000000000000000000e+00 7.527483645180832461e-02 2.003518720007650522e+00 0.000000000000000000e+00
-2.435264934097418621e+00 -3.559289244395594243e-03 0.000000000000000000e+00 -1.415848400165639620e-01 1.932568302359758849e+00 0.000000000000000000e+00
-1.282888655967791447e+00 7.663352980530838826e-04 0.000000000000000000e+00 3.158798603389783577e-01 3.288436784795289447e-01 0.000000000000000000e+00
-2.452599635098005937e+00 7.884052066404054898e-03 0.000000000000000000e+00 1.368265923672659090e-01 1.953232352707801933e+00 0.000000000000000000e+00
-2.457799255014312401e+00 6.473595579551974510e-03 0.000000000000000000e+00 -6.954651130880050436e-02 1.962852589453479624e+00 0.000000000000000000e+00
-1.914424162871827040e+00 2.206965013209660764e-03 0.000000000000000000e+00 -2.762871051375440645e-01 1.279245480361390186e+00 0.000000000000000000e+00
-1.972704003766629022e+00 -3.992556921162597125e-03 0.000000000000000000e+00 2.614460393962216300e-01 1.356515998042694626e+00 0.000000000000000000e+00
-2.469854992496490986e+00 6.472728301685146124e-03 0.000000000000000000e+00 6.841166501422854540e-02 1.976962810181658536e+00 0.000000000000000000e+00
-2.403246911024337074e+00 1.606188848471606923e-03 0.000000000000000000e+00 -1.325416139997888654e-01 1.895603643402901550e+00 0.000000000000000000e+00
-1.423650861567999693e+00 -1.156887559933747478e-03 0.000000000000000000e+00 -3.376076211582247910e-01 5.663512581355003572e-01 0.000000000000000000e+00
-2.325954538367140945e+00 -3.157055040879541696e-03 0.000000000000000000e+00 1.648895778035179283e-01 1.801616601626066627e+00 0.000000000000000000e+00
-2.519623214815343459e+00 5.533553262029450304e-03 0.000000000000000000e+00 -3.315248643932144912e-02 2.035749489133286350e+00 0.000000000000000000e+00
-2.055007770305565806e+00 -2.095617691304355913e-03 0.000000000000000000e+00 -2.515773728824526323e-01 1.461533191608340498e+00 0.000000000000000000e+00
-1.918189314817287938e+00 2.349885689813995329e-04 0.000000000000000000e+00 2.829484828011978870e-01 1.282622471094168493e+00 0.000000000000000000e+00
-2.497126267468998684e+00 -2.216530102153752013e-03 0.000000000000000000e+00 6.438376908300857959e-02 2.008854337798808842e+00 0.000000000000000000e+00
-2.408323975143948026e+00 -2.986379185789665713e-03 0.000000000000000000e+00 -1.445453437617312542e-01 1.900702027620555068e+00 0.000000000000000000e+00
-1.216886176103346706e+00 4.355646022968944799e-04 0.000000000000000000e+00 2.869439087118578202e-01 2.125187322406150714e-01 0.000000000000000000e+00
-1.202829499180685158e+00 -2.142101624592910800e-04 0.000000000000000000e+00 -2.789487073953300644e-01 1.867776839376898979e-01 0.000000000000000000e+00
-2.409733222345613157e+00 4.814679279327382933e-03 0.000000000000000000e+00 1.453484041955707962e-01 1.902302077182984608e+00 0.000000000000000000e+00
-2.495530999098837022e+00 1.997505235415891756e-03 0.000000000000000000e+00 -6.499388399570815711e-02 2.006978803514454235e+00 0.000000000000000000e+00
-1.917141055061361232e+00 -1.910044215218273389e-03 0.000000000000000000e+00 -2.840750079493205571e-01 1.281029017542664405e+00 0.000000000000000000e+00
-2.053294271505436086e+00 -3.413271237418954995e-03 0.000000000000000000e+00 2.478445641572030733e-01 1.460042425287610302e+00 0.000000000000000000e+00
-2.517749795872793239e+00 6.580981470288793655e-03 0.000000000000000000e+00 4.416974201135083489e-02 2.033369402334428422e+00 0.000000000000000000e+00
-2.327674148333762627e+00 -7.394695850528251735e-03 0.000000000000000000e+00 -1.721353203969621659e-01 1.802994901069645994e+00 0.000000000000000000e+00
-1.407844337371286336e+00 1.281121008299395542e-03 0.000000000000000000e+00 3.363774095476567694e-01 5.409289294020491745e-01 0.000000000000000000e+00
-2.398516432808695420e+00 3.399871241823993612e-03 0.000000000000000000e+00 1.384498093566827182e-01 1.889616288750928019e+00 0.000000000000000000e+00
-2.474305032137084304e+00 3.832755404640418584e-03 0.000000000000000000e+00 -5.861921660947121832e-02 1.982460259072766684e+00 0.000000000000000000e+00
-1.974457242459317641e+00 1.652682496186642924e-03 0.000000000000000000e+00 -2.632654865069102845e-01 1.358378679097921538e+00 0.000000000000000000e+00
-1.919997138554875749e+00 5.454048811502840155e-03 0.000000000000000000e+00 2.807576433440914787e-01 1.285433882041311371e+00 0.000000000000000000e+00
-2.462819809415678129e+00 5.485838424813496705e-03 0.000000000000000000e+00 7.728166092344040949e-02 1.968423937571183835e+00 0.000000000000000000e+00
-2.440069664284443274e+00 2.010197181654148346e-03 0.000000000000000000e+00 -1.291090908206923848e-01 1.939072302267927927e+00 0.000000000000000000e+00
-1.336411639252229389e+00 -1.906265991654110259e-04 0.000000000000000000e+00 -3.286777943821551640e-01 4.214728079881572831e-01 0.000000000000000000e+00
-2.403661275640851080e+00 8.567217330437124079e-03 0.000000000000000000e+00 1.542686285101357302e-01 1.894465419741131473e+00 0.000000000000000000e+00
-2.510449578112083024e+00 -5.615047550158625000e-03 0.000000000000000000e+00 -7.021303284991563254e-02 2.024155570537239157e+00 0.000000000000000000e+00
-1.905049268415903274e+00 2.269487711129974938e-03 0.000000000000000000e+00 -2.864976644332042355e-01 1.264935263709787705e+00 0.000000000000000000e+00
-2.100268588596636565e+00 7.230297128361414492e-03 0.000000000000000000e+00 2.462070630570101226e-01 1.518517780051076738e+00 0.000000000000000000e+00
-2.538529150877555374e+00 -7.854625885347618630e-03 0.000000000000000000e+00 1.795634825081240254e-02 2.057863729373906381e+00 0.000000000000000000e+00
-2.282846346713467423e+00 8.552386343910724914e-03 0.000000000000000000e+00 -1.794458932051086197e-01 1.748837391113060802e+00 0.000000000000000000e+00
-1.607415628499440530e+00 -3.745559409982911203e-03 0.000000000000000000e+00 3.326505106161913305e-01 8.488051232614313157e-01 0.000000000000000000e+00
-2.454403170969885029e+00 7.181974751813965940e-03 0.000000000000000000e+00 1.163855804495271817e-01 1.956665332087441200e+00 0.000000000000000000e+00
-2.277523548489013727e+00 -4.575694051027990802e-04 0.000000000000000000e+00 -3.640336007751525382e-02 1.751290070779427444e+00 0.000000000000000000e+00
-2.179250309321492551e+00 1.999789644955368706e-03 0.000000000000000000e+00 -1.255454456115006889e-01 1.629172422578009760e+00 0.000000000000000000e+00
-1.935173934807539187e+00 1.912338176837916244e-03 0.000000000000000000e+00 -2.228128985377978988e-01 1.315993934496105577e+00 0.000000000000000000e+00
-1.485529362462833625e+00 -1.889097600573144339e-03 0.000000000000000000e+00 -3.099341310775000080e-01 6.783600898013817382e-01 0.000000000000000000e+00
-1.671405381358246789e+00 1.213578954890256589e-03 0.000000000000000000e+00 2.879427073338806653e-01 9.541381326397457840e-01 0.000000000000000000e+00
-2.033110753352512567e+00 4.505942686559252786e-03 0.000000000000000000e+00 1.947548266857402899e-01 1.443061410635874342e+00 0.000000000000000000e+00
-2.228338802306304878e+00 -1.309248210832072989e-03 0.000000000000000000e+00 9.467641838131647669e-02 1.690308852597781630e+00 0.000000000000000000e+00
-2.272357613651164954e+00 -5.360500897741954374e-03 0.000000000000000000e+00 5.183372457182075510e-03 1.745518408768486074e+00 0.000000000000000000e+00
-2.269892388732935196e+00 -7.855953926684866584e-03 0.000000000000000000e+00 -8.903462142572596272e-02 1.740322501594511850e+00 0.000000000000000000e+00
-2.056472952151968681e+00 5.112249861474210677e-03 0.000000000000000000e+00 -1.882510440549702013e-01 1.472850606078199398e+00 0.000000000000000000e+00
-1.610174165536295554e+00 -3.706084876881975132e-03 0.000000000000000000e+00 -3.033394741186593024e-01 8.636309584948356211e-01 0.000000000000000000e+00
-1.661493475007614684e+00 2.122360133520902886e-03 0.000000000000000000e+00 2.949327986464961859e-01 9.383028374451857223e-01 0.000000000000000000e+00
-2.081871017698861515e+00 -6.429133649189448796e-03 0.000000000000000000e+00 1.778024281351571756e-01 1.505446376712741507e+00 0.000000000000000000e+00
-2.280048037303728403e+00 -8.215686390733563382e-03 0.000000000000000000e+00 6.727122453734397933e-02 1.753400512010545809e+00 0.000000000000000000e+00
-2.242122964089606540e+00 -9.357627496657250354e-04 0.000000000000000000e+00 -1.038857880698912384e-02 1.709416330631685632e+00 0.000000000000000000e+00
-2.224357656605259415e+00 -6.444551717802241009e-05 0.000000000000000000e+00 -8.156337825130974273e-02 1.686219022483804508e+00 0.000000000000000000e+00
-2.082383936212230502e+00 1.063459708821642979e-03 0.000000000000000000e+00 -1.634374899157262639e-01 1.507691981247525792e+00 0.000000000000000000e+00
-1.824259501640446590e+00 -2.643838006699539278e-03 0.000000000000000000e+00 -2.512826869312672073e-01 1.167994769363617458e+00 0.000000000000000000e+00
-1.374093098179046235e+00 -1.303785854874103811e-03 0.000000000000000000e+00 -3.060516102870486366e-01 5.030878468162933714e-01 0.000000000000000000e+00
-1.671283619320909297e+00 1.684597207841057216e-03 0.000000000000000000e+00 2.841472493754897966e-01 9.551097156092529517e-01 0.000000000000000000e+00
-1.990040769729594761e+00 -4.233167320477820850e-03 0.000000000000000000e+00 1.968746811414308073e-01 1.389104074085882434e+00 0.000000000000000000e+00
-2.177495823293218891e+00 7.290885844149098266e-03 0.000000000000000000e+00 1.214984566931896076e-01 1.627373902230464964e+00 0.000000000000000000e+00
-2.254442994664827005e+00 -6.505945059239279238e-03 0.000000000000000000e+00 3.148353399645228284e-02 1.723885997438742379e+00 0.000000000000000000e+00
1.037036902460431786e+00 1.169837750568721718e-04 0.000000000000000000e+00 -1.484098885491457950e-02 1.315094417956404749e-01 0.000000000000000000e+00
