1.001313524564667379e+00 1.207210720680731032e-03 0.000000000000000000e+00 -1.307784982347518499e-01 3.406815138092164075e-01 0.000000000000000000e+00
1.024614590615056553e+00 8.362159978105037804e-05 0.000000000000000000e+00 1.097105829102994479e-01 9.410524970806054268e-02 0.000000000000000000e+00
-1.597711512944776757e+00 3.076068572982787463e-03 0.000000000000000000e+00 1.558821521766525775e-01 8.850206430021585469e-01 0.000000000000000000e+00
-1.709923546712247333e+00 4.404790482854650802e-03 0.000000000000000000e+00 -7.508486315080975526e-02 1.044477847128323589e+00 0.000000000000000000e+00
-1.317397457316824783e+00 -1.465226051025232679e-03 0.000000000000000000e+00 2.228568668477245440e-01 4.551155860376717710e-01 0.000000000000000000e+00
-1.730865877356105864e+00 8.550799238404571678e-04 0.000000000000000000e+00 2.861110251461542256e-02 1.074078083138012563e+00 0.000000000000000000e+00
-1.505828247655600638e+00 1.144275729923079597e-04 0.000000000000000000e+00 -1.865336826384427216e-01 7.509897649636062544e-01 0.000000000000000000e+00
-1.770830004121206391e+00 -4.124362419138272173e-03 0.000000000000000000e+00 9.037659230995329085e-02 1.122573223558624989e+00 0.000000000000000000e+00
-1.418538457034555833e+00 -3.225773363286360551e-05 0.000000000000000000e+00 -2.334482513224407363e-01 6.088951675712551692e-01 0.000000000000000000e+00
-1.827181540664611026e+00 4.781970873259933086e-03 0.000000000000000000e+00 -3.850576890012960551e-03 1.198435924601357616e+00 0.000000000000000000e+00
-1.469326288365659039e+00 3.204524000198924472e-03 0.000000000000000000e+00 2.251813998548806983e-01 6.873722743587256101e-01 0.000000000000000000e+00
-1.755063741254863308e+00 3.656333080584391049e-03 0.000000000000000000e+00 -1.020542049803790791e-01 1.101125396615853180e+00 0.000000000000000000e+00
-1.206609370353825872e+00 -5.958074441303623254e-04 0.000000000000000000e+00 1.999950476427228285e-01 2.767365766960012685e-01 0.000000000000000000e+00
-1.544075313389816628e+00 1.767487471801004392e-03 0.000000000000000000e+00 1.508488642351145104e-01 8.122657582603380888e-01 0.000000000000000000e+00
-1.686338784158713189e+00 -2.304743529289166037e-04 0.000000000000000000e+00 6.216517634676239912e-03 1.016257097137212018e+00 0.000000000000000000e+00
-1.568090690508097573e+00 1.306986748967613188e-03 0.000000000000000000e+00 -1.370541178508845326e-01 8.477305555111515067e-01 0.000000000000000000e+00
-1.184648144627098887e+00 5.784928371580489413e-04 0.000000000000000000e+00 -1.987420081192571297e-01 2.351624377818021250e-01 0.000000000000000000e+00
-1.586791119703339970e+00 -2.035060063470886527e-03 0.000000000000000000e+00 1.386033836243927841e-01 8.730332254716219875e-01 0.000000000000000000e+00
-1.699930929729061457e+00 3.511984803441968450e-03 0.000000000000000000e+00 -3.452643532856431580e-02 1.033526983384720932e+00 0.000000000000000000e+00
-1.408330889798072194e+00 -1.008158008177616888e-04 0.000000000000000000e+00 -2.037973429721741669e-01 6.042221295787364443e-01 0.000000000000000000e+00
-1.696956783420580983e+00 -4.280402973109554733e-03 0.000000000000000000e+00 1.091701136359161939e-01 1.024409919430354199e+00 0.000000000000000000e+00
-1.620155343769994039e+00 4.557553876642968932e-03 0.000000000000000000e+00 -1.537911122852892443e-01 9.158591481415081503e-01 0.000000000000000000e+00
-1.983183764124072823e+00 -2.378129381744593929e-03 0.000000000000000000e+00 3.502134807024517849e-02 1.394037911398465335e+00 0.000000000000000000e+00
-1.864836159597055731e+00 -4.321513906885003642e-03 0.000000000000000000e+00 1.338762867234946641e-01 1.239054444274054756e+00 0.000000000000000000e+00
-1.591987686626444409e+00 4.254863295808711948e-03 0.000000000000000000e+00 2.410226126409138470e-01 8.577408686400230797e-01 0.000000000000000000e+00
-1.393519400779521966e+00 1.550709556035039134e-03 0.000000000000000000e+00 -2.674195590441406645e-01 5.556094026137532449e-01 0.000000000000000000e+00
-1.770258641207345107e+00 -4.402769936215161772e-03 0.000000000000000000e+00 -1.847542351556396012e-01 1.110201820712779064e+00 0.000000000000000000e+00
-1.945880192863296498e+00 -4.732253530823245236e-03 0.000000000000000000e+00 -8.226571202554523732e-02 1.345578402450841482e+00 0.000000000000000000e+00
-2.049921147078272110e+00 5.216120154071086923e-03 0.000000000000000000e+00 4.189325975816206304e-03 1.476785611015957622e+00 0.000000000000000000e+00
-1.947166229744733856e+00 3.619165863205042744e-03 0.000000000000000000e+00 8.131362859059483583e-02 1.347240490491925957e+00 0.000000000000000000e+00
-1.774745572013008088e+00 -2.393636269488894075e-03 0.000000000000000000e+00 1.790883409972774398e-01 1.116981904596620945e+00 0.000000000000000000e+00
-1.403976352696866936e+00 6.194339885096794562e-05 0.000000000000000000e+00 2.677551126067135856e-01 5.719122833253518223e-01 0.000000000000000000e+00
-1.584053207968168175e+00 3.659510270846207808e-03 0.000000000000000000e+00 -2.389317387983684871e-01 8.472386400723918021e-01 0.000000000000000000e+00
-1.858270090705198108e+00 -2.049699822048237086e-03 0.000000000000000000e+00 -1.423629486231684504e-01 1.229733305698501589e+00 0.000000000000000000e+00
-1.980922671044306194e+00 -5.464730669831510679e-03 0.000000000000000000e+00 -4.522210959878797398e-02 1.390947006703858069e+00 0.000000000000000000e+00
-1.279248843701262572e+00 4.835918853670941042e-04 0.000000000000000000e+00 2.057324597211082629e-01 4.008654955107296969e-01 0.000000000000000000e+00
-1.551214198461887239e+00 1.253370790105332033e-03 0.000000000000000000e+00 1.375509450207060835e-01 8.244679282296537570e-01 0.000000000000000000e+00
-1.666999349426401711e+00 -2.924529188969370030e-03 0.000000000000000000e+00 1.812066020076730580e-02 9.906595814716098181e-01 0.000000000000000000e+00
-1.610388522517567367e+00 3.153829878037854584e-03 0.000000000000000000e+00 -9.661445399047420557e-02 9.105190401082914331e-01 0.000000000000000000e+00
-1.376555748222624498e+00 1.634967770585159241e-03 0.000000000000000000e+00 -1.963632637784425983e-01 5.588900264948782892e-01 0.000000000000000000e+00
1.010072196555654944e+00 -7.529031529204376766e-04 0.000000000000000000e+00 -1.306430237258097149e-01 1.616624936173214899e-01 0.000000000000000000e+00
9.018099029934869559e-01 -4.640604053891979851e-04 0.000000000000000000e+00 1.527618761510740608e-01 1.182648716786261073e-01 0.000000000000000000e+00
-1.145728799525899788e+00 -1.122871575076917622e-04 0.000000000000000000e+00 9.307215004150702978e-04 2.479218821452531529e-01 0.000000000000000000e+00
9.983877270825207706e-01 -1.422826175986352526e-03 0.000000000000000000e+00 -1.918593049435904085e-01 1.183950420504870926e-01 0.000000000000000000e+00
9.456057837817208878e-01 -1.329072518576448808e-04 0.000000000000000000e+00 -1.287648591230632633e-01 4.969877716249741784e-02 0.000000000000000000e+00
8.259927074580213358e-01 1.458881001145374140e-03 0.000000000000000000e+00 -5.772334446111890283e-02 3.233253069419833592e-01 0.000000000000000000e+00
-9.916810773833800718e-01 4.022023629730143253e-05 0.000000000000000000e+00 4.595028970579090322e-02 3.624987527420642924e-02 0.000000000000000000e+00
8.225228255596961358e-01 -1.303361118763295915e-04 0.000000000000000000e+00 4.327482418392396279e-02 3.323243365324484166e-01 0.000000000000000000e+00
-9.926998843113417070e-01 4.243148641887588193e-05 0.000000000000000000e+00 3.685210296364607035e-02 4.493009473246252494e-02 0.000000000000000000e+00
8.311284119516763047e-01 -5.710035735354856458e-04 0.000000000000000000e+00 -4.789222875799790946e-02 3.149802731299409242e-01 0.000000000000000000e+00
9.028909116099954613e-01 5.025456273215159891e-04 0.000000000000000000e+00 1.168978903743699282e-01 1.516658986885714988e-01 0.000000000000000000e+00
9.754284583748391579e-01 1.406470182228746087e-04 0.000000000000000000e+00 -1.109272248721262927e-01 9.431624662262046155e-02 0.000000000000000000e+00
9.627119404401935920e-01 -2.863299409438494099e-04 0.000000000000000000e+00 4.891858115988118039e-02 1.237514445794878487e-01 0.000000000000000000e+00
9.286042397340124044e-01 -3.401161793317748067e-04 0.000000000000000000e+00 -3.684628762785559231e-02 1.505782062369064866e-01 0.000000000000000000e+00
8.578178508072977770e-01 1.096966247665868283e-04 0.000000000000000000e+00 -2.292228183771118921e-01 1.403385599491108193e-01 0.000000000000000000e+00
6.623741681917612034e-01 -2.960113753873224590e-04 0.000000000000000000e+00 -2.397320829519069552e-01 6.350621912770119115e-01 0.000000000000000000e+00
6.001417933675463612e-01 3.247478589013778547e-03 0.000000000000000000e+00 -4.385704318528536871e-02 8.323547393273692530e-01 0.000000000000000000e+00
6.291225982796522231e-01 9.495310490300924722e-04 0.000000000000000000e+00 1.821534094587556329e-01 7.375368269476996197e-01 0.000000000000000000e+00
7.690134310791698624e-01 4.369099876097909049e-04 0.000000000000000000e+00 2.744919143291609798e-01 3.468646970294800846e-01 0.000000000000000000e+00
6.052737625537700783e-01 -1.045277747834775714e-03 0.000000000000000000e+00 2.966114078189626135e-01 7.647140989255040155e-01 0.000000000000000000e+00
5.413621618442138184e-01 4.208839410414709839e-03 0.000000000000000000e+00 1.182498266527411274e-01 9.873500306718956399e-01 0.000000000000000000e+00
-9.537818325467437575e-01 1.558315192376883741e-04 0.000000000000000000e+00 -4.927255403722526073e-02 8.615115739835446651e-02 0.000000000000000000e+00
5.386273412721704901e-01 2.114614144511646476e-03 0.000000000000000000e+00 -1.088024513766437107e-01 9.964168684083767324e-01 0.000000000000000000e+00
6.000228737824935266e-01 -3.500305435121617986e-03 0.000000000000000000e+00 -2.851397167956411516e-01 7.835569658837249207e-01 0.000000000000000000e+00
7.520469287310331818e-01 1.504420623248449180e-03 0.000000000000000000e+00 -2.898846701552204586e-01 3.798939825405084347e-01 0.000000000000000000e+00
6.584758137419262081e-01 -3.060203607711482320e-03 0.000000000000000000e+00 -2.490911912095771508e-01 6.414063562179744826e-01 0.000000000000000000e+00
5.999419949743221014e-01 2.111783884803475602e-03 0.000000000000000000e+00 -1.115202608577684218e-01 8.265555677857761019e-01 0.000000000000000000e+00
5.954653580451424455e-01 3.834199050827472380e-03 0.000000000000000000e+00 7.152106258796850358e-02 8.427015515693208059e-01 0.000000000000000000e+00
6.404177457430160203e-01 -2.487946894619266248e-03 0.000000000000000000e+00 2.306591058455441656e-01 6.944712576657157133e-01 0.000000000000000000e+00
7.362740626319741466e-01 1.315803652632762874e-04 0.000000000000000000e+00 2.888725199937524635e-01 4.222030552638184608e-01 0.000000000000000000e+00
6.573103231360526433e-01 -1.154106472921224980e-04 0.000000000000000000e+00 3.125101000003767115e-01 6.161628950820221551e-01 0.000000000000000000e+00
5.815245353542721762e-01 3.653164209538755248e-03 0.000000000000000000e+00 2.357517158125795320e-01 8.506915704909054909e-01 0.000000000000000000e+00
5.437299001562598821e-01 -2.976565210853748117e-03 0.000000000000000000e+00 9.036381540946170077e-02 9.834789800271168669e-01 0.000000000000000000e+00
-9.588191501967605612e-01 -1.699198151107793667e-04 0.000000000000000000e+00 3.678918534251904640e-03 9.193544602536248000e-02 0.000000000000000000e+00
5.442462744258420582e-01 -1.195298023770913209e-03 0.000000000000000000e+00 -8.803701328958737915e-02 9.822233508823041692e-01 0.000000000000000000e+00
5.805951872211497777e-01 1.242350348334806884e-03 0.000000000000000000e+00 -2.405626687839774180e-01 8.519677146663801048e-01 0.000000000000000000e+00
6.595345037150043277e-01 -2.794224889564001987e-03 0.000000000000000000e+00 -3.106792496861562336e-01 6.111174526496871984e-01 0.000000000000000000e+00
7.359971989799639625e-01 2.719942901562143883e-04 0.000000000000000000e+00 -2.890013247075455816e-01 4.228392068565461348e-01 0.000000000000000000e+00
6.406145402769989339e-01 8.370048342583925362e-04 0.000000000000000000e+00 -2.289766615750877254e-01 6.945314559021258383e-01 0.000000000000000000e+00
5.949287008039395586e-01 1.200750669909680240e-03 0.000000000000000000e+00 -7.319004617759866660e-02 8.440025622386290172e-01 0.000000000000000000e+00
6.008118055109930022e-01 1.433951519410488727e-03 0.000000000000000000e+00 1.111491223123999422e-01 8.243254639254042893e-01 0.000000000000000000e+00
6.577153348332720473e-01 -2.012143810772842618e-03 0.000000000000000000e+00 2.531930303200246035e-01 6.417637034503821392e-01 0.000000000000000000e+00
7.544162046816837996e-01 -3.846214752324297187e-04 0.000000000000000000e+00 2.889338208917288098e-01 3.743182712774102416e-01 0.000000000000000000e+00
5.942133654517112173e-01 7.127740167281030638e-04 0.000000000000000000e+00 2.836412095958149027e-01 8.002844194330590577e-01 0.000000000000000000e+00
5.356507286874416796e-01 -3.976090364314691095e-03 0.000000000000000000e+00 9.475397633554116794e-02 1.006501656662155186e+00 0.000000000000000000e+00
5.439329342405525569e-01 -4.039403706947471487e-03 0.000000000000000000e+00 -1.413511708441267944e-01 9.768485879419422924e-01 0.000000000000000000e+00
6.198162323936153850e-01 1.765945805483649933e-04 0.000000000000000000e+00 -3.107004630066643180e-01 7.187848413464511532e-01 0.000000000000000000e+00
8.834931695331491586e-01 3.052693952237299849e-05 0.000000000000000000e+00 2.161177255366870109e-01 5.645175397736605649e-02 0.000000000000000000e+00
8.100705281472908581e-01 -1.403402969831107124e-04 0.000000000000000000e+00 -2.257010942396144304e-01 2.797103628718773383e-01 0.000000000000000000e+00
6.965269996092580129e-01 5.649238589965598079e-04 0.000000000000000000e+00 1.837329598534930553e-01 5.706617745811726206e-01 0.000000000000000000e+00
6.450378341945937066e-01 -7.367522490147986047e-04 0.000000000000000000e+00 -5.537618152137017968e-02 7.183631435439419288e-01 0.000000000000000000e+00
7.891112975193457224e-01 -5.731559934814643015e-04 0.000000000000000000e+00 -1.916298118087060853e-01 3.524809874725680636e-01 0.000000000000000000e+00
7.043332120284946374e-01 8.076408767044959865e-04 0.000000000000000000e+00 -7.473440518686286227e-02 5.770626038551689430e-01 0.000000000000000000e+00
7.162013950980222754e-01 2.660480963638914547e-03 0.000000000000000000e+00 1.109121475079702379e-01 5.442254442596896613e-01 0.000000000000000000e+00
8.058129456728286844e-01 1.092273411889388424e-03 0.000000000000000000e+00 1.967707288042806479e-01 3.107493662038515736e-01 0.000000000000000000e+00
6.404183845923090423e-01 -1.974550730181743891e-03 0.000000000000000000e+00 -1.707537827352869908e-01 7.115749633663575047e-01 0.000000000000000000e+00
6.258727316479744118e-01 -1.702931994916726671e-03 0.000000000000000000e+00 1.299328807209422787e-01 7.567375623272074581e-01 0.000000000000000000e+00
8.630129690946486409e-01 1.232337445892725536e-04 0.000000000000000000e+00 2.188250535969160082e-01 1.392234903667147194e-01 0.000000000000000000e+00
-1.128576727579393424e+00 -5.171459592850937391e-04 0.000000000000000000e+00 1.771977620024054595e-02 2.206357871212256405e-01 0.000000000000000000e+00
9.183244018270206865e-01 -5.733138755444969203e-04 0.000000000000000000e+00 6.213394118936586830e-02 1.566385674295270869e-01 0.000000000000000000e+00
9.704584833476083139e-01 -4.254179120376164192e-04 0.000000000000000000e+00 -7.450943895452724619e-02 1.163965938368761999e-01 0.000000000000000000e+00
1.020462269653605869e+00 2.755512378311013484e-04 0.000000000000000000e+00 8.914903302482671266e-02 1.256366230209162993e-01 0.000000000000000000e+00
-1.732487695359643309e+00 -2.732478602570156956e-04 0.000000000000000000e+00 1.195406839006510902e-01 1.069911767139689829e+00 0.000000000000000000e+00
-1.525136370682542708e+00 -2.113394224752557921e-03 0.000000000000000000e+00 -2.106338178530004768e-01 7.720927619815887155e-01 0.000000000000000000e+00
-1.826111224479510575e+00 3.757516002969649941e-03 0.000000000000000000e+00 2.627371128500403247e-02 1.196788185047828801e+00 0.000000000000000000e+00
-1.359292765186411955e+00 2.531448950957478072e-03 0.000000000000000000e+00 2.416307570038103147e-01 5.135756536764368718e-01 0.000000000000000000e+00
-1.783751565864960309e+00 -5.081135041077017300e-03 0.000000000000000000e+00 -8.765519974718102847e-02 1.139480679864033119e+00 0.000000000000000000e+00
-1.565455335648629154e+00 -3.419395143610753918e-03 0.000000000000000000e+00 1.758437975018097010e-01 8.369052973225029612e-01 0.000000000000000000e+00
-1.725798436686913018e+00 -2.862267917629314484e-03 0.000000000000000000e+00 -8.527510993402072359e-02 1.064461490483608053e+00 0.000000000000000000e+00
-1.426665582164955426e+00 -1.701496606694632291e-03 0.000000000000000000e+00 2.111382033173822004e-01 6.291028030307302954e-01 0.000000000000000000e+00
-1.746056510672675088e+00 2.003789647680538286e-03 0.000000000000000000e+00 -1.284369390296939868e-02 1.094106380119850730e+00 0.000000000000000000e+00
-1.313761577741449305e+00 -1.764772428413588848e-03 0.000000000000000000e+00 -2.267567084164737734e-01 4.472343204471581624e-01 0.000000000000000000e+00
-1.731279726163848398e+00 2.300570315367057167e-03 0.000000000000000000e+00 6.480532608883578238e-02 1.073046319065017684e+00 0.000000000000000000e+00
-1.544066305872261680e+00 -3.264480597032846931e-03 0.000000000000000000e+00 -1.824844972325732617e-01 8.057420603463747444e-01 0.000000000000000000e+00
-1.779116558595740472e+00 3.864395051362195382e-03 0.000000000000000000e+00 9.074970839027002301e-02 1.133253344794985740e+00 0.000000000000000000e+00
-1.381032188283786599e+00 -1.784633411413200695e-03 0.000000000000000000e+00 -2.395000230089660287e-01 5.488102817360422936e-01 0.000000000000000000e+00
-1.827402566556326935e+00 4.094443388320656574e-03 0.000000000000000000e+00 -1.572553574100424983e-02 1.198620938894267240e+00 0.000000000000000000e+00
-1.513084759004889479e+00 -2.388985341878211224e-03 0.000000000000000000e+00 2.119608292653527015e-01 7.545853211250093118e-01 0.000000000000000000e+00
-1.738291488663345596e+00 1.537140927233032750e-03 0.000000000000000000e+00 -1.154816771209178639e-01 1.077941299127827435e+00 0.000000000000000000e+00
1.037816692236311678e+00 -1.012853862483167541e-04 0.000000000000000000e+00 -1.124187219230966817e-01 6.928941830857712758e-02 0.000000000000000000e+00
-1.140911489440817661e+00 1.148100517264018933e-03 0.000000000000000000e+00 -3.281300404423677375e-02 2.382221855759412699e-01 0.000000000000000000e+00
9.039121218063266294e-01 6.561620728900805378e-04 0.000000000000000000e+00 -3.314077883970877048e-02 1.869831780151339218e-01 0.000000000000000000e+00
-1.105062552417355626e+00 -3.287667954477591775e-04 0.000000000000000000e+00 -2.057630639473150697e-02 1.837558953397943062e-01 0.000000000000000000e+00
-9.534023734359369229e-01 -2.690286339911222282e-05 0.000000000000000000e+00 -9.893973944781214724e-02 1.328704573451772696e-02 0.000000000000000000e+00
8.398105477507813443e-01 -1.377097312882774030e-03 0.000000000000000000e+00 -1.229875044095009723e-01 2.759831091040053641e-01 0.000000000000000000e+00
8.082814879546562636e-01 -1.787609959552930936e-04 0.000000000000000000e+00 -5.059152584287578136e-02 3.593937194525211876e-01 0.000000000000000000e+00
-1.108233307275819701e+00 4.760297267041736086e-04 0.000000000000000000e+00 9.566590129071339543e-02 1.639391853107800279e-01 0.000000000000000000e+00
9.917966197959737773e-01 -1.063538108704097530e-03 0.000000000000000000e+00 4.127528272175484680e-02 2.280132573891999193e-01 0.000000000000000000e+00
-1.110189184795965733e+00 6.405340077997017517e-04 0.000000000000000000e+00 5.471077572372834430e-02 1.849160037957574554e-01 0.000000000000000000e+00
8.529089363147039915e-01 9.213334208094997504e-04 0.000000000000000000e+00 -1.704211311076470059e-01 2.193404715578288477e-01 0.000000000000000000e+00
7.878592102176296130e-01 1.391576843605349476e-03 0.000000000000000000e+00 1.547368430563716979e-01 3.729061590194606701e-01 0.000000000000000000e+00
-9.774070048358843854e-01 1.905171744708716343e-04 0.000000000000000000e+00 4.057568739250485418e-02 5.599225841422964672e-02 0.000000000000000000e+00
8.015532785110301983e-01 -3.647780241912449914e-04 0.000000000000000000e+00 -1.503341495202061284e-01 3.449226496737302083e-01 0.000000000000000000e+00
8.063220251485326839e-01 -1.856874971234018235e-04 0.000000000000000000e+00 -1.091211070836023422e-01 3.501981415173027745e-01 0.000000000000000000e+00
-1.043909188562556212e+00 -1.021186393575167456e-04 0.000000000000000000e+00 8.383061247277412420e-02 4.231951715946667691e-02 0.000000000000000000e+00
-1.095248525861030053e+00 -3.717066566972200082e-04 0.000000000000000000e+00 -9.515105390443420741e-02 1.405788204220744242e-01 0.000000000000000000e+00
7.601558510485129094e-01 1.059068690147112884e-03 0.000000000000000000e+00 1.263434198679934672e-01 4.431308808661122978e-01 0.000000000000000000e+00
7.316002429614378855e-01 -1.440799812338420041e-03 0.000000000000000000e+00 -8.999167786439633832e-02 5.138566075849243520e-01 0.000000000000000000e+00
8.716382282967720663e-01 -2.147762352809334807e-04 0.000000000000000000e+00 1.709778963400191421e-01 1.740361912066004102e-01 0.000000000000000000e+00
-1.232490984384528865e+00 8.273457780184900745e-04 0.000000000000000000e+00 -8.162627242722239607e-02 3.699569820140350407e-01 0.000000000000000000e+00
-1.261396790609911278e+00 7.560267459707017967e-05 0.000000000000000000e+00 4.648033129743479180e-02 4.198405137912403773e-01 0.000000000000000000e+00
-1.361329390488296820e+00 1.568593092302582315e-03 0.000000000000000000e+00 -1.408525863625460783e-01 5.516104210146304254e-01 0.000000000000000000e+00
-1.486831562569215892e+00 1.949942698823235038e-03 0.000000000000000000e+00 3.579348168886518911e-02 7.458276547327654660e-01 0.000000000000000000e+00
-1.184139194835816866e+00 8.305112578552258096e-04 0.000000000000000000e+00 1.727094769519384454e-01 2.512483220026062170e-01 0.000000000000000000e+00
-1.471023317178305811e+00 1.995014778538190328e-03 0.000000000000000000e+00 -4.200964864922373393e-02 7.235150932080810504e-01 0.000000000000000000e+00
-1.313828262023402971e+00 -5.723905607544520820e-04 0.000000000000000000e+00 1.531138813580462110e-01 4.761512709910596941e-01 0.000000000000000000e+00
-1.439645185437037789e+00 -1.216498710794730251e-03 0.000000000000000000e+00 -2.833152516339280599e-03 6.808340680660227573e-01 0.000000000000000000e+00
-1.315593307522886057e+00 6.116354102165830545e-04 0.000000000000000000e+00 -1.500864616092718595e-01 4.798296641009842656e-01 0.000000000000000000e+00
-1.456086241988690411e+00 2.517743566598488851e-03 0.000000000000000000e+00 5.970050065132812001e-02 7.013579035507606640e-01 0.000000000000000000e+00
-1.195502586169785664e+00 -5.752244825409467011e-04 0.000000000000000000e+00 -1.785785612698359004e-01 2.684172995624417579e-01 0.000000000000000000e+00
-1.476328815906522873e+00 -9.273887085091622740e-04 0.000000000000000000e+00 -7.295178113685413246e-02 7.284679225078878329e-01 0.000000000000000000e+00
-1.466815660023379930e+00 -2.417561647785060330e-03 0.000000000000000000e+00 8.147406339092218286e-02 7.142418271222528148e-01 0.000000000000000000e+00
-1.181896432538019237e+00 9.827814497750052801e-05 0.000000000000000000e+00 1.781697911734143325e-01 2.431234931842505831e-01 0.000000000000000000e+00
-1.453066131528458094e+00 -1.540768671485035629e-03 0.000000000000000000e+00 -5.997558361563451457e-02 6.970916504096960065e-01 0.000000000000000000e+00
-1.303463711248701973e+00 -2.219275807037138226e-03 0.000000000000000000e+00 1.522411730111430384e-01 4.604005624049840040e-01 0.000000000000000000e+00
-1.445072113155469351e+00 -3.354230710483722781e-03 0.000000000000000000e+00 -7.584481413383335063e-04 6.884669500447513357e-01 0.000000000000000000e+00
-1.303993523697461576e+00 3.486862581615415846e-04 0.000000000000000000e+00 -1.537212091196784036e-01 4.607290218528921066e-01 0.000000000000000000e+00
-1.459053917893735619e+00 2.004948619638919488e-03 0.000000000000000000e+00 5.482464309236808470e-02 7.059159441060423035e-01 0.000000000000000000e+00
-1.209961520171757510e+00 6.381711645326096360e-05 0.000000000000000000e+00 -1.777439405434513287e-01 2.951795736809575965e-01 0.000000000000000000e+00
-1.485003067230242557e+00 -3.225841986478614198e-03 0.000000000000000000e+00 -5.970030463155851647e-02 7.417571894949477329e-01 0.000000000000000000e+00
-1.441844102397868088e+00 2.297613221941406658e-03 0.000000000000000000e+00 1.031261351406876359e-01 6.761124274819598767e-01 0.000000000000000000e+00
-1.233873622381722601e+00 1.602191660417496069e-03 0.000000000000000000e+00 1.903613835495440165e-01 3.299782691860292938e-01 0.000000000000000000e+00
1.008856512030206209e+00 3.399632119804335160e-04 0.000000000000000000e+00 -9.620659580328053129e-02 1.943414530602611268e-01 0.000000000000000000e+00
1.028019950244269953e+00 -3.181432041326331126e-04 0.000000000000000000e+00 1.102234761820350406e-01 7.658781322641834699e-02 0.000000000000000000e+00
-1.485871591022430271e+00 1.898122053099610129e-04 0.000000000000000000e+00 1.773143564322564036e-01 7.239558610042230447e-01 0.000000000000000000e+00
-1.694029362426731744e+00 9.028144246227901015e-04 0.000000000000000000e+00 1.870479338973592143e-02 1.025531596976277049e+00 0.000000000000000000e+00
-1.563555137088771030e+00 -2.927940137852032276e-03 0.000000000000000000e+00 -1.464276488803058496e-01 8.391222432538398834e-01 0.000000000000000000e+00
-1.111001343723119872e+00 6.057827612330904735e-05 0.000000000000000000e+00 1.626841474009158295e-01 9.917681984390215588e-02 0.000000000000000000e+00
-1.133026488315877600e+00 -4.512034605960157105e-04 0.000000000000000000e+00 -1.757784862123538683e-01 1.408120421415653412e-01 0.000000000000000000e+00
-1.571768474349824807e+00 -3.074343223623453303e-03 0.000000000000000000e+00 1.419195380702171772e-01 8.511718420115645944e-01 0.000000000000000000e+00
-1.697133854844489420e+00 3.910226720569714293e-03 0.000000000000000000e+00 -2.439526124884007496e-02 1.029489965624716508e+00 0.000000000000000000e+00
-1.446984358501046231e+00 3.316653985125529031e-03 0.000000000000000000e+00 -1.897506478657585705e-01 6.645916160852877175e-01 0.000000000000000000e+00
-1.849869179375038808e+00 -2.635824592941600486e-03 0.000000000000000000e+00 7.379950891514819311e-02 1.224515253433123840e+00 0.000000000000000000e+00
-1.424046294952150404e+00 -2.355837284625426908e-03 0.000000000000000000e+00 2.443862315848202293e-01 6.118567881793061103e-01 0.000000000000000000e+00
-1.728538190135448405e+00 -7.269816754594468633e-04 0.000000000000000000e+00 -1.575005387626242370e-01 1.059148036567126638e+00 0.000000000000000000e+00
-1.898598009061681635e+00 5.208213683733862662e-03 0.000000000000000000e+00 2.033059125148928281e-02 1.288175685557698902e+00 0.000000000000000000e+00
-1.671591449585924316e+00 -3.146066687335288825e-04 0.000000000000000000e+00 1.854967061443494325e-01 9.787675119498162601e-01 0.000000000000000000e+00
-1.507413164294499452e+00 2.763397578481575911e-03 0.000000000000000000e+00 -2.324564771427730658e-01 7.394352328489113280e-01 0.000000000000000000e+00
-1.867901352184677233e+00 1.753258437069454140e-03 0.000000000000000000e+00 -6.533875715884324142e-02 1.247883757600148691e+00 0.000000000000000000e+00
-1.603585569196174010e+00 1.888655871392669328e-03 0.000000000000000000e+00 1.633488147867038776e-01 8.909147911671024822e-01 0.000000000000000000e+00
-1.701180089295577957e+00 -2.987374154638608448e-03 0.000000000000000000e+00 -1.082293144378598249e-01 1.029404530363499326e+00 0.000000000000000000e+00
-1.434217455503719929e+00 2.314346119108051658e-03 0.000000000000000000e+00 2.017886469687989182e-01 6.422513984299034195e-01 0.000000000000000000e+00
-1.718911004446712187e+00 3.967299295141675508e-03 0.000000000000000000e+00 1.269638870203262590e-02 1.058180302815699081e+00 0.000000000000000000e+00
-1.491470115319930123e+00 -3.471280417419037034e-04 0.000000000000000000e+00 -1.847551955962023484e-01 7.300924859362876163e-01 0.000000000000000000e+00
-1.835103907300836612e+00 -2.767214159341668811e-03 0.000000000000000000e+00 7.659948617887737954e-02 1.205532275683230070e+00 0.000000000000000000e+00
-1.344649206575163625e+00 -1.626661644129525058e-03 0.000000000000000000e+00 2.480987532440451226e-01 4.854404358739086711e-01 0.000000000000000000e+00
-1.767168167300771309e+00 -4.394319705092158967e-03 0.000000000000000000e+00 -1.326968012137524910e-01 1.112993133269805313e+00 0.000000000000000000e+00
-1.913392260572027048e+00 -8.061145936866381811e-04 0.000000000000000000e+00 3.938659663633872765e-02 1.306325855749354670e+00 0.000000000000000000e+00
-1.686259080283726286e+00 1.682628207724336244e-03 0.000000000000000000e+00 1.907031539286514199e-01 9.974336850755500805e-01 0.000000000000000000e+00
-1.422381626976381597e+00 -8.458862065815766183e-04 0.000000000000000000e+00 -2.532444904128700047e-01 6.056932144643141225e-01 0.000000000000000000e+00
-1.840494666458141193e+00 4.673796547444351163e-03 0.000000000000000000e+00 -1.092940999662732615e-01 1.209902666351597933e+00 0.000000000000000000e+00
-1.959697393010061628e+00 -2.795972028910409524e-03 0.000000000000000000e+00 1.943485385434585988e-02 1.364665484885421609e+00 0.000000000000000000e+00
-1.823544282871898181e+00 2.639100615930074431e-03 0.000000000000000000e+00 1.443602640596363673e-01 1.184462646673482222e+00 0.000000000000000000e+00
-1.444485705433366185e+00 -1.300913120791740221e-03 0.000000000000000000e+00 2.566668536271588530e-01 6.379422519277144765e-01 0.000000000000000000e+00
-1.616462047399471746e+00 8.136848173512789550e-04 0.000000000000000000e+00 -2.227657551647649892e-01 8.957189203941323674e-01 0.000000000000000000e+00
-1.890525867510550739e+00 -2.494073287165554653e-03 0.000000000000000000e+00 -1.013914758539171124e-01 1.274136987296867529e+00 0.000000000000000000e+00
-1.993909539309169476e+00 -6.667902653836529914e-03 0.000000000000000000e+00 4.141945984883606269e-03 1.407286180006832144e+00 0.000000000000000000e+00
-1.897558206127495595e+00 -1.525381854878625487e-03 0.000000000000000000e+00 1.087098466580588563e-01 1.282420583689907634e+00 0.000000000000000000e+00
-1.656478874327077744e+00 -1.402853080750932763e-03 0.000000000000000000e+00 2.171403177169813903e-01 9.517714786798333604e-01 0.000000000000000000e+00
-1.300222991798923644e+00 2.850474341908532713e-04 0.000000000000000000e+00 -2.624667072583670713e-01 4.020487201508222697e-01 0.000000000000000000e+00
-1.744238444026867008e+00 4.149545326511093479e-03 0.000000000000000000e+00 -1.854637891249795167e-01 1.075326761913630857e+00 0.000000000000000000e+00
-1.934579992806350068e+00 -2.978775492137229752e-03 0.000000000000000000e+00 -8.209314609731525880e-02 1.330935374955367401e+00 0.000000000000000000e+00
-2.045552693639866249e+00 -4.728411425096053916e-03 0.000000000000000000e+00 -1.168608638855019033e-03 1.470964827306919798e+00 0.000000000000000000e+00
-1.952825394348678856e+00 -3.716868912666038138e-03 0.000000000000000000e+00 7.562275097340706576e-02 1.354135064907837194e+00 0.000000000000000000e+00
-1.792922628361453441e+00 2.117687022137274694e-03 0.000000000000000000e+00 1.760133388985659630e-01 1.140526474079987640e+00 0.000000000000000000e+00
-1.470650298802865574e+00 -1.400806036608859273e-03 0.000000000000000000e+00 2.610451848585381152e-01 6.755310320839187366e-01 0.000000000000000000e+00
-1.505318466826404578e+00 3.322512290056950368e-04 0.000000000000000000e+00 -2.566151653301437241e-01 7.283419456692724614e-01 0.000000000000000000e+00
-1.810854928746461923e+00 1.812163850807319010e-03 0.000000000000000000e+00 -1.656078583641999447e-01 1.165303272688588798e+00 0.000000000000000000e+00
-1.960585921455098024e+00 6.207856055540569851e-03 0.000000000000000000e+00 -6.638308999492108231e-02 1.364306414159322411e+00 0.000000000000000000e+00
-2.072140415339478015e+00 3.505051386232013733e-03 0.000000000000000000e+00 -1.443898072093961760e-03 1.503550145633679058e+00 0.000000000000000000e+00
-1.876179843741765829e+00 2.300067877603164876e-03 0.000000000000000000e+00 9.081098873179847819e-02 1.256786433561964955e+00 0.000000000000000000e+00
-1.548223927589558846e+00 3.962299756449863541e-03 0.000000000000000000e+00 2.350124913984407427e-01 7.970601742409514356e-01 0.000000000000000000e+00
-1.586685267730609805e+00 9.172354856696249281e-04 0.000000000000000000e+00 -2.229048517307392618e-01 8.544558997954895263e-01 0.000000000000000000e+00
-1.887486215930838540e+00 -8.939826172991161002e-04 0.000000000000000000e+00 -7.951173012146214858e-02 1.271849350290110481e+00 0.000000000000000000e+00
1.074866322502755267e+00 7.381026121565809886e-05 0.000000000000000000e+00 1.449032208320980841e-01 3.893810049428391568e-02 0.000000000000000000e+00
-2.260348856737290468e+00 2.664318377136277657e-03 0.000000000000000000e+00 -4.179956068099505151e-02 1.730305165166794890e+00 0.000000000000000000e+00
-2.161319239545988147e+00 -3.937583778486034025e-03 0.000000000000000000e+00 -1.323082134616865024e-01 1.606509026846933974e+00 0.000000000000000000e+00
-1.937153381844060496e+00 4.384338605134700806e-03 0.000000000000000000e+00 -2.161951461245048001e-01 1.319085501592018206e+00 0.000000000000000000e+00
-1.544255942390528435e+00 3.471548638641422380e-04 0.000000000000000000e+00 -3.016116380287299226e-01 7.685066514504486079e-01 0.000000000000000000e+00
-1.574459477653922912e+00 3.916571629260026666e-04 0.000000000000000000e+00 2.986961956129949303e-01 8.134504762146834711e-01 0.000000000000000000e+00
-1.952859339451411325e+00 2.809737162290199160e-03 0.000000000000000000e+00 2.161595433975648795e-01 1.338949322387425145e+00 0.000000000000000000e+00
-2.170615706266778133e+00 3.145866607867142672e-03 0.000000000000000000e+00 1.265340595852907923e-01 1.618230524760180700e+00 0.000000000000000000e+00
-2.261672932411685544e+00 8.334018659705035720e-03 0.000000000000000000e+00 4.601948787769672561e-02 1.731794709553675649e+00 0.000000000000000000e+00
1.040355414528207234e+00 2.475472258057590533e-04 0.000000000000000000e+00 1.562115584168060917e-03 1.263065177686516494e-01 0.000000000000000000e+00
-2.265917181178339845e+00 9.278325757686306519e-04 0.000000000000000000e+00 -3.988807080482856260e-02 1.736990769609627172e+00 0.000000000000000000e+00
-2.168285049478915649e+00 3.469077683626489716e-03 0.000000000000000000e+00 -1.251542574450774936e-01 1.615517737279181576e+00 0.000000000000000000e+00
-1.936122790431767493e+00 -4.601194879207515243e-03 0.000000000000000000e+00 -2.238309125867522786e-01 1.316505727429892136e+00 0.000000000000000000e+00
-1.527358572357905730e+00 1.036705896666744071e-03 0.000000000000000000e+00 -3.034712282534560157e-01 7.429041456342295735e-01 0.000000000000000000e+00
-1.606937902943437191e+00 -2.740080909982914315e-04 0.000000000000000000e+00 2.948465091276059047e-01 8.611841125776413808e-01 0.000000000000000000e+00
-1.981026069927700028e+00 -2.710335204337263604e-03 0.000000000000000000e+00 2.043946682806553339e-01 1.376218186521796172e+00 0.000000000000000000e+00
-2.191481700141236555e+00 -4.740019583248503143e-03 0.000000000000000000e+00 1.105885863465547875e-01 1.644600266092357987e+00 0.000000000000000000e+00
-2.268058844819688780e+00 1.534364412434721658e-04 0.000000000000000000e+00 2.873190970639534492e-02 1.739764237729481522e+00 0.000000000000000000e+00
-2.374601436222529394e+00 2.826269852521698378e-03 0.000000000000000000e+00 -8.982562150735459716e-02 1.864033016004053689e+00 0.000000000000000000e+00
-1.907649942161207424e+00 4.463716074581416948e-03 0.000000000000000000e+00 -2.632234026803149107e-01 1.272782582668593232e+00 0.000000000000000000e+00
-1.779438181774651184e+00 1.761080695135010254e-03 0.000000000000000000e+00 2.945362432943946507e-01 1.097867061537501687e+00 0.000000000000000000e+00
-2.334360730720161925e+00 4.251416625634906778e-03 0.000000000000000000e+00 1.210223901140079772e-01 1.814684030943083393e+00 0.000000000000000000e+00
-2.395026372562775840e+00 -2.512841724747041927e-03 0.000000000000000000e+00 -3.912606809873149516e-02 1.889812909312423184e+00 0.000000000000000000e+00
-2.142045374561711846e+00 -6.202875823736370836e-03 0.000000000000000000e+00 -1.943739964769193862e-01 1.576706134118089464e+00 0.000000000000000000e+00
-1.364140361721978723e+00 3.429220900551441763e-04 0.000000000000000000e+00 -3.175378451146061431e-01 4.774103192491794267e-01 0.000000000000000000e+00
-2.059722281947664602e+00 3.206618809461905112e-03 0.000000000000000000e+00 2.196387317402696271e-01 1.472050678453465711e+00 0.000000000000000000e+00
-2.378174574033915079e+00 2.714601316445901247e-03 0.000000000000000000e+00 6.419252281912042613e-02 1.869300629630518351e+00 0.000000000000000000e+00
-2.458342733732501451e+00 -3.593182876315041685e-03 0.000000000000000000e+00 -1.226139586099826706e-01 1.960531939999534679e+00 0.000000000000000000e+00
-1.460873246907629985e+00 2.563452269826967111e-03 0.000000000000000000e+00 -3.396869745786524897e-01 6.241363539808709726e-01 0.000000000000000000e+00
-2.371853872509674055e+00 7.785155935982196462e-03 0.000000000000000000e+00 1.656066036663227936e-01 1.855598620249751418e+00 0.000000000000000000e+00
-2.527942225967058754e+00 1.662506019043996641e-03 0.000000000000000000e+00 -5.458008888464163655e-02 2.044596799904947027e+00 0.000000000000000000e+00
-1.939370639242399719e+00 -1.699712305999814821e-04 0.000000000000000000e+00 -2.819224497767011117e-01 1.309445461783474318e+00 0.000000000000000000e+00
-2.098996367247651929e+00 -5.873522743604184249e-03 0.000000000000000000e+00 2.387369853684473409e-01 1.517683090194972939e+00 0.000000000000000000e+00
-2.547381314796393514e+00 7.228314740156227547e-03 0.000000000000000000e+00 2.894057261090349914e-02 2.067652512325017788e+00 0.000000000000000000e+00
-2.270483873285630061e+00 -1.955424356208296244e-03 0.000000000000000000e+00 -1.939637615739781551e-01 1.732065726278257944e+00 0.000000000000000000e+00
-1.675813365023125057e+00 -3.351305047736501119e-03 0.000000000000000000e+00 3.260376626373747144e-01 9.472203748198144702e-01 0.000000000000000000e+00
-2.481962459050031100e+00 9.359160625995958244e-03 0.000000000000000000e+00 1.056741715639874235e-01 1.989112990996915853e+00 0.000000000000000000e+00
-2.581165535879671680e+00 -2.504504857078163060e-03 0.000000000000000000e+00 -1.560285657738059995e-01 2.101100532102034180e+00 0.000000000000000000e+00
-1.990800258415324375e+00 4.455418933272014409e-03 0.000000000000000000e+00 3.139256996989464588e-01 1.367874436957835727e+00 0.000000000000000000e+00
-2.785352066059192833e+00 8.766031360137038764e-04 0.000000000000000000e+00 -3.005060599483078132e-03 2.340496662028343167e+00 0.000000000000000000e+00
-1.940513620983217891e+00 -2.581904792983714600e-03 0.000000000000000000e+00 -3.216609097935210215e-01 1.301727725556123705e+00 0.000000000000000000e+00
-2.602208559284122202e+00 -8.992490691915600021e-03 0.000000000000000000e+00 1.381409622576834084e-01 2.126679245347116609e+00 0.000000000000000000e+00
1.053812891194579215e+00 9.277373052402840964e-05 0.000000000000000000e+00 1.183390641659084509e-02 1.299644212240761154e-01 0.000000000000000000e+00
-2.616099580652799794e+00 -1.055717880365339423e-02 0.000000000000000000e+00 -1.603887867611551998e-01 2.141158222851209381e+00 0.000000000000000000e+00
-2.045968455693601307e+00 2.371545977633116031e-03 0.000000000000000000e+00 3.069547039469965322e-01 1.439099821687567449e+00 0.000000000000000000e+00
-2.814262354478969552e+00 -5.933849281885133012e-03 0.000000000000000000e+00 -2.336282653699060796e-02 2.373169132444711060e+00 0.000000000000000000e+00
-1.779456833366213742e+00 -6.725444727031099079e-04 0.000000000000000000e+00 -3.486254575841168935e-01 1.081932732837838529e+00 0.000000000000000000e+00
-2.704019622393652789e+00 9.607632811730770772e-03 0.000000000000000000e+00 1.205858886945154335e-01 2.244685625414978070e+00 0.000000000000000000e+00
-2.507941987956147756e+00 -1.559457856930582254e-03 0.000000000000000000e+00 -1.982183619129524454e-01 2.012375594463104544e+00 0.000000000000000000e+00
-2.323870022278031744e+00 -8.526912362598004780e-03 0.000000000000000000e+00 2.414948957257719575e-01 1.790099574891926171e+00 0.000000000000000000e+00
-2.792276077867759110e+00 -3.624171655715983931e-04 0.000000000000000000e+00 -7.142254458972527309e-02 2.347269102211736236e+00 0.000000000000000000e+00
-1.432236055347473336e+00 -1.830548088431728504e-03 0.000000000000000000e+00 3.606597325795891651e-01 5.651415924804278346e-01 0.000000000000000000e+00
-2.818589907738516587e+00 -9.888937031797308264e-03 0.000000000000000000e+00 3.835763573146413336e-02 2.377888231142609055e+00 0.000000000000000000e+00
-2.196452888912022061e+00 -3.334099666754755664e-03 0.000000000000000000e+00 -2.801227750489982959e-01 1.630402041827708537e+00 0.000000000000000000e+00
-2.584897416435972595e+00 2.297500953324455031e-03 0.000000000000000000e+00 1.727105386637766415e-01 2.104115327734766616e+00 0.000000000000000000e+00
-2.604499620015959138e+00 -2.828397136891008801e-03 0.000000000000000000e+00 -1.245754325697631948e-01 2.130144342827924309e+00 0.000000000000000000e+00
-1.634873240300493968e+00 -3.810801116985368386e-03 0.000000000000000000e+00 3.508390837196385670e-01 8.802229657685236575e-01 0.000000000000000000e+00
-2.705629453597392597e+00 9.078248595918290975e-03 0.000000000000000000e+00 6.291132475727537199e-02 2.248879260912940214e+00 0.000000000000000000e+00
-2.309703839123816937e+00 -2.293008784494621199e-03 0.000000000000000000e+00 -2.304128743426083759e-01 1.774616740889975564e+00 0.000000000000000000e+00
-2.255060686344875887e+00 5.086415205882738322e-03 0.000000000000000000e+00 2.472243656174812065e-01 1.706693590116876269e+00 0.000000000000000000e+00
-2.718050771107441754e+00 -5.101066663606549506e-03 0.000000000000000000e+00 -4.747239200790164676e-02 2.263426669290394599e+00 0.000000000000000000e+00
-1.731331824652824203e+00 -3.076983239043241947e-03 0.000000000000000000e+00 -3.457960624528931826e-01 1.017271004762589470e+00 0.000000000000000000e+00
-2.581748562257279112e+00 6.596374506301572183e-03 0.000000000000000000e+00 1.392189894597290201e-01 2.102964777814181119e+00 0.000000000000000000e+00
-2.694074796620875567e+00 -8.442274539812166800e-03 0.000000000000000000e+00 -1.904542997167575358e-01 2.228432239350610633e+00 0.000000000000000000e+00
-2.553149243652878653e+00 1.865071544191188035e-03 0.000000000000000000e+00 2.253428485832392192e-01 2.062243271902935327e+00 0.000000000000000000e+00
-2.811861240029192466e+00 6.674503201256481999e-04 0.000000000000000000e+00 -1.345842559091058876e-01 2.366734366885538066e+00 0.000000000000000000e+00
-2.290154867753829482e+00 1.346554710489472617e-03 0.000000000000000000e+00 2.833804873213211506e-01 1.743420795983938731e+00 0.000000000000000000e+00
-2.916546817611106235e+00 -5.481439529038123482e-04 0.000000000000000000e+00 -8.413777100538877285e-02 2.487291261221075356e+00 0.000000000000000000e+00
-1.950865618442803484e+00 1.146906370279102139e-03 0.000000000000000000e+00 3.455815308957970178e-01 1.308948942527222936e+00 0.000000000000000000e+00
-2.974889399056187766e+00 3.175303194683779494e-03 0.000000000000000000e+00 -3.271856400305641482e-02 2.553998765830907125e+00 0.000000000000000000e+00
-1.462802793632355769e+00 2.083576525000921387e-03 0.000000000000000000e+00 3.758332289789891867e-01 6.062357574851399145e-01 0.000000000000000000e+00
-2.987054773721708578e+00 -1.332406682245240725e-03 0.000000000000000000e+00 9.253167441084717004e-03 2.567815853458118802e+00 0.000000000000000000e+00
-1.715717707743294795e+00 -3.450476452297672469e-03 0.000000000000000000e+00 -3.748239560371211532e-01 9.851983835077799956e-01 0.000000000000000000e+00
-2.954369626733723386e+00 -1.103480184026685296e-02 0.000000000000000000e+00 4.737065862259282750e-02 2.530779821917950034e+00 0.000000000000000000e+00
-2.117781900173506759e+00 1.964180799240933251e-03 0.000000000000000000e+00 -3.152099075865078537e-01 1.527003318773420215e+00 0.000000000000000000e+00
-2.873971229026601737e+00 4.372382353319853587e-03 0.000000000000000000e+00 1.106221170136504062e-01 2.438258148574454331e+00 0.000000000000000000e+00
-2.417693314432833418e+00 -2.564377599033648703e-03 0.000000000000000000e+00 -2.563069157616991722e-01 1.899604245075871667e+00 0.000000000000000000e+00
-2.753740049860128991e+00 -5.076842120042524345e-03 0.000000000000000000e+00 1.543948227843218168e-01 2.299405441059546362e+00 0.000000000000000000e+00
-2.667869162770352354e+00 -6.028228442713307045e-03 0.000000000000000000e+00 -2.124174096521179167e-01 2.196317279764783414e+00 0.000000000000000000e+00
-2.742458799925000523e+00 6.205522886777125463e-03 0.000000000000000000e+00 1.910592062890347220e-01 2.283767736880478072e+00 0.000000000000000000e+00
1.081475698774485350e+00 -1.830681779012234729e-04 0.000000000000000000e+00 1.284678123103407954e-01 9.194843706255156901e-02 0.000000000000000000e+00
-2.814597920298057332e+00 6.981763308472591426e-03 0.000000000000000000e+00 -2.113205012557238249e-01 2.364242249644711080e+00 0.000000000000000000e+00
-2.401344329943825073e+00 -3.837967333287006788e-03 0.000000000000000000e+00 -3.084531327919319277e-01 1.872404586327205411e+00 0.000000000000000000e+00
-1.763425120744025243e+00 5.676634812053354961e-04 0.000000000000000000e+00 -3.943171916883284611e-01 1.044057720542933332e+00 0.000000000000000000e+00
-1.839150693407509252e+00 4.565935762147171895e-03 0.000000000000000000e+00 3.911853186579947184e-01 1.148320664022226989e+00 0.000000000000000000e+00
-2.449074599405188124e+00 7.096415676318655608e-03 0.000000000000000000e+00 3.020882202968351860e-01 1.930051639630664173e+00 0.000000000000000000e+00
-2.843558505634815603e+00 -7.966577893157722121e-03 0.000000000000000000e+00 2.028807557045654852e-01 2.397869842399250384e+00 0.000000000000000000e+00
-2.889346119929990131e+00 5.118515192510525447e-03 0.000000000000000000e+00 -2.439968399790675146e-01 2.445959860412824760e+00 0.000000000000000000e+00
-1.396322303403620069e+00 -7.603161809084310607e-05 0.000000000000000000e+00 3.941533524080308992e-01 4.779575286799923051e-01 0.000000000000000000e+00
-2.948334269163813026e+00 -5.124460158034555013e-03 0.000000000000000000e+00 2.316249982805947127e-01 2.513784059963682260e+00 0.000000000000000000e+00
-2.945182498842740859e+00 9.474128953643539200e-03 0.000000000000000000e+00 -2.636091481676083870e-01 2.507086290928700834e+00 0.000000000000000000e+00
-2.501847676607550142e+00 5.170839880279942680e-03 0.000000000000000000e+00 3.502173743362879677e-01 1.984371925071265919e+00 0.000000000000000000e+00
-1.714640989034205143e+00 -4.584622248357074492e-03 0.000000000000000000e+00 4.280428361896873035e-01 9.617360917204449411e-01 0.000000000000000000e+00
-2.051616255763331509e+00 -3.813751615715475773e-03 0.000000000000000000e+00 -4.089715403563137786e-01 1.420716994741837436e+00 0.000000000000000000e+00
-2.723758845778243121e+00 9.155374133691510097e-03 0.000000000000000000e+00 -3.045681260407779867e-01 2.249926682241825571e+00 0.000000000000000000e+00
-2.801759441130430073e+00 1.083617885350204868e-02 0.000000000000000000e+00 3.079862938725791421e-01 2.338944446548275380e+00 0.000000000000000000e+00
-2.097893841197500109e+00 5.354460590654391838e-03 0.000000000000000000e+00 4.035521432731088431e-01 1.481006061667478280e+00 0.000000000000000000e+00
-1.748375331246075248e+00 -1.253227987330724977e-04 0.000000000000000000e+00 -4.287177125270786870e-01 1.009286249697594284e+00 0.000000000000000000e+00
