-1.024853032529346564e+00 -4.083817554729324544e-05 0.000000000000000000e+00 2.687306341686006295e-02 6.557016025300325957e-02 0.000000000000000000e+00
-1.094952281756632395e+00 -5.523167297456135078e-04 0.000000000000000000e+00 2.785130486917342107e-02 1.669720274224228418e-01 0.000000000000000000e+00
8.527097185148060365e-01 -1.204490638589028779e-03 0.000000000000000000e+00 3.320286008283750145e-02 2.761295590732533167e-01 0.000000000000000000e+00
8.463841688678198638e-01 -1.161252759645135628e-03 0.000000000000000000e+00 1.001823119795221817e-01 2.719639411767180714e-01 0.000000000000000000e+00
7.133691225449496631e-01 2.779644520075541178e-04 0.000000000000000000e+00 -1.586719303469705938e-02 5.614718422117053187e-01 0.000000000000000000e+00
-1.107526526393449062e+00 -5.928719545297434640e-04 0.000000000000000000e+00 -3.868043461853207243e-02 1.846931733729170189e-01 0.000000000000000000e+00
-1.155436448154906870e+00 3.964833505025380095e-04 0.000000000000000000e+00 -1.994650008662412002e-02 2.621743071101539924e-01 0.000000000000000000e+00
1.007027721134757359e+00 -3.772999783614257221e-04 0.000000000000000000e+00 2.013356860000680218e-02 2.423479058540433662e-01 0.000000000000000000e+00
-1.259988451553254674e+00 -7.828345207170402803e-04 0.000000000000000000e+00 4.932410855057661747e-03 4.218881413247431156e-01 0.000000000000000000e+00
9.943132467717165079e-01 1.870076118705235341e-04 0.000000000000000000e+00 1.256954358899132762e-01 2.459738087895911862e-01 0.000000000000000000e+00
9.292275845151245495e-01 -4.348953083072376255e-04 0.000000000000000000e+00 1.830995991107685003e-02 1.531651502466859771e-01 0.000000000000000000e+00
9.676080218977816116e-01 -1.458052092048888089e-04 0.000000000000000000e+00 -4.533239516343112729e-02 1.277339304966796374e-01 0.000000000000000000e+00
-1.170110617952624832e+00 -3.447901228768856250e-04 0.000000000000000000e+00 1.870239289275240635e-01 2.157955762957136647e-01 0.000000000000000000e+00
1.008308910653648027e+00 1.257611111643737716e-05 0.000000000000000000e+00 -9.112875703135760175e-02 2.072806133635266834e-01 0.000000000000000000e+00
-9.983448608146121561e-01 -9.943389259319858082e-05 0.000000000000000000e+00 -5.239783500053726839e-02 2.176010556003675489e-02 0.000000000000000000e+00
-1.150181279834288972e+00 1.014171176070766817e-03 0.000000000000000000e+00 -2.797957717946403938e-02 2.532677026263954190e-01 0.000000000000000000e+00
9.984862032552825895e-01 -6.849249830634770346e-04 0.000000000000000000e+00 -9.714663504948485573e-02 1.731385886239999450e-01 0.000000000000000000e+00
9.424391087557701940e-01 -1.692167621962979663e-04 0.000000000000000000e+00 -1.308036782223346295e-01 5.131385196213240213e-02 0.000000000000000000e+00
8.507854657302131862e-01 3.674946393399046961e-04 0.000000000000000000e+00 1.356973004981308906e-01 2.468275715341960164e-01 0.000000000000000000e+00
7.038522086699074976e-01 -1.766263746312181013e-03 0.000000000000000000e+00 -2.667494679550932446e-01 5.183506272670008741e-01 0.000000000000000000e+00
6.082255480261740122e-01 -3.895429257397857968e-03 0.000000000000000000e+00 -9.270087871715620986e-02 8.072652983022861051e-01 0.000000000000000000e+00
6.190189202101749055e-01 2.033555611722269452e-03 0.000000000000000000e+00 1.448745990576639775e-01 7.715751781752799854e-01 0.000000000000000000e+00
7.450625226243561272e-01 -7.726254446502652667e-04 0.000000000000000000e+00 2.761974912276176086e-01 4.080104484619950789e-01 0.000000000000000000e+00
7.216406717667216419e-01 -1.387941950044015854e-03 0.000000000000000000e+00 3.123599989573063729e-01 4.446858866940990862e-01 0.000000000000000000e+00
5.798233220575832458e-01 -2.182767552159031559e-03 0.000000000000000000e+00 2.651882755988708151e-01 8.467958788429034156e-01 0.000000000000000000e+00
5.331092298909836380e-01 2.115830372707989005e-03 0.000000000000000000e+00 5.330600927458588323e-02 1.017001946504971110e+00 0.000000000000000000e+00
5.505462491786474732e-01 -2.615753905515553340e-03 0.000000000000000000e+00 -1.765794296774102212e-01 9.519585340229668180e-01 0.000000000000000000e+00
6.402387824600428434e-01 2.087846327863920881e-03 0.000000000000000000e+00 -3.238149688840024631e-01 6.567268019415868352e-01 0.000000000000000000e+00
8.257505480659463881e-01 4.355404860476551343e-05 0.000000000000000000e+00 2.745261804528545957e-01 1.811435775967636386e-01 0.000000000000000000e+00
8.171731609454131462e-01 6.348968998563138399e-04 0.000000000000000000e+00 -2.244539599708731958e-01 2.626710850645330719e-01 0.000000000000000000e+00
6.917917721044650747e-01 2.351002901874026454e-03 0.000000000000000000e+00 1.766027620621525851e-01 5.841662021630782409e-01 0.000000000000000000e+00
6.460936930647476206e-01 3.298328453286689978e-03 0.000000000000000000e+00 -6.388671961204939187e-02 7.150549863856044963e-01 0.000000000000000000e+00
7.921710837584390319e-01 1.267239969873468729e-03 0.000000000000000000e+00 -1.890306617847028747e-01 3.468614126208384163e-01 0.000000000000000000e+00
7.013960896539113143e-01 -2.177754168504256183e-04 0.000000000000000000e+00 -3.916442867024758079e-02 5.871851699646272182e-01 0.000000000000000000e+00
7.440611850951153183e-01 -3.926726855278030864e-04 0.000000000000000000e+00 1.551720407370134058e-01 4.698818330148394340e-01 0.000000000000000000e+00
8.149764332765963015e-01 1.186017572920021468e-03 0.000000000000000000e+00 2.014649518576682730e-01 2.859472175339328182e-01 0.000000000000000000e+00
8.131536322865565714e-01 5.161767144996436130e-04 0.000000000000000000e+00 -2.030363342140631133e-01 2.892026711623228996e-01 0.000000000000000000e+00
7.509899839893898754e-01 -1.156113470159762964e-03 0.000000000000000000e+00 -1.596854018254015295e-01 4.527609952673613547e-01 0.000000000000000000e+00
7.028708675583774657e-01 -2.339252555014666168e-04 0.000000000000000000e+00 4.140284595020264635e-02 5.837008342968152963e-01 0.000000000000000000e+00
8.066647389631186327e-01 -9.673254157965393424e-04 0.000000000000000000e+00 1.905824659375880414e-01 3.126063622431374256e-01 0.000000000000000000e+00
6.307305887622913776e-01 -3.593876797355134364e-03 0.000000000000000000e+00 -1.105621994280661796e-01 7.475356824756900220e-01 0.000000000000000000e+00
6.752515468192711312e-01 -8.862645143620619462e-04 0.000000000000000000e+00 2.169093772220958838e-01 6.111209299739712719e-01 0.000000000000000000e+00
6.986064477664977179e-01 2.473885765310490648e-03 0.000000000000000000e+00 -2.334636692379832290e-01 5.470520879543553372e-01 0.000000000000000000e+00
6.341926209549662019e-01 5.925336254315174619e-04 0.000000000000000000e+00 1.085133883628043860e-01 7.391847861919420559e-01 0.000000000000000000e+00
7.639935696709931889e-01 -1.612142735728926352e-03 0.000000000000000000e+00 -2.202528778254029262e-01 3.955799110746611724e-01 0.000000000000000000e+00
-9.737300538065909450e-01 3.143216715789252848e-04 0.000000000000000000e+00 -3.602560515517139184e-02 6.350383069003273651e-02 0.000000000000000000e+00
7.746598289482622413e-01 7.787710671703304294e-04 0.000000000000000000e+00 2.224825947650276303e-01 3.687543054082459415e-01 0.000000000000000000e+00
6.429677271333065214e-01 -3.409355900132492179e-03 0.000000000000000000e+00 -1.667221202136739411e-01 7.061055123992733273e-01 0.000000000000000000e+00
-9.530828790535499362e-01 -1.902712198916785367e-04 0.000000000000000000e+00 9.074983899244654095e-02 4.264550610624637944e-02 0.000000000000000000e+00
6.349171593046660789e-01 2.196298339100181268e-04 0.000000000000000000e+00 1.480091696892862907e-01 7.304739129619901572e-01 0.000000000000000000e+00
8.069845561594062300e-01 -1.247027108648259604e-03 0.000000000000000000e+00 -1.936752063325165030e-01 3.099548094146994393e-01 0.000000000000000000e+00
7.076623745578644042e-01 -6.090209242827597513e-04 0.000000000000000000e+00 -8.158674234255069990e-02 5.685927551304399419e-01 0.000000000000000000e+00
7.180480634896715397e-01 -4.090833346375700140e-04 0.000000000000000000e+00 1.139768269506569037e-01 5.394288431182777677e-01 0.000000000000000000e+00
8.211638417681763613e-01 2.517190777214148821e-04 0.000000000000000000e+00 1.962513239509340868e-01 2.748930217250907804e-01 0.000000000000000000e+00
7.648648218942700749e-01 1.445644711275489080e-03 0.000000000000000000e+00 3.008833131043256448e-01 3.358954412761860908e-01 0.000000000000000000e+00
5.160396534573834515e-01 -5.196411565790355278e-03 0.000000000000000000e+00 1.657875326995695286e-01 1.056167666519343129e+00 0.000000000000000000e+00
5.448230359128318767e-01 9.771666385898114711e-04 0.000000000000000000e+00 -2.704512073567206798e-01 9.466434797611923413e-01 0.000000000000000000e+00
6.893641736367643880e-01 2.387637659880681960e-03 0.000000000000000000e+00 3.713918998635949431e-01 4.912487237137012075e-01 0.000000000000000000e+00
4.867407095634210812e-01 9.645561543835650536e-04 0.000000000000000000e+00 -1.109691872127393890e-02 1.160388902035793368e+00 0.000000000000000000e+00
7.101565915294585363e-01 -1.553088110208523942e-03 0.000000000000000000e+00 -3.595404980983285537e-01 4.408209986200298802e-01 0.000000000000000000e+00
5.611796378298503640e-01 -7.479444323811707505e-04 0.000000000000000000e+00 2.861188943257871320e-01 8.936921261273444994e-01 0.000000000000000000e+00
5.146929487261293623e-01 -1.198958458415867734e-03 0.000000000000000000e+00 -8.379630956960359978e-02 1.069973372042759330e+00 0.000000000000000000e+00
6.459468312490406205e-01 1.467919706679214967e-03 0.000000000000000000e+00 -3.554993905387534570e-01 6.241481490588925984e-01 0.000000000000000000e+00
6.300595371644013287e-01 1.974628568304073045e-03 0.000000000000000000e+00 3.455581965680818435e-01 6.739395774504192138e-01 0.000000000000000000e+00
5.162656125608626745e-01 2.511073592438727367e-03 0.000000000000000000e+00 6.918327426229597954e-02 1.066232734429684026e+00 0.000000000000000000e+00
5.612186676296460064e-01 3.742776781080318221e-03 0.000000000000000000e+00 -2.835885347239054388e-01 8.943490120428712054e-01 0.000000000000000000e+00
7.328498940682531826e-01 -1.576757250983617598e-03 0.000000000000000000e+00 3.504087920778650167e-01 3.828097314190894163e-01 0.000000000000000000e+00
4.784591348757705198e-01 -2.159307175887011619e-03 0.000000000000000000e+00 -1.892064946613930543e-02 1.187111150555954175e+00 0.000000000000000000e+00
7.947960287903310661e-01 -5.998920587094187101e-04 0.000000000000000000e+00 3.296835187895014729e-01 2.078883125157230949e-01 0.000000000000000000e+00
7.708835897630965661e-01 -9.178765551704709882e-04 0.000000000000000000e+00 -3.363079327759874726e-01 2.813315712348309905e-01 0.000000000000000000e+00
5.184640615316058465e-01 -2.900889057496533821e-03 0.000000000000000000e+00 1.949044216766119275e-01 1.043803848562801395e+00 0.000000000000000000e+00
5.382578836926397159e-01 2.512227731330373120e-03 0.000000000000000000e+00 -2.671745282813430267e-01 9.671903623915145687e-01 0.000000000000000000e+00
6.723832846586492717e-01 -1.923338416797561873e-03 0.000000000000000000e+00 3.812183606672681635e-01 5.328627910435360659e-01 0.000000000000000000e+00
4.871301803854208856e-01 -8.139583178123441926e-04 0.000000000000000000e+00 -2.190094809267156134e-02 1.158986325164546916e+00 0.000000000000000000e+00
7.215131789423940845e-01 1.285022852702868415e-03 0.000000000000000000e+00 -3.521344334830561751e-01 4.142758586519479369e-01 0.000000000000000000e+00
5.785258725872188812e-01 1.980079264792361689e-03 0.000000000000000000e+00 2.981220558492982953e-01 8.394895910733530808e-01 0.000000000000000000e+00
5.162797527194193936e-01 3.860044190275803769e-03 0.000000000000000000e+00 -2.258163955849883803e-02 1.068167685808683931e+00 0.000000000000000000e+00
5.950881777299821263e-01 -3.519971280948093993e-03 0.000000000000000000e+00 -3.165278606125441208e-01 7.853512562894164883e-01 0.000000000000000000e+00
6.927385265819993032e-01 -2.052764252667922500e-03 0.000000000000000000e+00 3.593323458442309049e-01 4.906125022746100073e-01 0.000000000000000000e+00
5.017779755268441111e-01 2.150587795717933196e-03 0.000000000000000000e+00 7.053247112363525417e-02 1.110666422791344310e+00 0.000000000000000000e+00
5.922975459640353879e-01 -3.556023980122109511e-03 0.000000000000000000e+00 -3.487490876189404121e-01 7.796408038672453245e-01 0.000000000000000000e+00
5.883656788686020267e-01 2.483279371772411162e-03 0.000000000000000000e+00 3.463437771222690476e-01 7.921003065324131454e-01 0.000000000000000000e+00
5.023398804012761953e-01 -1.160988239636641644e-03 0.000000000000000000e+00 -7.721473231369432866e-02 1.108480694247833576e+00 0.000000000000000000e+00
6.977706371457779166e-01 9.939375080710716182e-04 0.000000000000000000e+00 -3.560529912782232076e-01 4.788228431993277190e-01 0.000000000000000000e+00
5.997937559297139565e-01 2.797159961020074734e-03 0.000000000000000000e+00 3.194311318534789335e-01 7.708738118053561905e-01 0.000000000000000000e+00
5.181230030049039925e-01 4.212674020700647379e-03 0.000000000000000000e+00 3.095520262763251651e-02 1.062387615228777005e+00 0.000000000000000000e+00
5.708436554583851130e-01 -3.961340908682008805e-03 0.000000000000000000e+00 -2.795857678515428768e-01 8.677661587201193072e-01 0.000000000000000000e+00
7.596984754044363575e-01 -1.053944100092329625e-03 0.000000000000000000e+00 3.331694429346176989e-01 3.197051615718407014e-01 0.000000000000000000e+00
8.395756781860944651e-01 3.611246296409730341e-04 0.000000000000000000e+00 -2.824554249639129044e-01 1.085184622943375088e-01 0.000000000000000000e+00
4.763726087382919028e-01 -5.197100448223955851e-03 0.000000000000000000e+00 -1.586522693248078666e-03 1.194021307496669237e+00 0.000000000000000000e+00
7.966996344690144838e-01 9.812686409292519299e-04 0.000000000000000000e+00 3.283524051758315299e-01 2.028178838607558321e-01 0.000000000000000000e+00
7.680110100395113326e-01 5.164635858275826163e-04 0.000000000000000000e+00 -3.404326609781092583e-01 2.856762647807004063e-01 0.000000000000000000e+00
5.130122431849313269e-01 -3.728805562530293147e-03 0.000000000000000000e+00 1.817610275273496279e-01 1.062892427043958588e+00 0.000000000000000000e+00
5.463329178056254287e-01 1.220118153251181347e-03 0.000000000000000000e+00 -2.928549270501040747e-01 9.354335324099483095e-01 0.000000000000000000e+00
6.353185842443069831e-01 -4.746549771664472853e-04 0.000000000000000000e+00 3.812118789349020487e-01 6.393127294717142473e-01 0.000000000000000000e+00
4.925042694293569889e-01 3.876678335328585800e-03 0.000000000000000000e+00 -4.362542085881036119e-02 1.141169750148991024e+00 0.000000000000000000e+00
7.060177672729281984e-01 -1.362531633912261383e-03 0.000000000000000000e+00 -3.575123838042452151e-01 4.543059812949902243e-01 0.000000000000000000e+00
5.751859132212264747e-01 -1.154638466035948045e-03 0.000000000000000000e+00 3.029856524506510662e-01 8.473608825947593903e-01 0.000000000000000000e+00
5.145550751580265647e-01 1.481393759621342510e-03 0.000000000000000000e+00 -3.564535572856503132e-02 1.073073481334128942e+00 0.000000000000000000e+00
6.077527893839684836e-01 -2.929866757020007165e-03 0.000000000000000000e+00 -3.324601463346881225e-01 7.428100818875188471e-01 0.000000000000000000e+00
6.635334494002989025e-01 1.161226661649586260e-03 0.000000000000000000e+00 3.591708161495044682e-01 5.727565600057792361e-01 0.000000000000000000e+00
5.089579670938360056e-01 -3.023950083165534430e-03 0.000000000000000000e+00 8.228676199791355728e-02 1.087604577382701443e+00 0.000000000000000000e+00
5.721003136369104958e-01 -2.742407444429554447e-04 0.000000000000000000e+00 -3.158718738830392225e-01 8.516089385604925788e-01 0.000000000000000000e+00
6.478942900328534815e-01 2.962615452141722540e-03 0.000000000000000000e+00 3.687005474637203850e-01 6.109140857006774006e-01 0.000000000000000000e+00
4.991588919936622570e-01 4.398494079511815723e-03 0.000000000000000000e+00 1.061479349637685018e-02 1.120978205263679861e+00 0.000000000000000000e+00
6.229951266933314580e-01 2.814277482528246103e-03 0.000000000000000000e+00 -3.716010524174097052e-01 6.801423140268589851e-01 0.000000000000000000e+00
5.739869126757859430e-01 2.634795040923798310e-03 0.000000000000000000e+00 3.224231552646842358e-01 8.436341554095083684e-01 0.000000000000000000e+00
5.065609739083637431e-01 5.454013272469623863e-03 0.000000000000000000e+00 -9.700236893500008284e-02 1.093725555519496684e+00 0.000000000000000000e+00
6.896229441615218114e-01 -8.454449910918534344e-04 0.000000000000000000e+00 -3.552801601358631101e-01 5.023106818716381872e-01 0.000000000000000000e+00
6.057081191385780272e-01 -1.861423630654664846e-03 0.000000000000000000e+00 3.299956749411211421e-01 7.496842373364500656e-01 0.000000000000000000e+00
5.188076233517702196e-01 3.882570558290556265e-03 0.000000000000000000e+00 4.719564015022272713e-02 1.059736826613272953e+00 0.000000000000000000e+00
5.634756789889454609e-01 2.034550949650972430e-03 0.000000000000000000e+00 -2.743915114252279963e-01 8.906889967685016618e-01 0.000000000000000000e+00
7.820940932003730417e-01 3.611495912020350890e-04 0.000000000000000000e+00 3.184337418160539390e-01 2.668318078797876636e-01 0.000000000000000000e+00
7.956305574625661681e-01 -5.506728888507146993e-04 0.000000000000000000e+00 -3.187959768928707582e-01 2.213124197776498159e-01 0.000000000000000000e+00
5.097333415720605165e-01 8.425019973926813066e-04 0.000000000000000000e+00 1.577737466802172639e-01 1.076870213103358953e+00 0.000000000000000000e+00
5.561865350595485147e-01 -3.452056050299016909e-03 0.000000000000000000e+00 -3.070451154488001988e-01 9.014382520875884319e-01 0.000000000000000000e+00
6.163869207685606089e-01 2.403848984783726016e-04 0.000000000000000000e+00 3.748258311994568936e-01 6.974125878725921934e-01 0.000000000000000000e+00
4.952587875627056935e-01 3.185406111999322144e-04 0.000000000000000000e+00 -5.730634593507143160e-02 1.131890313807587312e+00 0.000000000000000000e+00
7.123494416232576398e-01 -5.056257411717498401e-04 0.000000000000000000e+00 -3.520888412552173330e-01 4.405698279499945524e-01 0.000000000000000000e+00
5.909883213904885135e-01 1.088078520049755998e-03 0.000000000000000000e+00 3.122110655072676821e-01 7.987175173429872377e-01 0.000000000000000000e+00
5.177555302981455831e-01 3.568186940527826728e-03 0.000000000000000000e+00 1.471432536503596011e-02 1.063858992100553458e+00 0.000000000000000000e+00
5.768108102482158994e-01 -3.704061447479650368e-03 0.000000000000000000e+00 -2.896455103445021440e-01 8.473292980368212213e-01 0.000000000000000000e+00
7.448766538684690186e-01 5.172090107775726558e-04 0.000000000000000000e+00 3.401268669799668576e-01 3.570292864094821716e-01 0.000000000000000000e+00
4.784940316525641002e-01 -3.586522474901772829e-03 0.000000000000000000e+00 -7.592157984476647324e-03 1.187096954149612138e+00 0.000000000000000000e+00
8.213447296894926808e-01 -3.161080824214132848e-04 0.000000000000000000e+00 3.026170745198399903e-01 1.492339032460284765e-01 0.000000000000000000e+00
7.660911466205939657e-01 -5.102605836069791598e-05 0.000000000000000000e+00 -3.292748176995874410e-01 3.043788856443495061e-01 0.000000000000000000e+00
5.665761015866561667e-01 7.995459889326766642e-04 0.000000000000000000e+00 2.775127938715311604e-01 8.807575425512910172e-01 0.000000000000000000e+00
5.180319801938024771e-01 -9.785138294951907165e-04 0.000000000000000000e+00 -4.530496198586415196e-02 1.062196984512009612e+00 0.000000000000000000e+00
6.042154154934158417e-01 2.052983515158853054e-03 0.000000000000000000e+00 -3.298749088233483562e-01 7.539513998428639674e-01 0.000000000000000000e+00
6.854628954089958537e-01 -2.247807023170414909e-03 0.000000000000000000e+00 3.585715839698668250e-01 5.116688343583195575e-01 0.000000000000000000e+00
5.066578841223794427e-01 -2.969189975004326958e-03 0.000000000000000000e+00 9.242228376164879355e-02 1.093887014313025929e+00 0.000000000000000000e+00
5.739804501591017072e-01 -6.901637317334417820e-04 0.000000000000000000e+00 -3.250955676436805275e-01 8.426440978358920031e-01 0.000000000000000000e+00
6.228451177105081005e-01 -1.836863820823929003e-03 0.000000000000000000e+00 3.703619502970798560e-01 6.812590784315405434e-01 0.000000000000000000e+00
4.991883634143136073e-01 4.422638971594282896e-03 0.000000000000000000e+00 -2.079036141820819750e-02 1.120743544521365376e+00 0.000000000000000000e+00
6.457502374421049129e-01 -2.343167407227227800e-04 0.000000000000000000e+00 -3.707959469187556145e-01 6.157516345930289514e-01 0.000000000000000000e+00
5.737789332775344864e-01 3.297718490086507664e-03 0.000000000000000000e+00 3.138178810647436201e-01 8.474665920786939033e-01 0.000000000000000000e+00
5.094143886048387859e-01 -4.404673986851167199e-03 0.000000000000000000e+00 -7.275591896486027776e-02 1.086851965362461314e+00 0.000000000000000000e+00
6.616238088453325616e-01 -4.491465761271989932e-04 0.000000000000000000e+00 -3.599017074673599437e-01 5.776534180892263226e-01 0.000000000000000000e+00
6.067442454545939334e-01 1.147444913788496328e-03 0.000000000000000000e+00 3.342144879815331371e-01 7.448901140551031919e-01 0.000000000000000000e+00
5.143486897045292938e-01 6.734573468190150486e-04 0.000000000000000000e+00 3.187894924842857303e-02 1.073824620119791629e+00 0.000000000000000000e+00
5.770576012199011284e-01 -1.244852581383021004e-03 0.000000000000000000e+00 -3.029384612701248036e-01 8.419904334825827341e-01 0.000000000000000000e+00
7.005835839040788215e-01 -1.418031441327608725e-04 0.000000000000000000e+00 3.600269969038727980e-01 4.678458883913413358e-01 0.000000000000000000e+00
4.944011850006946318e-01 5.181291293059085874e-03 0.000000000000000000e+00 3.770586603291785355e-02 1.135336399528647178e+00 0.000000000000000000e+00
6.252883300707101633e-01 2.499461125981663166e-03 0.000000000000000000e+00 -3.802511704456158492e-01 6.687354910166070088e-01 0.000000000000000000e+00
5.507570266225723099e-01 -3.106885304787679672e-03 0.000000000000000000e+00 3.050707223449139471e-01 9.182543878035213103e-01 0.000000000000000000e+00
5.106035689065713257e-01 4.337976478030857418e-03 0.000000000000000000e+00 -1.683405151092928209e-01 1.072520539859992184e+00 0.000000000000000000e+00
7.959606378287604755e-01 2.291072732475852441e-04 0.000000000000000000e+00 3.181792008297811281e-01 2.210466518981472894e-01 0.000000000000000000e+00
7.813168608063203457e-01 6.619601020319467594e-04 0.000000000000000000e+00 -3.181504447073572051e-01 2.696318585163829940e-01 0.000000000000000000e+00
5.713247495300650680e-01 1.447827147689198166e-03 0.000000000000000000e+00 2.794478575321036606e-01 8.664652109340928998e-01 0.000000000000000000e+00
5.193570093507495766e-01 -1.443273115522836214e-04 0.000000000000000000e+00 -2.412922999512791614e-02 1.058905526673883157e+00 0.000000000000000000e+00
5.900051340088618979e-01 -1.682522381046894222e-04 0.000000000000000000e+00 -3.087664233850345719e-01 8.028473599645118419e-01 0.000000000000000000e+00
7.307366803049211157e-01 1.541096227348413145e-03 0.000000000000000000e+00 3.439255884419810672e-01 3.947536972688761026e-01 0.000000000000000000e+00
4.877561873124197644e-01 -4.877675218895177744e-03 0.000000000000000000e+00 3.804705132498841652e-02 1.156486657617778135e+00 0.000000000000000000e+00
6.627502645871156117e-01 -8.741136613942667583e-04 0.000000000000000000e+00 -3.820810342762757106e-01 5.599924059463226023e-01 0.000000000000000000e+00
5.373705893034317338e-01 2.299343483347934293e-03 0.000000000000000000e+00 2.632247193173269384e-01 9.709452477896549638e-01 0.000000000000000000e+00
5.190125276085499895e-01 3.743331144953415505e-03 0.000000000000000000e+00 -2.097108117135449423e-01 1.039234512496974849e+00 0.000000000000000000e+00
7.309232280806883253e-01 4.826982409703046289e-04 0.000000000000000000e+00 3.625458096772878336e-01 3.771683284112118395e-01 0.000000000000000000e+00
4.693514325534832166e-01 -2.500154045748072956e-03 0.000000000000000000e+00 -1.041984495697497459e-01 1.212870782804595038e+00 0.000000000000000000e+00
6.035641684996992939e-01 -7.415818477238319412e-04 0.000000000000000000e+00 4.298908292208644122e-01 7.037494716605376954e-01 0.000000000000000000e+00
4.861527101199177303e-01 1.336562691117329071e-03 0.000000000000000000e+00 -2.765526456224608465e-01 1.128968157933589511e+00 0.000000000000000000e+00
5.058046017079245171e-01 5.424773731397547483e-04 0.000000000000000000e+00 3.367140631649163107e-01 1.047683971425940275e+00 0.000000000000000000e+00
5.584421121320902737e-01 2.960419216430476563e-03 0.000000000000000000e+00 -4.180283078467406654e-01 8.486297299758740476e-01 0.000000000000000000e+00
4.695337029735641154e-01 1.864184179452155893e-04 0.000000000000000000e+00 1.569736180904579559e-01 1.206587506180631930e+00 0.000000000000000000e+00
7.008454862471142910e-01 1.032515220851388301e-03 0.000000000000000000e+00 -3.893893602674695087e-01 4.429205568153122274e-01 0.000000000000000000e+00
4.953757286239890978e-01 3.760299944908826898e-03 0.000000000000000000e+00 1.394468434820801406e-01 1.124317173494746358e+00 0.000000000000000000e+00
5.896264924095225846e-01 -1.380210758791558870e-03 0.000000000000000000e+00 -3.745047287007018388e-01 7.754853245960653396e-01 0.000000000000000000e+00
5.371096152417212943e-01 2.311961938467785652e-03 0.000000000000000000e+00 2.977760541686936824e-01 9.617085521213153410e-01 0.000000000000000000e+00
5.176233150966137453e-01 -1.288073488609872003e-03 0.000000000000000000e+00 -2.438795173115827497e-01 1.036088014479550345e+00 0.000000000000000000e+00
6.263719479195369866e-01 -1.625885795746778023e-03 0.000000000000000000e+00 3.962883811134737533e-01 6.562016467108677809e-01 0.000000000000000000e+00
4.863178462520543199e-01 2.049386596215661306e-03 0.000000000000000000e+00 -1.114329565581334419e-01 1.156438797056509316e+00 0.000000000000000000e+00
7.045175904549455526e-01 -8.248158715535910263e-04 0.000000000000000000e+00 3.919360236165915778e-01 4.295432402698753926e-01 0.000000000000000000e+00
4.683182633307719778e-01 -5.782639968699235418e-03 0.000000000000000000e+00 -1.840232558353031844e-01 1.206748074333571008e+00 0.000000000000000000e+00
5.234872305654086899e-01 -4.095920558193073650e-03 0.000000000000000000e+00 3.935078565907238479e-01 9.700241151711411769e-01 0.000000000000000000e+00
-9.351906963192175848e-01 1.399517724763486501e-04 0.000000000000000000e+00 8.259313379893803986e-02 9.803349915694020700e-02 0.000000000000000000e+00
5.365561577667170567e-01 -9.188746697475322529e-04 0.000000000000000000e+00 -4.019025184410519036e-01 9.248336658840042857e-01 0.000000000000000000e+00
4.656520619387500837e-01 5.253259315043268957e-03 0.000000000000000000e+00 1.604633200901404155e-01 1.219144330546277466e+00 0.000000000000000000e+00
7.311459241628592842e-01 -7.522577754340408623e-04 0.000000000000000000e+00 -3.708089669467956595e-01 3.683631535150974079e-01 0.000000000000000000e+00
4.972403746312101247e-01 -2.020960487705519663e-04 0.000000000000000000e+00 1.392405677203662762e-01 1.118474832891819482e+00 0.000000000000000000e+00
5.843802913297720947e-01 -1.562215980013618695e-03 0.000000000000000000e+00 -3.651855722376796676e-01 7.953062083690265460e-01 0.000000000000000000e+00
5.497110760672283547e-01 3.919151090663151524e-03 0.000000000000000000e+00 3.147149479155637586e-01 9.181168755401745152e-01 0.000000000000000000e+00
5.102408793008970100e-01 2.680509999346634281e-04 0.000000000000000000e+00 -2.069062508033825964e-01 1.066943786366624902e+00 0.000000000000000000e+00
6.717707170784750215e-01 2.113843434341958465e-03 0.000000000000000000e+00 3.907901126953023940e-01 5.276776745637862254e-01 0.000000000000000000e+00
4.794944719877342054e-01 -4.749792167495277273e-03 0.000000000000000000e+00 -8.794685213393617362e-02 1.180554036146610475e+00 0.000000000000000000e+00
6.742301439914064609e-01 -1.976303020575951100e-03 0.000000000000000000e+00 4.109486041151920732e-01 5.047324549543477090e-01 0.000000000000000000e+00
4.710871389703020773e-01 2.045146155006455010e-03 0.000000000000000000e+00 -2.066736061011609782e-01 1.193816182203015330e+00 0.000000000000000000e+00
5.270638597628537481e-01 -3.948764770081592684e-04 0.000000000000000000e+00 3.861286183542368411e-01 9.615995025145476216e-01 0.000000000000000000e+00
-9.422673258878395686e-01 1.487934653118874739e-04 0.000000000000000000e+00 3.933328331011315404e-02 1.100299988110875760e-01 0.000000000000000000e+00
5.310026943972683267e-01 3.558585172477494486e-03 0.000000000000000000e+00 -3.971631753107504048e-01 9.444717486701923459e-01 0.000000000000000000e+00
4.708882666188256572e-01 5.486163828757492818e-03 0.000000000000000000e+00 1.846709853019306569e-01 1.197993216850925524e+00 0.000000000000000000e+00
6.862619681639534619e-01 1.162837399642964453e-03 0.000000000000000000e+00 -4.027820339636644098e-01 4.752528587264064353e-01 0.000000000000000000e+00
4.827187320849427588e-01 -5.075490075085738184e-03 0.000000000000000000e+00 1.114621077636447910e-01 1.168029341168734803e+00 0.000000000000000000e+00
6.442362722951322507e-01 -1.150993999584544805e-03 0.000000000000000000e+00 -3.963507711440615866e-01 6.040381594976456103e-01 0.000000000000000000e+00
5.123193468448626886e-01 4.887284521897957562e-03 0.000000000000000000e+00 2.174255541271226666e-01 1.058304015876868398e+00 0.000000000000000000e+00
5.454307581091115686e-01 5.099115733557726265e-04 0.000000000000000000e+00 -3.205165842876966931e-01 9.290574682524329608e-01 0.000000000000000000e+00
5.758417843754152221e-01 1.018654513440511375e-03 0.000000000000000000e+00 3.624564020551748200e-01 8.217450380075512761e-01 0.000000000000000000e+00
4.993324333597527476e-01 -4.316935831801764663e-03 0.000000000000000000e+00 -1.592363824948850870e-01 1.109123753551227942e+00 0.000000000000000000e+00
6.856673886091916303e-01 -2.154630208122173401e-03 0.000000000000000000e+00 3.947908002063373889e-01 4.836718896463538808e-01 0.000000000000000000e+00
4.729752168420404690e-01 8.154999835260001370e-04 0.000000000000000000e+00 -1.347786153885656701e-01 1.197761051388076758e+00 0.000000000000000000e+00
5.945630922987893419e-01 -2.402087928892225090e-03 0.000000000000000000e+00 4.265607892152545322e-01 7.330755619756944563e-01 0.000000000000000000e+00
4.897711797564699987e-01 -4.068638654368027935e-03 0.000000000000000000e+00 -2.660265046503536013e-01 1.119538028199680291e+00 0.000000000000000000e+00
5.145422857249122295e-01 3.256609732747660010e-03 0.000000000000000000e+00 3.431239406133991809e-01 1.017402445664015609e+00 0.000000000000000000e+00
5.475276458187805506e-01 -2.557539419645209373e-03 0.000000000000000000e+00 -3.948192689722729298e-01 8.934504371766104347e-01 0.000000000000000000e+00
4.770573601642166262e-01 3.276979888054100051e-03 0.000000000000000000e+00 1.942887773087696723e-01 1.175900750180403520e+00 0.000000000000000000e+00
6.461498640814138383e-01 2.786134119701336523e-03 0.000000000000000000e+00 -4.190416341331283379e-01 5.827833393643946369e-01 0.000000000000000000e+00
4.803758662047739048e-01 5.140558596693424638e-04 0.000000000000000000e+00 1.190767477806455865e-01 1.175012294465112239e+00 0.000000000000000000e+00
6.504772928302875457e-01 1.200554806621095816e-03 0.000000000000000000e+00 -4.016191178859062072e-01 5.822406774084623038e-01 0.000000000000000000e+00
5.029968011934029537e-01 -3.792327606484506564e-03 0.000000000000000000e+00 2.031629451433685507e-01 1.090329750680244958e+00 0.000000000000000000e+00
5.592761742453541407e-01 2.693583953170001523e-03 0.000000000000000000e+00 -3.513734038296004725e-01 8.758155863847107980e-01 0.000000000000000000e+00
5.503505764448730631e-01 -4.253063041019973511e-03 0.000000000000000000e+00 3.401099267504905654e-01 9.070738234878273909e-01 0.000000000000000000e+00
5.078362277232242317e-01 -1.278556482171221056e-03 0.000000000000000000e+00 -2.142478516916638265e-01 1.073010058847959858e+00 0.000000000000000000e+00
6.400749719782514724e-01 5.310321183525242537e-04 0.000000000000000000e+00 3.993434291291306781e-01 6.142393651044433245e-01 0.000000000000000000e+00
4.833330233889363559e-01 -4.955422212595043258e-03 0.000000000000000000e+00 -1.119799135378882204e-01 1.165988325178540119e+00 0.000000000000000000e+00
6.638742306381534286e-01 -1.782731001595178923e-03 0.000000000000000000e+00 4.117672742035838329e-01 5.351791303875800265e-01 0.000000000000000000e+00
4.745605856368704245e-01 -4.935621405755586527e-03 0.000000000000000000e+00 -1.793304701501642062e-01 1.186530253435627236e+00 0.000000000000000000e+00
5.497571964795497923e-01 1.149238742480387411e-03 0.000000000000000000e+00 4.016059385230982270e-01 8.834779034161369671e-01 0.000000000000000000e+00
5.102671235824827178e-01 4.647938120857330983e-03 0.000000000000000000e+00 -3.526968039468515448e-01 1.027862953927110468e+00 0.000000000000000000e+00
4.862115299865691354e-01 -2.420651022952565422e-03 0.000000000000000000e+00 2.712779808337305587e-01 1.130039674606961864e+00 0.000000000000000000e+00
6.022372764577366144e-01 4.115103788220504655e-04 0.000000000000000000e+00 -4.269726671556253184e-01 7.095477868964525925e-01 0.000000000000000000e+00
4.719781740112692914e-01 4.627559278902555404e-03 0.000000000000000000e+00 1.142259654915825096e-01 1.203140423616733568e+00 0.000000000000000000e+00
7.038243426131198799e-01 1.242653028065520641e-03 0.000000000000000000e+00 -3.825549505273584394e-01 4.399864872919438397e-01 0.000000000000000000e+00
5.069490432956756942e-01 1.614798512539784023e-03 0.000000000000000000e+00 1.788522347058228434e-01 1.082235154807806410e+00 0.000000000000000000e+00
5.566780854565661629e-01 5.042007426995943203e-04 0.000000000000000000e+00 -3.300864098795981416e-01 8.918260669738602431e-01 0.000000000000000000e+00
5.805760934966732734e-01 3.303018742714554368e-04 0.000000000000000000e+00 3.600464494344411404e-01 8.088316260989448780e-01 0.000000000000000000e+00
4.984718475024394468e-01 2.627666649074803309e-03 0.000000000000000000e+00 -1.390794011804829811e-01 1.114581459229295524e+00 0.000000000000000000e+00
7.517545453168212877e-01 3.270179117242149811e-04 0.000000000000000000e+00 3.568439216505390754e-01 3.187792649809013668e-01 0.000000000000000000e+00
8.191081112482332394e-01 -2.458481728110405509e-04 0.000000000000000000e+00 -3.115519757063206496e-01 1.404829842815267238e-01 0.000000000000000000e+00
4.637310975440123717e-01 5.195994954383942321e-03 0.000000000000000000e+00 -1.308310313407699266e-01 1.229191566731600238e+00 0.000000000000000000e+00
5.688733046699868678e-01 5.202074731080336134e-05 0.000000000000000000e+00 4.253992285968820619e-01 8.125240640263211578e-01 0.000000000000000000e+00
4.999738406760637632e-01 5.202629677587080476e-03 0.000000000000000000e+00 -3.436452721730697268e-01 1.064382949562489689e+00 0.000000000000000000e+00
4.803277149180219530e-01 -4.272208202242508759e-03 0.000000000000000000e+00 2.723651670202422714e-01 1.149306686505840114e+00 0.000000000000000000e+00
6.230806025135093851e-01 2.758992892537559527e-05 0.000000000000000000e+00 -4.316865193079796326e-01 6.434560903564106038e-01 0.000000000000000000e+00
4.669421622449310139e-01 7.059618145989193100e-04 0.000000000000000000e+00 7.551113380986196333e-02 1.223090191609227606e+00 0.000000000000000000e+00
8.002769404297405131e-01 -7.553556078186711344e-04 0.000000000000000000e+00 3.301898132289310395e-01 1.856654426246380218e-01 0.000000000000000000e+00
7.611382564729473055e-01 -1.396575851229792109e-03 0.000000000000000000e+00 -3.494019304453567232e-01 2.972615692704156931e-01 0.000000000000000000e+00
5.000392652497676060e-01 3.958447029334707760e-03 0.000000000000000000e+00 1.312742678744950320e-01 1.110564401615525831e+00 0.000000000000000000e+00
5.786726531839522236e-01 -1.284147524598915763e-04 0.000000000000000000e+00 -3.570304535674014845e-01 8.157687185921667083e-01 0.000000000000000000e+00
5.605249924862967248e-01 -1.097743793435580675e-03 0.000000000000000000e+00 3.355408041571001920e-01 8.782938746920956330e-01 0.000000000000000000e+00
5.048238004554894687e-01 2.663769331395136886e-03 0.000000000000000000e+00 -1.721000803614287644e-01 1.089954118473746902e+00 0.000000000000000000e+00
7.230037341457368205e-01 9.232760361102022861e-04 0.000000000000000000e+00 3.721558390568598940e-01 3.919023025219331990e-01 0.000000000000000000e+00
4.675114019001580523e-01 1.651698847915074580e-03 0.000000000000000000e+00 -1.432086622899841899e-01 1.215095985658347644e+00 0.000000000000000000e+00
5.684474270546872043e-01 2.035179480593996698e-03 0.000000000000000000e+00 4.185168172002816100e-01 8.173924941505307240e-01 0.000000000000000000e+00
5.014997422422362572e-01 5.462661351933427445e-04 0.000000000000000000e+00 -3.302593106574776005e-01 1.063718266331591611e+00 0.000000000000000000e+00
4.878120769571046011e-01 2.325109936542741479e-03 0.000000000000000000e+00 2.785006394441061905e-01 1.122994202273188025e+00 0.000000000000000000e+00
6.035481351822277185e-01 -2.670182031571024985e-03 0.000000000000000000e+00 -4.274330042499709936e-01 7.052810159306047710e-01 0.000000000000000000e+00
4.682238939599154270e-01 3.879048545015043037e-03 0.000000000000000000e+00 9.847124284806683947e-02 1.217098501773099750e+00 0.000000000000000000e+00
7.428003881460298885e-01 -1.425692694099435151e-03 0.000000000000000000e+00 -3.542851790155845393e-01 3.493433279027640115e-01 0.000000000000000000e+00
5.227244277204216027e-01 1.971868386257367989e-03 0.000000000000000000e+00 2.063051744612776628e-01 1.028612791430309370e+00 0.000000000000000000e+00
5.342180991664062795e-01 -4.124815350226556515e-04 0.000000000000000000e+00 -2.509968863916525739e-01 9.836677712908242777e-01 0.000000000000000000e+00
6.867624475893479019e-01 -1.155433083463849528e-04 0.000000000000000000e+00 3.777150407609508043e-01 4.939659129267898185e-01 0.000000000000000000e+00
4.834501543280853020e-01 -4.724885947421945433e-03 0.000000000000000000e+00 -2.822480179812399820e-02 1.170639636135941686e+00 0.000000000000000000e+00
8.547135035332429354e-01 -2.366227425407835521e-04 0.000000000000000000e+00 2.621783911796163880e-01 8.119337745854024457e-02 0.000000000000000000e+00
7.621546750303532791e-01 1.404999809641555714e-03 0.000000000000000000e+00 -3.239983917952534709e-01 3.217551464165182562e-01 0.000000000000000000e+00
6.156921827498609279e-01 -2.288625776907110554e-04 0.000000000000000000e+00 3.195647134261180855e-01 7.263322178974951360e-01 0.000000000000000000e+00
5.314091420581170677e-01 -2.860027551482697411e-03 0.000000000000000000e+00 1.118452931594797473e-01 1.017247534665685293e+00 0.000000000000000000e+00
5.417084401240028768e-01 2.267909620198493501e-04 0.000000000000000000e+00 -1.717363847486367279e-01 9.785069457643129631e-01 0.000000000000000000e+00
6.564706385985273895e-01 -5.810228089212468756e-04 0.000000000000000000e+00 -3.343386460342258060e-01 6.069022757872416518e-01 0.000000000000000000e+00
7.373700848008299946e-01 4.967948358472959458e-04 0.000000000000000000e+00 3.303523391936163955e-01 3.875168447208303113e-01 0.000000000000000000e+00
5.021867926785947844e-01 -2.783829772899414860e-03 0.000000000000000000e+00 1.049460895965634438e-01 1.106663586730252335e+00 0.000000000000000000e+00
5.806948830827356467e-01 -1.778345118638160680e-03 0.000000000000000000e+00 -3.435044801766953260e-01 8.156397246570830095e-01 0.000000000000000000e+00
5.869816497012845247e-01 -2.329060856014326247e-03 0.000000000000000000e+00 3.557767214215680207e-01 7.919533607038020673e-01 0.000000000000000000e+00
5.003188712589579090e-01 5.197931116762175702e-03 0.000000000000000000e+00 -9.395065802852500814e-02 1.113429386518664188e+00 0.000000000000000000e+00
7.253999431845116197e-01 -1.976898953812580503e-03 0.000000000000000000e+00 -3.396876126972744880e-01 4.135808704787314327e-01 0.000000000000000000e+00
6.235075676772510178e-01 -5.482971966948579912e-04 0.000000000000000000e+00 3.296538698078936847e-01 7.000309403357130034e-01 0.000000000000000000e+00
5.289951000810726445e-01 -1.022990107123949131e-03 0.000000000000000000e+00 1.113696552584130806e-01 1.024463858870275468e+00 0.000000000000000000e+00
5.434366215651489362e-01 -3.917707388072347134e-03 0.000000000000000000e+00 -1.855763868965761287e-01 9.708797254621194250e-01 0.000000000000000000e+00
6.835544215239977017e-01 -1.267941184260320403e-03 0.000000000000000000e+00 -3.355138717557016870e-01 5.322985097558011747e-01 0.000000000000000000e+00
7.263149882771591237e-01 1.947606633714274796e-03 0.000000000000000000e+00 3.305876189540517540e-01 4.183441140384290269e-01 0.000000000000000000e+00
5.178200807484590884e-01 8.604226289703528069e-04 0.000000000000000000e+00 1.459427258752714618e-01 1.053751116076632188e+00 0.000000000000000000e+00
5.449769312122072495e-01 3.790788441380572513e-03 0.000000000000000000e+00 -2.661907761114671311e-01 9.473625300780984526e-01 0.000000000000000000e+00
7.125456959084609521e-01 -2.051243813348041165e-03 0.000000000000000000e+00 3.648786591940591517e-01 4.294685227556384044e-01 0.000000000000000000e+00
4.803011263982317480e-01 -3.757483367865320934e-03 0.000000000000000000e+00 -2.279747110604884303e-02 1.181005706623145191e+00 0.000000000000000000e+00
8.101111288808277022e-01 4.956424254908041796e-05 0.000000000000000000e+00 3.137770294078726652e-01 1.751440800123344743e-01 0.000000000000000000e+00
7.695590426175618060e-01 -4.337604689188371849e-04 0.000000000000000000e+00 -3.291566655361297111e-01 2.938214995778994365e-01 0.000000000000000000e+00
5.538108704582125341e-01 -2.421245645306147748e-03 0.000000000000000000e+00 2.640492621570240672e-01 9.219216087405377458e-01 0.000000000000000000e+00
5.184629998789007654e-01 -2.396079456381206008e-03 0.000000000000000000e+00 -9.206017687550011042e-02 1.057858849084544861e+00 0.000000000000000000e+00
6.427810204033996833e-01 1.011210518121249263e-04 0.000000000000000000e+00 -3.499878001130494742e-01 6.360913400212488966e-01 0.000000000000000000e+00
6.452447836128776260e-01 -8.390631675767360430e-04 0.000000000000000000e+00 3.515622457960330127e-01 6.283460054796066174e-01 0.000000000000000000e+00
5.181836145106303304e-01 2.315054526909767971e-03 0.000000000000000000e+00 9.392454502503928826e-02 1.058540466625783605e+00 0.000000000000000000e+00
5.541917709162517136e-01 9.725897517924905061e-04 0.000000000000000000e+00 -2.640483564879626543e-01 9.208194911783349479e-01 0.000000000000000000e+00
7.633504953323655418e-01 8.683863581524431038e-04 0.000000000000000000e+00 3.332015547707264380e-01 3.085566665746046211e-01 0.000000000000000000e+00
8.255367840785124978e-01 3.637504879092459155e-04 0.000000000000000000e+00 -2.991925180413442242e-01 1.376454859392781671e-01 0.000000000000000000e+00
4.749957814671096346e-01 1.422878499895035773e-03 0.000000000000000000e+00 -1.559539935853953077e-02 1.198540922332329561e+00 0.000000000000000000e+00
7.676230057040450694e-01 1.267043972009752450e-03 0.000000000000000000e+00 3.549293725323110493e-01 2.688075756265564942e-01 0.000000000000000000e+00
7.796333448428767188e-01 -9.456737973298776426e-04 0.000000000000000000e+00 -3.493641790206670761e-01 2.339961616247731024e-01 0.000000000000000000e+00
4.674035377211692710e-01 -4.261280521434157240e-03 0.000000000000000000e+00 -5.138107995392265925e-02 1.222730575890568439e+00 0.000000000000000000e+00
6.442857686871836798e-01 1.220293046996440492e-04 0.000000000000000000e+00 4.282321069664370983e-01 5.817316440590984961e-01 0.000000000000000000e+00
4.773207329646083075e-01 -3.478951793803602803e-03 0.000000000000000000e+00 -2.514012385724079812e-01 1.164147122297951586e+00 0.000000000000000000e+00
5.000063370589842293e-01 1.075552727533230293e-03 0.000000000000000000e+00 3.384931278911617047e-01 1.066013831284737812e+00 0.000000000000000000e+00
5.756175403533411172e-01 -2.421795824653294894e-03 0.000000000000000000e+00 -4.292838063552895655e-01 7.895860945502357620e-01 0.000000000000000000e+00
4.608802426147315945e-01 5.921556829835417091e-04 0.000000000000000000e+00 9.880893206882360169e-02 1.241972575685083902e+00 0.000000000000000000e+00
7.438051414162136776e-01 1.206133271102589020e-04 0.000000000000000000e+00 3.853131338901308878e-01 3.113917361822599039e-01 0.000000000000000000e+00
7.878960462538749931e-01 -2.930006273007823570e-04 0.000000000000000000e+00 -3.538842687183494373e-01 1.942201193378096102e-01 0.000000000000000000e+00
4.588378641804558011e-01 3.815763545542683738e-03 0.000000000000000000e+00 -2.605320136064068759e-01 1.225430630951959365e+00 0.000000000000000000e+00
4.690374083030898200e-01 5.088736790247898323e-03 0.000000000000000000e+00 2.878925134619494952e-01 1.183834873505248630e+00 0.000000000000000000e+00
6.980472714180767646e-01 1.506065571696718619e-03 0.000000000000000000e+00 -4.115778042296862616e-01 4.311789942644767004e-01 0.000000000000000000e+00
4.646033794984801291e-01 -2.935545036059191565e-03 0.000000000000000000e+00 -1.039978687738751968e-02 1.233211837792650201e+00 0.000000000000000000e+00
6.716138356307215229e-01 1.768465491217108970e-03 0.000000000000000000e+00 4.213829645765219678e-01 5.040765097490872426e-01 0.000000000000000000e+00
4.711444736129136723e-01 3.601841780719851338e-03 0.000000000000000000e+00 -2.798492216678500344e-01 1.178593942453732168e+00 0.000000000000000000e+00
4.776261677717000831e-01 -2.358111632225696683e-03 0.000000000000000000e+00 3.046504266650964521e-01 1.150353049041480169e+00 0.000000000000000000e+00
6.411600220534845462e-01 -1.709650687430992397e-04 0.000000000000000000e+00 -4.381066195244378569e-01 5.839085873823188777e-01 0.000000000000000000e+00
4.587587017044734150e-01 2.947144112877438799e-03 0.000000000000000000e+00 -5.356537859946448876e-04 1.253097106543003214e+00 0.000000000000000000e+00
6.451952147408229754e-01 -2.227396595653748524e-03 0.000000000000000000e+00 4.393597054671964930e-01 5.705703410591329572e-01 0.000000000000000000e+00
4.769374475386187751e-01 4.795570001807376165e-04 0.000000000000000000e+00 -3.026455809390150575e-01 1.153235552412229081e+00 0.000000000000000000e+00
4.700989908105075443e-01 1.302255124788266084e-03 0.000000000000000000e+00 2.685345483083143026e-01 1.184830731944781945e+00 0.000000000000000000e+00
6.847268373806038033e-01 -1.890649797166174539e-03 0.000000000000000000e+00 -4.138954157004987033e-01 4.703288778193547848e-01 0.000000000000000000e+00
4.666856512421205805e-01 2.688093042607468675e-04 0.000000000000000000e+00 1.653043263369620430e-02 1.226170200531165211e+00 0.000000000000000000e+00
7.222555584631036307e-01 1.117087843798545040e-03 0.000000000000000000e+00 3.939999685277320030e-01 3.723349052834656892e-01 0.000000000000000000e+00
4.629624656802797666e-01 5.050884143397252682e-03 0.000000000000000000e+00 -2.937196945146683391e-01 1.203430942485494759e+00 0.000000000000000000e+00
4.601240033382850703e-01 5.921219097966825759e-03 0.000000000000000000e+00 2.504499346116548786e-01 1.222976581629840576e+00 0.000000000000000000e+00
7.743426241472817217e-01 -2.584756542352711906e-04 0.000000000000000000e+00 3.688659866062330428e-01 2.236001277498493589e-01 0.000000000000000000e+00
7.476125235079413844e-01 -5.414694177779963771e-04 0.000000000000000000e+00 -3.868220440437248331e-01 2.963460241064669876e-01 0.000000000000000000e+00
4.572907090567851496e-01 4.492388350998811550e-03 0.000000000000000000e+00 -1.640496191670235415e-01 1.247344244965005622e+00 0.000000000000000000e+00
5.219319234879985503e-01 -2.483579619878039171e-04 0.000000000000000000e+00 3.988900757276987452e-01 9.728997221347184254e-01 0.000000000000000000e+00
-8.948920631956978067e-01 1.007322901935931380e-05 0.000000000000000000e+00 1.961252815376496039e-01 2.359437754254121306e-02 0.000000000000000000e+00
5.446611503360738737e-01 -1.849991324347363686e-03 0.000000000000000000e+00 -4.210293917454920321e-01 8.904840067373900325e-01 0.000000000000000000e+00
4.552187368940479040e-01 2.445077389201207214e-03 0.000000000000000000e+00 1.073992204581608600e-01 1.260693558383906066e+00 0.000000000000000000e+00
6.936128672623956826e-01 -4.382847523037177416e-04 0.000000000000000000e+00 4.253097731054181208e-01 4.319016936625895697e-01 0.000000000000000000e+00
4.718563512589087905e-01 2.365017981188063598e-03 0.000000000000000000e+00 -3.694317357343030461e-01 1.151214431533881477e+00 0.000000000000000000e+00
4.330430195667567261e-01 5.521109793389869166e-03 0.000000000000000000e+00 1.129016574244618432e-01 1.338902766554530555e+00 0.000000000000000000e+00
5.608483776104182805e-01 1.288929251200382833e-03 0.000000000000000000e+00 4.803492617490736638e-01 8.072151919056735903e-01 0.000000000000000000e+00
-9.071252944107405236e-01 -2.859800729858876477e-04 0.000000000000000000e+00 -1.636039843826785634e-01 6.443677025544677917e-02 0.000000000000000000e+00
5.340011855237201122e-01 -1.049209058714719450e-03 0.000000000000000000e+00 -4.695328962334096579e-01 9.008214826080842563e-01 0.000000000000000000e+00
4.286279613590723292e-01 3.839397327759976747e-03 0.000000000000000000e+00 -8.676273595527989047e-02 1.357093932768875577e+00 0.000000000000000000e+00
4.795056765665331455e-01 9.568193897213049526e-04 0.000000000000000000e+00 3.887975566143250239e-01 1.118234395461672026e+00 0.000000000000000000e+00
6.706457383750561441e-01 5.616552981734500034e-04 0.000000000000000000e+00 -4.438620474389112225e-01 4.874877621561082841e-01 0.000000000000000000e+00
4.501436901301096305e-01 4.268116352533119634e-03 0.000000000000000000e+00 -1.454384508694393507e-01 1.274537913761769392e+00 0.000000000000000000e+00
5.124809234283116410e-01 5.387238515239941780e-04 0.000000000000000000e+00 3.976955303503516559e-01 1.004120780075001385e+00 0.000000000000000000e+00
5.639737646674174432e-01 -3.611025653016006198e-03 0.000000000000000000e+00 -4.415689501245482207e-01 8.191903601076819808e-01 0.000000000000000000e+00
4.480299384141703811e-01 5.616720762104843168e-03 0.000000000000000000e+00 2.976925855804337523e-02 1.289800398151091931e+00 0.000000000000000000e+00
6.060148358451893369e-01 8.971881451963837142e-04 0.000000000000000000e+00 4.564153490129633783e-01 6.792305574500852039e-01 0.000000000000000000e+00
4.933002862416360212e-01 -2.870404980348786536e-03 0.000000000000000000e+00 -3.678889916557347983e-01 1.078518428745332880e+00 0.000000000000000000e+00
4.478552510128179787e-01 -3.785875487406056665e-03 0.000000000000000000e+00 1.697493819203051424e-01 1.279619598141599202e+00 0.000000000000000000e+00
6.629349795307644122e-01 1.200224931098387363e-03 0.000000000000000000e+00 4.507734487443728622e-01 5.057686127011238320e-01 0.000000000000000000e+00
4.830563243923705619e-01 1.268852461169350972e-03 0.000000000000000000e+00 -4.112174181083110835e-01 1.097874795336386100e+00 0.000000000000000000e+00
4.251441870316122751e-01 -3.768282808577514374e-03 0.000000000000000000e+00 4.616226148359465348e-02 1.371959470288564464e+00 0.000000000000000000e+00
5.104400136195582638e-01 4.150921243498515746e-03 0.000000000000000000e+00 4.463315438658412848e-01 9.902562968826786882e-01 0.000000000000000000e+00
5.996923124143241912e-01 7.904665227405158895e-04 0.000000000000000000e+00 -4.837871785862467577e-01 6.802509097871687338e-01 0.000000000000000000e+00
4.376299631438956839e-01 6.500879395614540465e-03 0.000000000000000000e+00 -1.808028548621562759e-01 1.314648777981716421e+00 0.000000000000000000e+00
4.672763842287261937e-01 2.833255722071877786e-03 0.000000000000000000e+00 3.319371335329049932e-01 1.178441926294026221e+00 0.000000000000000000e+00
7.175116094656679433e-01 1.964611602837272510e-04 0.000000000000000000e+00 -4.059180628285197767e-01 3.748881427951279433e-01 0.000000000000000000e+00
4.584053028217148773e-01 6.174918525698188700e-03 0.000000000000000000e+00 -1.013765642119047600e-01 1.250094485384782406e+00 0.000000000000000000e+00
5.726494592918933701e-01 1.729287386280312349e-03 0.000000000000000000e+00 4.315651647009290937e-01 7.975400519294205681e-01 0.000000000000000000e+00
5.012598527527555303e-01 9.203281799089720397e-04 0.000000000000000000e+00 -3.507523602784839434e-01 1.057928694937437797e+00 0.000000000000000000e+00
4.726193382220025274e-01 3.357470017209253105e-03 0.000000000000000000e+00 2.350639081310147427e-01 1.183353128313710201e+00 0.000000000000000000e+00
6.697181162012897371e-01 -7.727825615165360290e-04 0.000000000000000000e+00 -4.169845722090743112e-01 5.134782151377262904e-01 0.000000000000000000e+00
4.709026110726118874e-01 -9.948202802182665519e-04 0.000000000000000000e+00 5.763787019520960619e-02 1.210822738932979092e+00 0.000000000000000000e+00
8.507733564799310200e-01 5.637800907124965958e-05 0.000000000000000000e+00 2.699660906045200370e-01 8.053634945990476024e-02 0.000000000000000000e+00
7.533912346595419418e-01 1.067803544523553833e-04 0.000000000000000000e+00 -3.428849825602700019e-01 3.287770486356985655e-01 0.000000000000000000e+00
5.414346268568916987e-01 -2.071871944089087592e-03 0.000000000000000000e+00 2.471527919382713878e-01 9.630393798632643776e-01 0.000000000000000000e+00
5.211520884279958743e-01 -3.330214404720012455e-03 0.000000000000000000e+00 -1.511481642191007113e-01 1.042879618524312102e+00 0.000000000000000000e+00
7.235475413469225625e-01 -7.029631901744465283e-04 0.000000000000000000e+00 -3.313629141213985108e-01 4.254455776089574592e-01 0.000000000000000000e+00
6.910657669225945821e-01 2.464312288987517696e-03 0.000000000000000000e+00 3.341071098608379697e-01 5.127029759508849871e-01 0.000000000000000000e+00
5.423692059974523083e-01 2.519069462507784324e-03 0.000000000000000000e+00 1.885199548868035369e-01 9.734630596970431649e-01 0.000000000000000000e+00
5.287528453824941188e-01 1.294121564604580610e-04 0.000000000000000000e+00 -1.167192239137186394e-01 1.024592931900336623e+00 0.000000000000000000e+00
6.317827770732131754e-01 -2.393454948312230546e-03 0.000000000000000000e+00 -3.323759779798791669e-01 6.757759489997499092e-01 0.000000000000000000e+00
7.071159072133962331e-01 -2.202714151507264347e-03 0.000000000000000000e+00 3.473178406170174259e-01 4.590764764346719762e-01 0.000000000000000000e+00
5.090764025807853477e-01 -4.769566025646106155e-03 0.000000000000000000e+00 1.179913004186568248e-01 1.083914135380767974e+00 0.000000000000000000e+00
5.631091430196981662e-01 3.294429947221354932e-05 0.000000000000000000e+00 -3.091350081200856525e-01 8.803335004342582870e-01 0.000000000000000000e+00
6.432121899211762361e-01 3.045202084715821923e-03 0.000000000000000000e+00 3.718057084747868890e-01 6.223488917554618194e-01 0.000000000000000000e+00
4.966870967439566131e-01 4.677863971051281038e-03 0.000000000000000000e+00 -9.241231213201512792e-03 1.128741408475840036e+00 0.000000000000000000e+00
6.477564922255668600e-01 -9.627301184038407345e-04 0.000000000000000000e+00 -3.733746341752453013e-01 6.084913930233176727e-01 0.000000000000000000e+00
5.638146600006579412e-01 8.369876367693182377e-04 0.000000000000000000e+00 3.066243612994723478e-01 8.791403115836315951e-01 0.000000000000000000e+00
5.101277252479756719e-01 -1.486728475441612823e-03 0.000000000000000000e+00 -1.062007844861779932e-01 1.081960095464896909e+00 0.000000000000000000e+00
6.987124435029994363e-01 -1.196949534425020834e-03 0.000000000000000000e+00 -3.496086585241844902e-01 4.809310239916575469e-01 0.000000000000000000e+00
6.205821455028520672e-01 -1.503572683859748238e-03 0.000000000000000000e+00 3.343955168212844331e-01 7.059402259425792137e-01 0.000000000000000000e+00
5.240272232027212151e-01 -2.551988318975715458e-04 0.000000000000000000e+00 9.161094991593052295e-02 1.041200141264583046e+00 0.000000000000000000e+00
5.495050903015428201e-01 -1.107955575909948948e-03 0.000000000000000000e+00 -2.249356801537465145e-01 9.447696642946152856e-01 0.000000000000000000e+00
7.447708636323959741e-01 9.170125074706367285e-04 0.000000000000000000e+00 -3.071047394079234882e-01 3.861078397128956397e-01 0.000000000000000000e+00
7.675775820605559296e-01 -1.230158952203574529e-03 0.000000000000000000e+00 -2.594551349245204364e-01 3.619438139423487022e-01 0.000000000000000000e+00
6.158703239275966634e-01 2.093420805013427363e-03 0.000000000000000000e+00 -4.132622001847678639e-02 7.919768783165771486e-01 0.000000000000000000e+00
6.988942583272772513e-01 4.591813609367066500e-04 0.000000000000000000e+00 2.442974695657897932e-01 5.416158953222567352e-01 0.000000000000000000e+00
7.065741625811026161e-01 2.034077626999070305e-03 0.000000000000000000e+00 -2.477438896451703565e-01 5.209601103809226030e-01 0.000000000000000000e+00
6.184703584855226755e-01 -2.425680195222001262e-04 0.000000000000000000e+00 4.568865906696072815e-02 7.851380695719660796e-01 0.000000000000000000e+00
7.945219645519978613e-01 -1.343339426534826374e-03 0.000000000000000000e+00 2.531128425982119845e-01 2.971351022200225955e-01 0.000000000000000000e+00
5.763226048757688069e-01 3.451260693688751671e-03 0.000000000000000000e+00 2.714432166281862124e-01 8.547339803409088610e-01 0.000000000000000000e+00
5.241789558798539694e-01 -1.689543314845939198e-04 0.000000000000000000e+00 1.018029796345546086e-02 1.044720301141315311e+00 0.000000000000000000e+00
5.678280238410220448e-01 1.957824201580444980e-03 0.000000000000000000e+00 -2.627222424437963832e-01 8.816873761450938485e-01 0.000000000000000000e+00
7.730157038175204942e-01 -1.542848809292462348e-03 0.000000000000000000e+00 -2.780395499689519712e-01 3.333467583950908697e-01 0.000000000000000000e+00
6.457768792137232872e-01 -2.511546990232711718e-03 0.000000000000000000e+00 -2.245914139182300651e-01 6.827085725826056439e-01 0.000000000000000000e+00
5.964725218065656254e-01 -3.331154844655106508e-03 0.000000000000000000e+00 -4.308230819426307062e-02 8.420060551622398082e-01 0.000000000000000000e+00
6.151443553131503705e-01 -5.280529000116569900e-04 0.000000000000000000e+00 1.582171838060565383e-01 7.790081160218009781e-01 0.000000000000000000e+00
7.085276373943659722e-01 3.219450190243243470e-04 0.000000000000000000e+00 2.783362873857405662e-01 5.002915951330817457e-01 0.000000000000000000e+00
7.737492135497778811e-01 -1.181498301906336095e-03 0.000000000000000000e+00 2.894926826753695392e-01 3.214210166371713751e-01 0.000000000000000000e+00
5.256868109653405341e-01 2.827933647265747433e-03 0.000000000000000000e+00 1.833068151264558299e-01 1.023995480897653465e+00 0.000000000000000000e+00
5.341961030868651594e-01 6.392651280879117770e-04 0.000000000000000000e+00 -2.251998746397366469e-01 9.899592497155825788e-01 0.000000000000000000e+00
7.798678531119735968e-01 2.087678147405253731e-05 0.000000000000000000e+00 3.260869164969659173e-01 2.647279447530679342e-01 0.000000000000000000e+00
7.909545422955766014e-01 -4.892293417383313057e-04 0.000000000000000000e+00 -3.248292153537657989e-01 2.291226386371692514e-01 0.000000000000000000e+00
5.020330009406588356e-01 -3.084830048954114411e-03 0.000000000000000000e+00 1.396713644402817200e-01 1.103300481288664869e+00 0.000000000000000000e+00
5.728433271604767008e-01 -1.969240063713005931e-03 0.000000000000000000e+00 -3.426694776637589923e-01 8.389993603969414515e-01 0.000000000000000000e+00
5.787637137999913639e-01 3.750175388003564730e-03 0.000000000000000000e+00 3.471817775781771420e-01 8.197112094174006103e-01 0.000000000000000000e+00
5.003482636722680343e-01 5.532100567671851231e-03 0.000000000000000000e+00 -1.331024882812412435e-01 1.109331512233073136e+00 0.000000000000000000e+00
8.049668049547493709e-01 -6.706148620340273174e-04 0.000000000000000000e+00 3.128108081094570503e-01 1.966874084619968932e-01 0.000000000000000000e+00
7.800095795664885312e-01 -5.868829059228607582e-04 0.000000000000000000e+00 -3.128541716572392772e-01 2.798078885347714539e-01 0.000000000000000000e+00
6.110969265044003951e-01 3.329027653372800336e-03 0.000000000000000000e+00 3.113225901919338123e-01 7.426162058149055056e-01 0.000000000000000000e+00
5.310467061270922606e-01 2.804494913960118782e-04 0.000000000000000000e+00 9.910046309215039817e-02 1.019663541600983825e+00 0.000000000000000000e+00
5.442403594053735194e-01 -4.018971712829453105e-03 0.000000000000000000e+00 -1.740685140306567902e-01 9.706681075959187055e-01 0.000000000000000000e+00
6.604478518823433397e-01 -1.580984394250967498e-03 0.000000000000000000e+00 -3.333415840653766171e-01 5.965921190256071593e-01 0.000000000000000000e+00
7.407488796742174308e-01 -7.729968922761841152e-04 0.000000000000000000e+00 3.289638878926239296e-01 3.791384502011611035e-01 0.000000000000000000e+00
5.005636912007539463e-01 2.339638634155104951e-03 0.000000000000000000e+00 9.354121624155808945e-02 1.112768900682365114e+00 0.000000000000000000e+00
5.874576617384263955e-01 -2.111588969548140737e-03 0.000000000000000000e+00 -3.525138880697481492e-01 7.920328103189485658e-01 0.000000000000000000e+00
5.756345130933232523e-01 -1.622925442095523273e-03 0.000000000000000000e+00 3.448181743994477300e-01 8.299106132618392362e-01 0.000000000000000000e+00
5.024609581655483659e-01 2.195262254087891260e-03 0.000000000000000000e+00 -1.163891103258669901e-01 1.104675276185842492e+00 0.000000000000000000e+00
7.607387123794484562e-01 -1.677849884468615022e-03 0.000000000000000000e+00 -3.108322963592776711e-01 3.385345808180778571e-01 0.000000000000000000e+00
7.337672448743228770e-01 1.210022854932770245e-03 0.000000000000000000e+00 3.205232102726076615e-01 4.056571793463163988e-01 0.000000000000000000e+00
5.310656383880808518e-01 5.478902409078566932e-04 0.000000000000000000e+00 1.843729971900299747e-01 1.007688086459693100e+00 0.000000000000000000e+00
-9.544640631248433316e-01 2.044650419901939027e-04 0.000000000000000000e+00 6.889389568655665194e-03 9.810351728262453608e-02 0.000000000000000000e+00
5.307690876080479736e-01 3.141880317743440173e-03 0.000000000000000000e+00 -1.898589070929532774e-01 1.007528445342515511e+00 0.000000000000000000e+00
7.354811734455457550e-01 -1.800304276981679746e-04 0.000000000000000000e+00 -3.194380994929768569e-01 4.017917570073556432e-01 0.000000000000000000e+00
7.708434404190045441e-01 -9.144845306040586506e-04 0.000000000000000000e+00 3.062613897012848585e-01 3.139233263070037583e-01 0.000000000000000000e+00
8.612551181073899720e-01 2.840821306723108168e-04 0.000000000000000000e+00 -2.516699535275055410e-01 7.485432365034408453e-02 0.000000000000000000e+00
4.983168374583543114e-01 8.587859582577118261e-04 0.000000000000000000e+00 1.043400559550002049e-01 1.118879260730090142e+00 0.000000000000000000e+00
5.885699928661476399e-01 1.836553079266883305e-03 0.000000000000000000e+00 -3.640827139428782777e-01 7.835278877278067933e-01 0.000000000000000000e+00
5.630359207438950797e-01 1.190900214633497552e-03 0.000000000000000000e+00 3.294974842173366003e-01 8.731335083453849455e-01 0.000000000000000000e+00
5.055815966561840735e-01 -6.174658070387528674e-05 0.000000000000000000e+00 -1.537214446202709861e-01 1.090358904562712894e+00 0.000000000000000000e+00
7.684280514619155067e-01 9.461680145570923461e-04 0.000000000000000000e+00 3.420974739395044040e-01 2.823572025718511513e-01 0.000000000000000000e+00
7.937616363155151067e-01 -3.318136977139138008e-04 0.000000000000000000e+00 -3.324948373082261543e-01 2.073658111026689121e-01 0.000000000000000000e+00
4.739044753296591805e-01 -1.884370206256562839e-03 0.000000000000000000e+00 -5.845867983774685230e-03 1.202225485487784074e+00 0.000000000000000000e+00
7.609309447453389552e-01 -9.308658399948335771e-04 0.000000000000000000e+00 3.618200146998714617e-01 2.827416364760000356e-01 0.000000000000000000e+00
7.804463164907061712e-01 1.264201824987126743e-04 0.000000000000000000e+00 -3.512278357375799853e-01 2.281719214628763759e-01 0.000000000000000000e+00
4.643996680676484301e-01 -1.200190030565756807e-03 0.000000000000000000e+00 -8.998453510191972704e-02 1.230688297175126955e+00 0.000000000000000000e+00
5.971513796180913936e-01 1.533458353765232082e-03 0.000000000000000000e+00 4.317832650933691729e-01 7.221301353235161091e-01 0.000000000000000000e+00
4.886484335569336590e-01 3.469225631773355245e-03 0.000000000000000000e+00 -3.054913153365035328e-01 1.113162105485207221e+00 0.000000000000000000e+00
4.908159993167467428e-01 2.858523531214544541e-04 0.000000000000000000e+00 3.045685528591098867e-01 1.106284519350667406e+00 0.000000000000000000e+00
5.933458054092402012e-01 -3.188237132834385867e-04 0.000000000000000000e+00 -4.327124967708942394e-01 7.332081129377081563e-01 0.000000000000000000e+00
4.642327547620895833e-01 8.830208163776468930e-04 0.000000000000000000e+00 9.317915559910566747e-02 1.231018022183811178e+00 0.000000000000000000e+00
7.819825670331032041e-01 2.108313068400931301e-04 0.000000000000000000e+00 3.498215180659560719e-01 2.245706838852634946e-01 0.000000000000000000e+00
7.631173430797988377e-01 -1.177777444785695765e-03 0.000000000000000000e+00 -3.589109250943720575e-01 2.790399009541734143e-01 0.000000000000000000e+00
4.744892990904523433e-01 -4.569209725436298997e-03 0.000000000000000000e+00 1.904884169987226122e-02 1.200098571297816941e+00 0.000000000000000000e+00
8.168203571699135246e-01 7.505439935549919686e-04 0.000000000000000000e+00 3.087385101165086576e-01 1.566971934851443815e-01 0.000000000000000000e+00
7.644246198424964334e-01 -3.058281447694017208e-04 0.000000000000000000e+00 -3.355264721965267594e-01 3.027083330129962113e-01 0.000000000000000000e+00
5.424612103990256173e-01 3.204342575817367526e-03 0.000000000000000000e+00 2.389895498065671975e-01 9.620398166109349614e-01 0.000000000000000000e+00
5.209490617043369687e-01 1.196710246057658758e-03 0.000000000000000000e+00 -1.549213963293633589e-01 1.042970342428046759e+00 0.000000000000000000e+00
7.177831592456476173e-01 4.254493116175560308e-04 0.000000000000000000e+00 -3.349277681275212304e-01 4.387184105483011853e-01 0.000000000000000000e+00
6.811650476621864403e-01 -4.349438019367341673e-04 0.000000000000000000e+00 3.377672855977187916e-01 5.374200309568445411e-01 0.000000000000000000e+00
5.416976108806248469e-01 3.735153700175844124e-03 0.000000000000000000e+00 1.814749602480588975e-01 9.767481800997475094e-01 0.000000000000000000e+00
5.293376573201031832e-01 2.280921055403249686e-03 0.000000000000000000e+00 -1.218578503240235200e-01 1.022245923308576110e+00 0.000000000000000000e+00
6.313642328790698421e-01 -4.781962615263107667e-04 0.000000000000000000e+00 -3.333340756759433088e-01 6.764781478371026946e-01 0.000000000000000000e+00
7.131391148804556712e-01 7.536824835959517882e-04 0.000000000000000000e+00 3.436074663210042512e-01 4.450216828327168694e-01 0.000000000000000000e+00
5.086437806935304451e-01 3.944993346097198580e-03 0.000000000000000000e+00 1.059831209333461088e-01 1.086511395254819767e+00 0.000000000000000000e+00
5.660153458526187009e-01 -9.396221320201372101e-05 0.000000000000000000e+00 -3.162301576084721733e-01 8.692698483210725691e-01 0.000000000000000000e+00
6.305374838506565549e-01 7.574020161885616775e-04 0.000000000000000000e+00 3.720040592243015198e-01 6.583723958818045174e-01 0.000000000000000000e+00
4.975419627823010060e-01 -3.347604712562798381e-03 0.000000000000000000e+00 -1.219261987611254712e-02 1.126063671253241694e+00 0.000000000000000000e+00
6.522437281957275124e-01 1.869015302469934428e-03 0.000000000000000000e+00 -3.742798936946638566e-01 5.951563022248655965e-01 0.000000000000000000e+00
5.659799306128974195e-01 -2.574174168138772256e-03 0.000000000000000000e+00 3.110934173896556798e-01 8.712072587414280145e-01 0.000000000000000000e+00
5.104208932719980218e-01 -3.624388073025648117e-03 0.000000000000000000e+00 -8.806834969739488206e-02 1.082656003019667690e+00 0.000000000000000000e+00
6.738127659904158406e-01 2.571164474597035631e-04 0.000000000000000000e+00 -3.580977460188974337e-01 5.446938325489074639e-01 0.000000000000000000e+00
6.094098197150241703e-01 -2.546409997418773788e-03 0.000000000000000000e+00 3.361446925985916434e-01 7.364882628512048335e-01 0.000000000000000000e+00
5.174585002752627449e-01 4.175555079231716739e-03 0.000000000000000000e+00 4.774623187218764858e-02 1.063781247839075572e+00 0.000000000000000000e+00
5.654466311116626009e-01 9.399292585612925403e-04 0.000000000000000000e+00 -2.808294297468630907e-01 8.829846970483052893e-01 0.000000000000000000e+00
7.529426222549886472e-01 -1.006774513185950543e-03 0.000000000000000000e+00 3.381392953610515284e-01 3.350112446767457564e-01 0.000000000000000000e+00
8.774610763232778554e-01 -1.180082152467889112e-04 0.000000000000000000e+00 -2.320162279155957297e-01 2.885411858726535245e-02 0.000000000000000000e+00
4.749825461512827696e-01 -3.581412531089392479e-03 0.000000000000000000e+00 -2.158110909750730888e-02 1.198458529298283892e+00 0.000000000000000000e+00
7.419332359741046545e-01 -1.303649195604715191e-03 0.000000000000000000e+00 3.758558795547083387e-01 3.288700104687293790e-01 0.000000000000000000e+00
8.111756330288721895e-01 1.321762886787440118e-04 0.000000000000000000e+00 -3.248196498585538272e-01 1.487770411466174392e-01 0.000000000000000000e+00
4.607155642209624924e-01 9.853826199285650039e-04 0.000000000000000000e+00 -2.075906412309417859e-01 1.229058236302968954e+00 0.000000000000000000e+00
