-1.646303837877165499e+00 -1.337930101488384732e-04 0.000000000000000000e+00 1.403699195914202835e-01 9.531699913382452038e-01 0.000000000000000000e+00
-1.677579310614500496e+00 1.911240620699007631e-03 0.000000000000000000e+00 -1.205711114765880276e-01 9.975008668973144310e-01 0.000000000000000000e+00
-1.302367037553602724e+00 -1.527133653599559854e-03 0.000000000000000000e+00 2.085956147432261876e-01 4.375280517413391301e-01 0.000000000000000000e+00
-1.605300159267777360e+00 -4.145875658931659491e-03 0.000000000000000000e+00 1.072405406004762474e-01 9.024718071480125614e-01 0.000000000000000000e+00
-1.675486934123496585e+00 7.446190819571439461e-04 0.000000000000000000e+00 -2.262448857261949858e-02 1.001751000999445917e+00 0.000000000000000000e+00
-1.528203532609017756e+00 1.515594521425377150e-03 0.000000000000000000e+00 -1.524377619292364150e-01 7.899265857713496652e-01 0.000000000000000000e+00
-1.240498140622797507e+00 -5.919811770763502151e-04 0.000000000000000000e+00 -2.021547057468821018e-01 3.366808829334732023e-01 0.000000000000000000e+00
1.013215545548987295e+00 7.467210777584317415e-05 0.000000000000000000e+00 -3.623484280296468407e-02 1.804627605639660404e-01 0.000000000000000000e+00
-1.194653063098227275e+00 5.734344570987575523e-04 0.000000000000000000e+00 7.355626801964074146e-02 3.147274336182741550e-01 0.000000000000000000e+00
-1.207611478520951076e+00 6.040680423926407527e-04 0.000000000000000000e+00 -6.743984765348531862e-02 3.362703272924043030e-01 0.000000000000000000e+00
-1.325547941908296501e+00 5.084783494130632950e-04 0.000000000000000000e+00 -1.661102863321531897e-01 4.913331082552788720e-01 0.000000000000000000e+00
-1.509959263299721410e+00 2.218195708693047885e-03 0.000000000000000000e+00 -3.269852249791037335e-02 7.788072502944088926e-01 0.000000000000000000e+00
-1.444213867354477987e+00 -2.024734457549373645e-03 0.000000000000000000e+00 1.091688101474745654e-01 6.795381959362865043e-01 0.000000000000000000e+00
-1.257128063940466500e+00 -1.097446151997098253e-03 0.000000000000000000e+00 1.922495504472159777e-01 3.707634857327290479e-01 0.000000000000000000e+00
1.041280124860448186e+00 -2.135334358298470554e-05 0.000000000000000000e+00 9.421595171567982707e-02 9.180706282367817606e-02 0.000000000000000000e+00
-2.069890450890905953e+00 -5.943167223362403294e-03 0.000000000000000000e+00 1.325772366751923510e-02 1.501199540886665629e+00 0.000000000000000000e+00
-2.001399052445942406e+00 1.524687051947793553e-03 0.000000000000000000e+00 7.230710902496782777e-02 1.415181082818814495e+00 0.000000000000000000e+00
-1.906171915474948131e+00 6.575901333317341058e-04 0.000000000000000000e+00 1.393643249961735442e-01 1.290875399107542787e+00 0.000000000000000000e+00
-1.746865621552191605e+00 2.295062075131339141e-03 0.000000000000000000e+00 2.091520265084829411e-01 1.075071590991515613e+00 0.000000000000000000e+00
-1.497680976984599788e+00 -8.014806317445388739e-05 0.000000000000000000e+00 2.673187585763270313e-01 7.141959292586761432e-01 0.000000000000000000e+00
-1.341506931444042205e+00 -1.002557718138407522e-04 0.000000000000000000e+00 -2.753308582825888529e-01 4.666944667283949855e-01 0.000000000000000000e+00
-1.657027876232145314e+00 -2.020970910834654632e-04 0.000000000000000000e+00 -2.350642489777890753e-01 9.489696273009624594e-01 0.000000000000000000e+00
-1.848604463448678015e+00 5.869573387927845554e-04 0.000000000000000000e+00 -1.673704557332074405e-01 1.214204218528667223e+00 0.000000000000000000e+00
-1.968329706425073766e+00 -6.375345358152362946e-04 0.000000000000000000e+00 -9.941190226078128189e-02 1.372441431977355686e+00 0.000000000000000000e+00
-2.037217550155656198e+00 -2.391860510287877051e-03 0.000000000000000000e+00 -3.768136636519162086e-02 1.460697336976519711e+00 0.000000000000000000e+00
-2.335891877244116621e+00 -7.478768214864574271e-03 0.000000000000000000e+00 -7.551259557010270296e-02 1.819341970656016105e+00 0.000000000000000000e+00
-2.064195990858062935e+00 3.068221115645100583e-03 0.000000000000000000e+00 -2.036776426828434960e-01 1.480335004648067443e+00 0.000000000000000000e+00
-1.362202391563944737e+00 1.858332488822741699e-03 0.000000000000000000e+00 -3.145227301366595452e-01 4.774820769256531428e-01 0.000000000000000000e+00
-1.972396528582448960e+00 1.533465699449565456e-03 0.000000000000000000e+00 2.353286028763128812e-01 1.360893035383594629e+00 0.000000000000000000e+00
-2.305268402292949936e+00 8.610405902017476132e-03 0.000000000000000000e+00 1.022443928863651652e-01 1.781717183422142803e+00 0.000000000000000000e+00
-2.321765214891055695e+00 5.837901054838907228e-03 0.000000000000000000e+00 -1.886718126265949508e-02 1.804091096739682820e+00 0.000000000000000000e+00
-2.201653367771344350e+00 -5.625647433806918452e-03 0.000000000000000000e+00 -1.394807547476341059e-01 1.655089738945233480e+00 0.000000000000000000e+00
-1.860403544763749029e+00 6.942781887912807814e-05 0.000000000000000000e+00 -2.548229941495240847e-01 1.214195236217376905e+00 0.000000000000000000e+00
-1.379768267461805697e+00 -1.563674128895159443e-03 0.000000000000000000e+00 3.122491094912526188e-01 5.088077165253135359e-01 0.000000000000000000e+00
-1.981065925497605962e+00 1.171965341142131543e-03 0.000000000000000000e+00 2.219712019898944788e-01 1.374036070740740856e+00 0.000000000000000000e+00
-2.256688363099702777e+00 8.430250665060617932e-04 0.000000000000000000e+00 1.036153004042438264e-01 1.723723935703783017e+00 0.000000000000000000e+00
-2.310654866949055197e+00 -3.174890109148661987e-03 0.000000000000000000e+00 -5.827551336195738174e-03 1.791010831222449085e+00 0.000000000000000000e+00
-2.243122856563593892e+00 -8.362599218191199557e-03 0.000000000000000000e+00 -1.151702279786494532e-01 1.706773883807310765e+00 0.000000000000000000e+00
-1.966807643963559116e+00 1.992423503229166781e-03 0.000000000000000000e+00 -2.227816971017182179e-01 1.355967043077773049e+00 0.000000000000000000e+00
-1.371912489445162198e+00 2.115273781964070732e-03 0.000000000000000000e+00 -3.108719237717863515e-01 4.964175179792234549e-01 0.000000000000000000e+00
-1.851318092378030133e+00 -4.945599325521782448e-03 0.000000000000000000e+00 2.527980719716804714e-01 1.202860454212506536e+00 0.000000000000000000e+00
-2.188925600495164048e+00 7.321773088372646177e-03 0.000000000000000000e+00 1.448382403663884821e-01 1.639274259654249111e+00 0.000000000000000000e+00
-2.315596222734651821e+00 6.777877609123600378e-03 0.000000000000000000e+00 3.512355813434273055e-02 1.796543020138846813e+00 0.000000000000000000e+00
-2.327720098517995773e+00 -7.095025577091247648e-03 0.000000000000000000e+00 -9.835777678763707454e-02 1.808570258149633903e+00 0.000000000000000000e+00
-1.962996060922720165e+00 -4.330204633155518290e-03 0.000000000000000000e+00 -2.447105981086495352e-01 1.347369355513603928e+00 0.000000000000000000e+00
-1.490667357890552269e+00 3.096378301784337428e-03 0.000000000000000000e+00 3.231873416929723630e-01 6.800137064678017929e-01 0.000000000000000000e+00
-2.149216634477062016e+00 -1.250258061175305024e-03 0.000000000000000000e+00 1.809892841265682284e-01 1.587454837130519492e+00 0.000000000000000000e+00
-2.378045480639685572e+00 -9.021539339816364578e-03 0.000000000000000000e+00 3.107380637356595143e-02 1.870374600745505322e+00 0.000000000000000000e+00
-2.342525675988146538e+00 -1.181827780658048499e-03 0.000000000000000000e+00 -1.109067592957064113e-01 1.825368717498538906e+00 0.000000000000000000e+00
-1.834084984300760501e+00 1.029337077874943867e-03 0.000000000000000000e+00 -2.813781031481799588e-01 1.173979464540025885e+00 0.000000000000000000e+00
-1.837252694714929691e+00 2.186120020572591971e-03 0.000000000000000000e+00 2.827671866963924474e-01 1.177793259024622508e+00 0.000000000000000000e+00
-2.343780014774612841e+00 1.705739193997600489e-03 0.000000000000000000e+00 1.105462852478237695e-01 1.826875469956365849e+00 0.000000000000000000e+00
-2.376016590010123775e+00 6.245850304796332110e-03 0.000000000000000000e+00 -3.368719138860436224e-02 1.867930977360714007e+00 0.000000000000000000e+00
-2.148266790421042849e+00 -5.473479296972130759e-03 0.000000000000000000e+00 -1.856892532174967136e-01 1.585763410876189106e+00 0.000000000000000000e+00
-1.500336565546324108e+00 -2.392510682866968302e-03 0.000000000000000000e+00 -3.223136390279295327e-01 6.951649312494702082e-01 0.000000000000000000e+00
-1.954317988072847623e+00 -4.702579515024479795e-04 0.000000000000000000e+00 2.433496571430123212e-01 1.336631480667567651e+00 0.000000000000000000e+00
-2.322232944575397084e+00 3.230469228543590872e-03 0.000000000000000000e+00 9.807664559823156547e-02 1.802071629234675676e+00 0.000000000000000000e+00
-2.326527623608002582e+00 7.475578467471578892e-03 0.000000000000000000e+00 -2.300161566116621509e-02 1.809687704086832216e+00 0.000000000000000000e+00
-2.189346744354586427e+00 1.067712042669973632e-03 0.000000000000000000e+00 -1.430468720225041013e-01 1.639926527522525213e+00 0.000000000000000000e+00
-1.815019558340974282e+00 -2.239674299441066219e-03 0.000000000000000000e+00 -2.683836542974069594e-01 1.152067895714707024e+00 0.000000000000000000e+00
-1.488396044366055104e+00 3.349148409080140998e-03 0.000000000000000000e+00 3.165643315151291937e-01 6.796621914922280627e-01 0.000000000000000000e+00
-2.038598108366450834e+00 -1.459951791278266131e-03 0.000000000000000000e+00 2.030521223568486078e-01 1.448719778217295584e+00 0.000000000000000000e+00
-2.286621385177681098e+00 -6.661645032228630248e-03 0.000000000000000000e+00 7.908718228648760340e-02 1.760722342742329971e+00 0.000000000000000000e+00
-2.282683283193143176e+00 -7.122542447645617558e-03 0.000000000000000000e+00 -2.108307498073562145e-02 1.757690056859061212e+00 0.000000000000000000e+00
-2.218721489145692338e+00 1.998922497174641932e-03 0.000000000000000000e+00 -1.047919773470752103e-01 1.678164219050262806e+00 0.000000000000000000e+00
-1.997803083573089999e+00 -1.310459707153793785e-04 0.000000000000000000e+00 -2.058071075170124498e-01 1.397508654770101444e+00 0.000000000000000000e+00
-1.584204655271868267e+00 9.506382979775525321e-04 0.000000000000000000e+00 -3.007587792859678366e-01 8.275261742223756212e-01 0.000000000000000000e+00
-1.610405925250943060e+00 -2.690115547441668253e-03 0.000000000000000000e+00 2.963812773008011048e-01 8.663597647559344583e-01 0.000000000000000000e+00
-2.011846673039432876e+00 -3.276473946757813005e-03 0.000000000000000000e+00 1.986129549226756108e-01 1.416076028652710317e+00 0.000000000000000000e+00
-2.224833609857176597e+00 3.010739344353471209e-03 0.000000000000000000e+00 1.044047214809534496e-01 1.685528017229729114e+00 0.000000000000000000e+00
-2.280906640095096360e+00 5.776244762616403877e-03 0.000000000000000000e+00 1.642976067836508444e-02 1.755622020535616556e+00 0.000000000000000000e+00
-2.275401904781512386e+00 -7.478787992861710143e-03 0.000000000000000000e+00 -9.102070014545798893e-02 1.746783998831158868e+00 0.000000000000000000e+00
-2.044263581109879269e+00 4.267218210184081650e-03 0.000000000000000000e+00 -1.959213441438327485e-01 1.456729987968020890e+00 0.000000000000000000e+00
-1.550063579385931867e+00 -3.115487791211235535e-04 0.000000000000000000e+00 -3.096171802699898556e-01 7.747224802602412641e-01 0.000000000000000000e+00
-1.743392456394306178e+00 -3.733363579403896348e-03 0.000000000000000000e+00 2.780840638346536720e-01 1.054687285399100505e+00 0.000000000000000000e+00
-2.137439134879766556e+00 -7.594951199883841209e-03 0.000000000000000000e+00 1.575064835528421636e-01 1.575645435867629507e+00 0.000000000000000000e+00
-2.306146389088740811e+00 2.670075259522260071e-03 0.000000000000000000e+00 5.403761675994970398e-02 1.784857006496572307e+00 0.000000000000000000e+00
1.041681401709012800e+00 6.250618426750630813e-04 0.000000000000000000e+00 2.113139123409736933e-02 1.298615789060907355e-01 0.000000000000000000e+00
-2.368568273012057190e+00 -5.009662636809283920e-03 0.000000000000000000e+00 -7.722801915969874920e-02 1.857857757365075635e+00 0.000000000000000000e+00
-2.022381622123451628e+00 6.045785185758920099e-04 0.000000000000000000e+00 -2.288787892660603673e-01 1.424656570329331462e+00 0.000000000000000000e+00
-1.461912536252820249e+00 2.289827454673987184e-03 0.000000000000000000e+00 3.253507109901214722e-01 6.344366760147466255e-01 0.000000000000000000e+00
-2.173342860575081303e+00 1.006784515481633224e-03 0.000000000000000000e+00 1.796120900082299188e-01 1.616932531064911860e+00 0.000000000000000000e+00
-2.400000411625982544e+00 -9.415511123688193040e-03 0.000000000000000000e+00 1.988655468351829131e-02 1.896336316463831384e+00 0.000000000000000000e+00
-2.312502628332266497e+00 -7.389323849575940573e-03 0.000000000000000000e+00 -1.303281672205540698e-01 1.788481621055420634e+00 0.000000000000000000e+00
-1.767880451314055357e+00 3.796905122272778432e-03 0.000000000000000000e+00 -2.920060283401841872e-01 1.083753834021794038e+00 0.000000000000000000e+00
-1.883950264765313243e+00 3.153195121146701307e-03 0.000000000000000000e+00 2.721301550869461572e-01 1.240925546314520123e+00 0.000000000000000000e+00
-2.352708951001105220e+00 -7.370690594797751904e-03 0.000000000000000000e+00 9.479212103154772973e-02 1.838330186041086334e+00 0.000000000000000000e+00
-2.347630057250544411e+00 -1.297036489798526065e-03 0.000000000000000000e+00 -4.003313794393367764e-02 1.834328030192579284e+00 0.000000000000000000e+00
-2.159879750166330492e+00 7.829267220742709699e-03 0.000000000000000000e+00 -1.611159991141941639e-01 1.602568609614149153e+00 0.000000000000000000e+00
-1.657132774765895267e+00 -3.852222114158351807e-03 0.000000000000000000e+00 -3.038026315892253804e-01 9.294050754581670848e-01 0.000000000000000000e+00
-1.768232844203199594e+00 -4.995748257038246098e-03 0.000000000000000000e+00 2.788635720225359771e-01 1.087683605990150681e+00 0.000000000000000000e+00
-2.206474094535237462e+00 -9.040104092525175217e-04 0.000000000000000000e+00 1.456674234608407170e-01 1.660362827647499984e+00 0.000000000000000000e+00
-2.352547482699229420e+00 -1.317882096136063774e-03 0.000000000000000000e+00 1.904348887370962973e-02 1.840470652763638304e+00 0.000000000000000000e+00
-2.295930597694072706e+00 6.197633603453225892e-03 0.000000000000000000e+00 -1.042019463420520570e-01 1.770494942055822252e+00 0.000000000000000000e+00
-1.904615119355925312e+00 -1.752170941732661413e-03 0.000000000000000000e+00 -2.563710676492761409e-01 1.270823399552292621e+00 0.000000000000000000e+00
-1.558605614836882092e+00 -3.672543222602464574e-03 0.000000000000000000e+00 3.147822296384636953e-01 7.851528710244255471e-01 0.000000000000000000e+00
-2.156942895067460064e+00 2.665282727060740327e-03 0.000000000000000000e+00 1.779843703908860486e-01 1.597197973964258111e+00 0.000000000000000000e+00
-2.370115888801422876e+00 3.300100970299396641e-03 0.000000000000000000e+00 3.956698861700434777e-02 1.860861749411015786e+00 0.000000000000000000e+00
-2.339264465364270684e+00 8.995497010116912384e-03 0.000000000000000000e+00 -1.004584512440604566e-01 1.822136757492676118e+00 0.000000000000000000e+00
-1.855640163472704884e+00 6.873909293857189545e-04 0.000000000000000000e+00 -2.754394531736682472e-01 1.203497783710399949e+00 0.000000000000000000e+00
-1.790945719777228273e+00 -4.465289240819007854e-03 0.000000000000000000e+00 2.866255786624198332e-01 1.115866248843270681e+00 0.000000000000000000e+00
-2.316143648124831422e+00 5.425158579943517058e-03 0.000000000000000000e+00 1.253186281480750952e-01 1.793159323602775856e+00 0.000000000000000000e+00
-2.393791591473711122e+00 -5.568730556960166389e-03 0.000000000000000000e+00 -3.363005402159022217e-02 1.888836475909701162e+00 0.000000000000000000e+00
-2.172285961413530586e+00 6.135186278894165512e-03 0.000000000000000000e+00 -1.727682718361608361e-01 1.616407677100840878e+00 0.000000000000000000e+00
-1.488272682913986955e+00 -1.713910933829652841e-03 0.000000000000000000e+00 -3.241200713250804721e-01 6.759028844359409316e-01 0.000000000000000000e+00
-1.996882092968828903e+00 -2.120141131106464960e-03 0.000000000000000000e+00 2.337976208813739576e-01 1.391947460550889915e+00 0.000000000000000000e+00
-2.354014821456833051e+00 7.726526783852605273e-03 0.000000000000000000e+00 8.749397335343839233e-02 1.840236746632383014e+00 0.000000000000000000e+00
-2.184247485664736921e+00 -3.280951637147066710e-03 0.000000000000000000e+00 -7.853501901292869042e-03 1.640002340893935706e+00 0.000000000000000000e+00
-2.247018053973878438e+00 -3.680149410635903499e-03 0.000000000000000000e+00 -6.301773078114811244e-02 1.714139542417850048e+00 0.000000000000000000e+00
-2.131210440393325634e+00 2.282156006712143456e-03 0.000000000000000000e+00 -1.415632839957422506e-01 1.569564173286754016e+00 0.000000000000000000e+00
-1.896639886346475068e+00 -3.086649775343591751e-03 0.000000000000000000e+00 -2.326943555784480866e-01 1.265179859725091394e+00 0.000000000000000000e+00
-1.496941415095485617e+00 -2.285700807493889347e-03 0.000000000000000000e+00 -3.069092595205207830e-01 6.969960588875003804e-01 0.000000000000000000e+00
-1.594930547258395226e+00 2.385576642312585427e-03 0.000000000000000000e+00 2.971961763235139165e-01 8.441260770243628198e-01 0.000000000000000000e+00
-1.952372452191737606e+00 -1.320163262011592176e-03 0.000000000000000000e+00 2.126303923976774202e-01 1.339410784675450605e+00 0.000000000000000000e+00
-2.162873378971761351e+00 -6.905734497885646084e-03 0.000000000000000000e+00 1.214480697559603417e-01 1.609685179430903723e+00 0.000000000000000000e+00
-2.255622635464778369e+00 -5.838977910718745612e-04 0.000000000000000000e+00 4.447800596009368612e-02 1.724994002742075594e+00 0.000000000000000000e+00
-1.919901864287592685e+00 5.924954727973160556e-03 0.000000000000000000e+00 7.614698229309235789e-02 1.313414188742831890e+00 0.000000000000000000e+00
-1.689901738721521607e+00 4.509722557354706521e-03 0.000000000000000000e+00 2.028540164441242633e-01 1.000612436790436099e+00 0.000000000000000000e+00
-1.333630447575008038e+00 1.389441212962260613e-03 0.000000000000000000e+00 -2.624771694380765297e-01 4.609431363759329825e-01 0.000000000000000000e+00
-1.790404878731379990e+00 2.400457845979947491e-03 0.000000000000000000e+00 -1.574117483454559596e-01 1.140582186446730928e+00 0.000000000000000000e+00
-1.950617437508782359e+00 6.523156853146444556e-03 0.000000000000000000e+00 -2.800650022442598142e-02 1.353720407097292799e+00 0.000000000000000000e+00
-1.806450003793173886e+00 1.778835736329212325e-03 0.000000000000000000e+00 1.187234091028143423e-01 1.165932670979076935e+00 0.000000000000000000e+00
-1.201812860469214872e+00 -9.452001229087153133e-04 0.000000000000000000e+00 2.334042262525842792e-01 2.391303620337442426e-01 0.000000000000000000e+00
-1.793991184420364871e+00 4.941439938415947974e-04 0.000000000000000000e+00 -1.253582403758657926e-01 1.149177685438484531e+00 0.000000000000000000e+00
-1.929655879080194536e+00 -6.509623233579149917e-03 0.000000000000000000e+00 2.787944766555585513e-02 1.327542092875485524e+00 0.000000000000000000e+00
-1.735286382715918618e+00 -1.832761594588380727e-03 0.000000000000000000e+00 1.739590166947909133e-01 1.066112738265902582e+00 0.000000000000000000e+00
-1.294561673574818439e+00 1.821894788650884299e-03 0.000000000000000000e+00 -2.568836928001950182e-01 3.974425397728830189e-01 0.000000000000000000e+00
-1.797843214004928969e+00 -3.397427535026968648e-03 0.000000000000000000e+00 -1.475000345128565649e-01 1.151531303443912968e+00 0.000000000000000000e+00
-1.943388812101584984e+00 4.577106968298737255e-03 0.000000000000000000e+00 -2.344127442072657663e-03 1.344985366465233145e+00 0.000000000000000000e+00
-1.810464783087186502e+00 -5.071665123172836021e-03 0.000000000000000000e+00 1.320728646522894845e-01 1.169673538369389032e+00 0.000000000000000000e+00
-1.319329834140487989e+00 -7.993551162527234508e-04 0.000000000000000000e+00 2.581642867008343556e-01 4.393557725115203594e-01 0.000000000000000000e+00
-1.732771826937587356e+00 -1.380757173722185760e-04 0.000000000000000000e+00 -1.739530479272776153e-01 1.062802165323161852e+00 0.000000000000000000e+00
-1.926637951681936523e+00 -5.007965093666215048e-03 0.000000000000000000e+00 -3.104585373119124123e-02 1.323689154276637581e+00 0.000000000000000000e+00
-1.793422455758626022e+00 -3.938537994310164353e-03 0.000000000000000000e+00 1.274266719043353757e-01 1.148221848437041892e+00 0.000000000000000000e+00
-1.124991955507764985e+00 3.682246423387965225e-04 0.000000000000000000e+00 1.934812776751818897e-01 9.560027538686086124e-02 0.000000000000000000e+00
-1.181701718046128891e+00 4.777558115575241543e-04 0.000000000000000000e+00 -2.265025591075731093e-01 2.018671572353420429e-01 0.000000000000000000e+00
-1.799704146087338641e+00 -6.281116959925923254e-04 0.000000000000000000e+00 -1.264893514685546394e-01 1.156424383468151351e+00 0.000000000000000000e+00
-1.931822405426118383e+00 4.384245749053678615e-04 0.000000000000000000e+00 2.954578567109531276e-02 1.330203305783791645e+00 0.000000000000000000e+00
-1.744542022130401548e+00 1.002504729178583381e-03 0.000000000000000000e+00 1.718390283601439750e-01 1.078620245096126418e+00 0.000000000000000000e+00
-1.262921021011242928e+00 1.584682782026323056e-03 0.000000000000000000e+00 -2.528466862294678208e-01 3.432358049245859966e-01 0.000000000000000000e+00
-1.789701830620480605e+00 3.607665245034114010e-04 0.000000000000000000e+00 -1.495325499125862434e-01 1.140730326656452132e+00 0.000000000000000000e+00
-1.941611610156814383e+00 1.768451012950288288e-03 0.000000000000000000e+00 -8.700072360085419482e-03 1.342735609469409397e+00 0.000000000000000000e+00
-1.810637118636641896e+00 -5.382901008705589900e-03 0.000000000000000000e+00 1.296564893876628044e-01 1.170167304664243346e+00 0.000000000000000000e+00
-1.309911301236802217e+00 -1.939095399949054832e-03 0.000000000000000000e+00 2.567106978407625584e-01 4.241730573869575416e-01 0.000000000000000000e+00
-1.740339007641871216e+00 -3.271931344699031963e-03 0.000000000000000000e+00 -1.709877525754871230e-01 1.073239907436245755e+00 0.000000000000000000e+00
-1.926532524006016711e+00 -1.936921698287685789e-03 0.000000000000000000e+00 -2.120045270777426785e-02 1.323745021045879655e+00 0.000000000000000000e+00
-1.789725992769448215e+00 -5.096354934040744911e-03 0.000000000000000000e+00 1.324623666069348893e-01 1.142879245827636225e+00 0.000000000000000000e+00
-1.133417436379483778e+00 -4.039024876178172550e-04 0.000000000000000000e+00 2.000789838637917484e-01 1.111487163719735854e-01 0.000000000000000000e+00
-1.178069549071999012e+00 1.973559176560312650e-04 0.000000000000000000e+00 -2.255320446747036689e-01 1.945206705182751517e-01 0.000000000000000000e+00
-1.795032102329019885e+00 1.800425899193547341e-04 0.000000000000000000e+00 -1.325033459070167619e-01 1.149721064069074927e+00 0.000000000000000000e+00
-1.928890609228948394e+00 5.042667118000943027e-03 0.000000000000000000e+00 2.576825023295789552e-02 1.326622642380524741e+00 0.000000000000000000e+00
-1.745160826817652167e+00 -3.117829346144483649e-03 0.000000000000000000e+00 1.663173754048102859e-01 1.080300940451450309e+00 0.000000000000000000e+00
-1.285588171572698002e+00 -2.843347476369629916e-04 0.000000000000000000e+00 -2.557404421638211911e-01 3.823347686748578278e-01 0.000000000000000000e+00
-1.802091209937194627e+00 5.392517422062995114e-03 0.000000000000000000e+00 -1.363923623342087332e-01 1.158388924182759183e+00 0.000000000000000000e+00
-1.940836801138539958e+00 -1.545828424951075156e-03 0.000000000000000000e+00 1.366856486102056237e-03 1.341795983650111435e+00 0.000000000000000000e+00
-1.795429236392577454e+00 5.143739688893244136e-03 0.000000000000000000e+00 1.480102441598266927e-01 1.148351165534042817e+00 0.000000000000000000e+00
-1.272606636900276644e+00 -4.527925243275922329e-05 0.000000000000000000e+00 2.542738281445580673e-01 3.599873953449889141e-01 0.000000000000000000e+00
-1.746247900566890499e+00 7.286057079185781493e-04 0.000000000000000000e+00 -1.683094757062059410e-01 1.081415096852499147e+00 0.000000000000000000e+00
-1.930419196508731616e+00 1.743446243278171104e-03 0.000000000000000000e+00 -2.274819751136262364e-02 1.328583438141806461e+00 0.000000000000000000e+00
-1.798574027103458040e+00 -3.109986394751074190e-03 0.000000000000000000e+00 1.279650383258658097e-01 1.154808938014680653e+00 0.000000000000000000e+00
-1.192971954395440459e+00 8.598058640427799770e-04 0.000000000000000000e+00 2.317763996625464284e-01 2.216014970127297701e-01 0.000000000000000000e+00
-1.098881557718792479e+00 -4.511192929929655438e-05 0.000000000000000000e+00 -1.696486753086235422e-01 4.450452144956786732e-02 0.000000000000000000e+00
-1.787738097747667121e+00 4.952901127859912767e-03 0.000000000000000000e+00 -1.331874599875867704e-01 1.140224400888950829e+00 0.000000000000000000e+00
-1.925482671673380164e+00 -3.568764985523248390e-03 0.000000000000000000e+00 1.728330486406883665e-02 1.322491237764461092e+00 0.000000000000000000e+00
-1.736921396778458693e+00 4.162807218730468772e-03 0.000000000000000000e+00 1.726273199352750809e-01 1.068487353720991573e+00 0.000000000000000000e+00
-1.320712047040602410e+00 -8.782335753084007102e-04 0.000000000000000000e+00 -2.580644818587410905e-01 4.417588052186295355e-01 0.000000000000000000e+00
-1.813843143823158144e+00 -1.872010414777899867e-03 0.000000000000000000e+00 -1.318842557268032623e-01 1.174034799346659330e+00 0.000000000000000000e+00
-1.942569077059491445e+00 5.844022213915785191e-03 0.000000000000000000e+00 1.720197945799922107e-02 1.343859845378688300e+00 0.000000000000000000e+00
-1.789018744464555777e+00 6.209532260077628950e-04 0.000000000000000000e+00 1.515891542095773592e-01 1.139575141633424549e+00 0.000000000000000000e+00
-1.268354886679529780e+00 -8.224314018712378799e-04 0.000000000000000000e+00 2.542212781351459450e-01 3.522567147302410606e-01 0.000000000000000000e+00
-1.740022670596592658e+00 -1.349841907069784797e-03 0.000000000000000000e+00 -1.749273852229426274e-01 1.072186722637033629e+00 0.000000000000000000e+00
-1.931740067746148481e+00 3.115518729887469321e-03 0.000000000000000000e+00 -3.117406450127484241e-02 1.330067505863529398e+00 0.000000000000000000e+00
-1.795173523615976485e+00 -1.377945927217794075e-03 0.000000000000000000e+00 1.234471447483795892e-01 1.150912870136181931e+00 0.000000000000000000e+00
-1.197333589415920274e+00 -6.038043027814102900e-04 0.000000000000000000e+00 -2.320661866010992058e-01 2.308492909601860543e-01 0.000000000000000000e+00
-1.806646669203333833e+00 -5.472264593776952207e-04 0.000000000000000000e+00 -1.171559695475204443e-01 1.166345441667389959e+00 0.000000000000000000e+00
-1.953612791834603568e+00 -2.560938059963499894e-03 0.000000000000000000e+00 3.095048241864464464e-02 1.357380632625422301e+00 0.000000000000000000e+00
-1.797268909611178911e+00 3.437128261517850142e-03 0.000000000000000000e+00 1.591621548463833524e-01 1.149236174058928084e+00 0.000000000000000000e+00
-1.363183787839410410e+00 2.266863421792171540e-03 0.000000000000000000e+00 2.645901889638379578e-01 5.084739504629156581e-01 0.000000000000000000e+00
-1.671399378861267326e+00 1.889519827421762277e-03 0.000000000000000000e+00 -2.063500168717459782e-01 9.750373475010566393e-01 0.000000000000000000e+00
-1.912749497858893477e+00 -4.555163964113206898e-03 0.000000000000000000e+00 -8.499340309347494515e-02 1.303882005489797713e+00 0.000000000000000000e+00
-2.071771453750757885e+00 4.569280396426083149e-03 0.000000000000000000e+00 5.674827697283113537e-03 1.503551066429930527e+00 0.000000000000000000e+00
-1.950540105892045295e+00 8.570794167256819140e-04 0.000000000000000000e+00 7.452506391159594012e-02 1.351849885349485803e+00 0.000000000000000000e+00
-1.780376748313345026e+00 5.203959006128505010e-03 0.000000000000000000e+00 1.808408117560731387e-01 1.124059879441787313e+00 0.000000000000000000e+00
-1.413013420848156843e+00 1.788964511180591438e-03 0.000000000000000000e+00 2.676364718638184481e-01 5.861014905860392199e-01 0.000000000000000000e+00
-1.579874687223253638e+00 -1.936732975984616079e-03 0.000000000000000000e+00 -2.424497210657486357e-01 8.403879959599818150e-01 0.000000000000000000e+00
-1.859438534329256321e+00 5.012964640570438668e-03 0.000000000000000000e+00 -1.361255644069379045e-01 1.231944230681696784e+00 0.000000000000000000e+00
-1.980869591507141037e+00 -3.127889086568594323e-03 0.000000000000000000e+00 -4.119464806112510535e-02 1.391007246158170840e+00 0.000000000000000000e+00
-1.536667481802414859e+00 2.816488644665158733e-03 0.000000000000000000e+00 1.764840209484533351e-01 7.967641729354467683e-01 0.000000000000000000e+00
-1.725307075983926630e+00 4.755760173448423528e-03 0.000000000000000000e+00 -3.561924371167233400e-02 1.066651492565626080e+00 0.000000000000000000e+00
-1.275665057171576411e+00 1.073262708194844955e-03 0.000000000000000000e+00 -2.230589837467896464e-01 3.853839736655763071e-01 0.000000000000000000e+00
-1.708776949359126718e+00 -2.681129057270463523e-05 0.000000000000000000e+00 7.402607267124503010e-02 1.043055565380331728e+00 0.000000000000000000e+00
-1.598864670729182702e+00 1.818422417894986071e-03 0.000000000000000000e+00 -1.503328828699218578e-01 8.875601991905222032e-01 0.000000000000000000e+00
-1.068070473713143231e+00 3.363212640651112428e-04 0.000000000000000000e+00 9.493295131324164249e-02 8.661519978877171844e-02 0.000000000000000000e+00
-1.083796971132277243e+00 -1.789155066493821472e-04 0.000000000000000000e+00 -9.789225570286264055e-02 1.165998304164376498e-01 0.000000000000000000e+00
1.023640262640867604e+00 2.128808078807793453e-04 0.000000000000000000e+00 7.533412551684268155e-02 1.256398530597804819e-01 0.000000000000000000e+00
-1.851558504457146981e+00 -4.263164204408621816e-03 0.000000000000000000e+00 8.276715519816547906e-02 1.226660836560703238e+00 0.000000000000000000e+00
-1.424519187454278191e+00 8.606080132784812986e-04 0.000000000000000000e+00 2.492672422105061958e-01 6.117386653638113847e-01 0.000000000000000000e+00
-1.722374254597097254e+00 3.010411550109491109e-04 0.000000000000000000e+00 -1.656653332735682493e-01 1.050434588710026151e+00 0.000000000000000000e+00
-1.907370197990200911e+00 -4.174297761814334262e-03 0.000000000000000000e+00 -7.612683103226380865e-04 1.299896232695523679e+00 0.000000000000000000e+00
-1.714320298237682394e+00 1.054763108059485199e-03 0.000000000000000000e+00 1.706971203206625043e-01 1.038988952564059431e+00 0.000000000000000000e+00
-1.438354219214399432e+00 1.433251288754535877e-03 0.000000000000000000e+00 -2.468132455614569232e-01 6.336755209586211190e-01 0.000000000000000000e+00
-1.854034592665362080e+00 -4.083272952547442602e-04 0.000000000000000000e+00 -8.485604960827083931e-02 1.229660439829280305e+00 0.000000000000000000e+00
1.025747025605777463e+00 2.998718151682782046e-04 0.000000000000000000e+00 -8.391849088483732677e-02 1.153221636291521385e-01 0.000000000000000000e+00
-1.198299685670959569e+00 1.019661505533737966e-03 0.000000000000000000e+00 -2.362218737070303359e-02 3.279648990853957780e-01 0.000000000000000000e+00
-1.241772051622458628e+00 9.676288718353191071e-04 0.000000000000000000e+00 -2.842977309839873901e-02 3.936321123690507129e-01 0.000000000000000000e+00
9.953035856958449834e-01 6.323765550345845140e-04 0.000000000000000000e+00 8.432694620922681628e-02 2.842339300991469919e-01 0.000000000000000000e+00
-1.106881771078970456e+00 7.393819864349397003e-05 0.000000000000000000e+00 3.674450045483758365e-02 1.841364860445096896e-01 0.000000000000000000e+00
-1.093591876110784789e+00 -6.924395203205153948e-04 0.000000000000000000e+00 1.105818074613989024e-02 1.668916724154489439e-01 0.000000000000000000e+00
-1.178860430513412716e+00 -1.123934599983344301e-03 0.000000000000000000e+00 -1.131489130268525239e-01 2.768264294855766749e-01 0.000000000000000000e+00
-1.248292305118605672e+00 1.033905927567711335e-03 0.000000000000000000e+00 5.084369261235754250e-02 4.012370290108934756e-01 0.000000000000000000e+00
9.703081128996375870e-01 -5.392515507932503418e-04 0.000000000000000000e+00 2.168586365620064210e-02 1.363779181021111953e-01 0.000000000000000000e+00
9.465415996418495848e-01 4.314791559571862049e-04 0.000000000000000000e+00 4.588294682243806988e-02 1.295429205688000684e-01 0.000000000000000000e+00
9.396982205815245237e-01 -5.287164199321188474e-04 0.000000000000000000e+00 -4.470048613764679435e-02 1.358675229779576221e-01 0.000000000000000000e+00
9.960581948022024790e-01 -5.016169352587395705e-04 0.000000000000000000e+00 -1.543128589411605633e-01 2.800471064968528268e-01 0.000000000000000000e+00
-1.236554641013630551e+00 -2.330264577853919522e-04 0.000000000000000000e+00 -8.303612954762000509e-02 3.777899204159078095e-01 0.000000000000000000e+00
-1.260617496994948405e+00 1.053784135077271951e-03 0.000000000000000000e+00 5.583387011203769928e-02 4.191828990248200881e-01 0.000000000000000000e+00
1.023282676118783652e+00 -6.327383416140424863e-04 0.000000000000000000e+00 7.011156926244349608e-02 1.294469483056512327e-01 0.000000000000000000e+00
-1.872231600938553786e+00 -3.499157278733233678e-03 0.000000000000000000e+00 7.735590056822383431e-02 1.253241214961679173e+00 0.000000000000000000e+00
-1.515960181047023791e+00 3.077541196700141896e-03 0.000000000000000000e+00 2.386048444649621070e-01 7.507442597460014522e-01 0.000000000000000000e+00
-1.648369579409953101e+00 -4.473670600354182070e-04 0.000000000000000000e+00 -2.009485601529726606e-01 9.450733833346696144e-01 0.000000000000000000e+00
-1.903524088871962228e+00 5.431530841267101506e-04 0.000000000000000000e+00 -4.103385234772177759e-02 1.294409031462923521e+00 0.000000000000000000e+00
-1.754958301599594872e+00 3.465732090595441753e-03 0.000000000000000000e+00 1.380994273033381847e-01 1.097060564532839733e+00 0.000000000000000000e+00
-1.401592633446900216e+00 -2.781448063498011269e-03 0.000000000000000000e+00 -2.470323596255070975e-01 5.775073599543942837e-01 0.000000000000000000e+00
-1.847177326474685355e+00 -2.274053552215521412e-03 0.000000000000000000e+00 -6.375756750584996024e-02 1.222223435816456760e+00 0.000000000000000000e+00
-1.667887324608684052e+00 -9.146690747688923651e-04 0.000000000000000000e+00 1.553467029725782156e-01 9.797650066281187176e-01 0.000000000000000000e+00
-1.626436157951371975e+00 -4.083399845467604490e-03 0.000000000000000000e+00 -1.767866579980751363e-01 9.202392887620514106e-01 0.000000000000000000e+00
-1.827467550797464702e+00 -3.421308548719005638e-03 0.000000000000000000e+00 5.197966424349610010e-02 1.197685664432645680e+00 0.000000000000000000e+00
-1.293443219646144504e+00 1.000957825097890420e-03 0.000000000000000000e+00 2.445367887932704543e-01 4.032377544940438097e-01 0.000000000000000000e+00
-1.794884561418312874e+00 -5.660209843321245549e-03 0.000000000000000000e+00 -9.366713567021064946e-02 1.153359162573263763e+00 0.000000000000000000e+00
-1.473503996884087064e+00 1.507450285192918349e-04 0.000000000000000000e+00 1.903980082207946956e-01 7.038389358360706005e-01 0.000000000000000000e+00
-1.717789185421561005e+00 -1.978525099423511166e-03 0.000000000000000000e+00 1.834550453201103278e-03 1.057443621840006731e+00 0.000000000000000000e+00
-1.490392703244461714e+00 -1.429157538912571163e-03 0.000000000000000000e+00 -1.857029354493686113e-01 7.292671943783690658e-01 0.000000000000000000e+00
-1.906341442562448973e+00 6.126410195200562847e-03 0.000000000000000000e+00 6.477483304738446135e-02 1.296995166283543277e+00 0.000000000000000000e+00
-1.646287683383738099e+00 2.959796552046426582e-03 0.000000000000000000e+00 2.085916868887055520e-01 9.405938214598283942e-01 0.000000000000000000e+00
-1.482521516366083203e+00 2.493981214162430127e-03 0.000000000000000000e+00 -2.461494470343855157e-01 6.996097023588084829e-01 0.000000000000000000e+00
-1.857776561903853541e+00 3.783243273680587243e-03 0.000000000000000000e+00 -1.030943559851845992e-01 1.233031678798854447e+00 0.000000000000000000e+00
-1.978736764008371507e+00 4.667693145033034730e-03 0.000000000000000000e+00 2.400965670106474867e-02 1.388768708684155140e+00 0.000000000000000000e+00
-1.863084469624239903e+00 -4.242545966712418792e-03 0.000000000000000000e+00 1.268145738634999520e-01 1.237578047429564121e+00 0.000000000000000000e+00
-1.564776146597062878e+00 -4.047560639954754513e-03 0.000000000000000000e+00 2.392203214396410593e-01 8.200956986915173275e-01 0.000000000000000000e+00
-1.478919238078129306e+00 1.169662302545691757e-03 0.000000000000000000e+00 -2.566531389140017660e-01 6.904982323473463079e-01 0.000000000000000000e+00
-1.825514420161657991e+00 -3.019780667605165281e-03 0.000000000000000000e+00 -1.524193694244251607e-01 1.186573075594032911e+00 0.000000000000000000e+00
-1.966494645684606191e+00 -1.279754074218118765e-03 0.000000000000000000e+00 -3.944375661888090134e-02 1.373199444166620653e+00 0.000000000000000000e+00
-1.715136347477848711e+00 -3.507971284017550283e-03 0.000000000000000000e+00 1.323785309369255869e-01 1.045642094433653968e+00 0.000000000000000000e+00
-1.552932158088432324e+00 -1.874214017789976872e-03 0.000000000000000000e+00 -2.044585898162848969e-01 8.128929379500734465e-01 0.000000000000000000e+00
-1.833358527704274987e+00 -2.310650167322511779e-03 0.000000000000000000e+00 2.248837250486369552e-02 1.206106445452412412e+00 0.000000000000000000e+00
-1.397259151443548841e+00 -2.274394518697601258e-03 0.000000000000000000e+00 2.377875083115024157e-01 5.747129824594134906e-01 0.000000000000000000e+00
-1.774020742344381674e+00 -4.452323731497500811e-03 0.000000000000000000e+00 -1.020126914744103885e-01 1.125717758789012368e+00 0.000000000000000000e+00
-1.270557681629911784e+00 -1.501694401711214238e-03 0.000000000000000000e+00 2.063346665755512177e-01 3.860127275128058533e-01 0.000000000000000000e+00
-1.559428878819074216e+00 3.716763545760698451e-03 0.000000000000000000e+00 1.362683880146529358e-01 8.359978967672379024e-01 0.000000000000000000e+00
-1.671625352397865694e+00 -2.054762244244411062e-03 0.000000000000000000e+00 1.062944506531909167e-02 9.968785522665815080e-01 0.000000000000000000e+00
-1.596901406375781818e+00 1.915973588622184483e-03 0.000000000000000000e+00 -1.099346068687567651e-01 8.908121215512729840e-01 0.000000000000000000e+00
-1.328215300033218416e+00 -2.171870325268967367e-04 0.000000000000000000e+00 -2.051985786967658321e-01 4.805923210495971487e-01 0.000000000000000000e+00
-1.920557579029713358e+00 -4.938123730933380653e-03 0.000000000000000000e+00 5.448232372247918676e-02 1.315314489495124750e+00 0.000000000000000000e+00
-1.691284670974749327e+00 2.847524813167176538e-03 0.000000000000000000e+00 1.972005389649272578e-01 1.003592232497832359e+00 0.000000000000000000e+00
-1.371779799386684928e+00 1.174713245016117610e-03 0.000000000000000000e+00 -2.606111675343595335e-01 5.243606334803770919e-01 0.000000000000000000e+00
-1.814641303921634918e+00 2.699787831372892771e-03 0.000000000000000000e+00 -1.387517187918471118e-01 1.174274430540021008e+00 0.000000000000000000e+00
-1.951612662285610256e+00 4.810736706616774994e-04 0.000000000000000000e+00 -7.581046562119879428e-03 1.355220221355327048e+00 0.000000000000000000e+00
-1.827548206124425700e+00 -5.443330354731046317e-04 0.000000000000000000e+00 1.277727399552155974e-01 1.192084828018585174e+00 0.000000000000000000e+00
-1.391385049891275205e+00 7.680204073281090768e-04 0.000000000000000000e+00 2.589346802478638132e-01 5.562836542328069012e-01 0.000000000000000000e+00
-1.694401176566720624e+00 -1.363794196680986805e-03 0.000000000000000000e+00 -1.920537529323327330e-01 1.008748152639461493e+00 0.000000000000000000e+00
-1.919790096505620047e+00 3.399390067315176400e-03 0.000000000000000000e+00 -4.498832867875790509e-02 1.314707342551182379e+00 0.000000000000000000e+00
-1.733168510988627453e+00 -5.317659756994073950e-03 0.000000000000000000e+00 1.302739975152794327e-01 1.069571025600870584e+00 0.000000000000000000e+00
-1.499331688159964759e+00 -3.177775533324406210e-04 0.000000000000000000e+00 -2.231339764090824462e-01 7.316091995024198713e-01 0.000000000000000000e+00
-1.847479774334446656e+00 5.873934780252901278e-03 0.000000000000000000e+00 -5.859741964952140669e-03 1.224267016028501409e+00 0.000000000000000000e+00
-1.558996387690609442e+00 -2.732349864339719825e-03 0.000000000000000000e+00 2.045786170414504168e-01 8.213476348750637923e-01 0.000000000000000000e+00
-1.702088725107948175e+00 -1.893392657731436841e-03 0.000000000000000000e+00 -1.501170946902731229e-01 1.026013707981207945e+00 0.000000000000000000e+00
-1.868381487506655114e+00 -6.337754563691330723e-04 0.000000000000000000e+00 5.283179495797414582e-02 1.249640267413101746e+00 0.000000000000000000e+00
-1.507522255575324710e+00 -3.073188591190614827e-04 0.000000000000000000e+00 2.318674190500891463e-01 7.407146327135685215e-01 0.000000000000000000e+00
-1.692131397062547560e+00 3.584835183127008107e-03 0.000000000000000000e+00 -1.717056897948517902e-01 1.009396498386668117e+00 0.000000000000000000e+00
-1.894313761268004104e+00 -4.800165146339671618e-04 0.000000000000000000e+00 4.288210111334123109e-03 1.283469654820718731e+00 0.000000000000000000e+00
-1.674182821566931434e+00 -1.982049253459874233e-03 0.000000000000000000e+00 1.810211250989989251e-01 9.837887600484140904e-01 0.000000000000000000e+00
-1.529895639767644422e+00 -4.680375104794895491e-04 0.000000000000000000e+00 -2.277894993097482335e-01 7.740069681430081783e-01 0.000000000000000000e+00
-1.873218226705900324e+00 3.190703393555829881e-03 0.000000000000000000e+00 -4.758394225116178988e-02 1.255973598914535749e+00 0.000000000000000000e+00
-1.711185902701745531e+00 -2.662355541675973103e-03 0.000000000000000000e+00 1.461329733997877300e-01 1.038600935767676425e+00 0.000000000000000000e+00
-1.535823255179702418e+00 1.144884480900124069e-03 0.000000000000000000e+00 -2.142216910383854533e-01 7.862643297281048937e-01 0.000000000000000000e+00
-1.852585083295993140e+00 1.717308842274112290e-03 0.000000000000000000e+00 -3.103526990695382182e-03 1.230745926732013329e+00 0.000000000000000000e+00
-1.559109361457647225e+00 2.551051488236179277e-03 0.000000000000000000e+00 2.090675226332543435e-01 8.203748030363500199e-01 0.000000000000000000e+00
-1.697522469482350527e+00 3.488636967839993733e-03 0.000000000000000000e+00 -1.519068027088659734e-01 1.019710263241508041e+00 0.000000000000000000e+00
-1.864548525639272647e+00 3.697228175071815004e-03 0.000000000000000000e+00 5.087415689840045496e-02 1.244872956877630443e+00 0.000000000000000000e+00
-1.497569132849700502e+00 -1.731783411422084529e-03 0.000000000000000000e+00 2.314676763886456823e-01 7.264674042297946110e-01 0.000000000000000000e+00
-1.705896863609923653e+00 1.844159934885583607e-03 0.000000000000000000e+00 -1.635696341422007705e-01 1.028999557907007478e+00 0.000000000000000000e+00
-1.889766328526858885e+00 -6.007558267050183698e-04 0.000000000000000000e+00 1.769805707735835898e-02 1.277628138386544210e+00 0.000000000000000000e+00
-1.636218098883216676e+00 -4.567691860697789541e-03 0.000000000000000000e+00 1.937611245128349480e-01 9.301192263340698485e-01 0.000000000000000000e+00
-1.580776159979999651e+00 3.940668016145630441e-03 0.000000000000000000e+00 -2.119793942222743532e-01 8.498489163776102862e-01 0.000000000000000000e+00
-1.881667097436614533e+00 -1.156586776689649473e-03 0.000000000000000000e+00 -3.662301580326017547e-02 1.267010905299120305e+00 0.000000000000000000e+00
-1.717594027254580435e+00 -4.295529404561682085e-03 0.000000000000000000e+00 1.506729309949643159e-01 1.046406107668690133e+00 0.000000000000000000e+00
-1.498928379235214603e+00 2.717499692011174015e-03 0.000000000000000000e+00 -2.274774725917783069e-01 7.296929505239699854e-01 0.000000000000000000e+00
-1.860183249226964985e+00 -1.306706318269873490e-03 0.000000000000000000e+00 -3.523313071172246708e-02 1.239880695306947000e+00 0.000000000000000000e+00
-1.664356157856490714e+00 -2.667096687035540314e-03 0.000000000000000000e+00 1.694176781839797086e-01 9.727066167621376547e-01 0.000000000000000000e+00
-1.600059012017387872e+00 -6.994317015959049949e-04 0.000000000000000000e+00 -1.961572081911298615e-01 8.802143011188776622e-01 0.000000000000000000e+00
-1.857369925466006766e+00 5.394827057630083474e-03 0.000000000000000000e+00 1.684244671708553034e-02 1.236711465791363818e+00 0.000000000000000000e+00
-1.531471160931861419e+00 2.234625327194990352e-03 0.000000000000000000e+00 2.190771422760413034e-01 7.787578906767373965e-01 0.000000000000000000e+00
-1.706575980347847743e+00 -4.870906564988978713e-03 0.000000000000000000e+00 -1.563938523509165179e-01 1.031021105116978198e+00 0.000000000000000000e+00
-1.872522689364818582e+00 -5.387638716892251441e-03 0.000000000000000000e+00 3.956543368248408021e-02 1.255379541665299525e+00 0.000000000000000000e+00
-1.534531028840466771e+00 -1.828582024414556785e-03 0.000000000000000000e+00 2.241720966264411641e-01 7.816531755026407957e-01 0.000000000000000000e+00
-1.677120476891998724e+00 8.704404248453811999e-05 0.000000000000000000e+00 -1.790289222207778475e-01 9.880836296115250716e-01 0.000000000000000000e+00
-1.890935223572095314e+00 -4.138453944995935940e-03 0.000000000000000000e+00 -9.341619693582284278e-04 1.279228959211244021e+00 0.000000000000000000e+00
-1.668802648227151408e+00 -5.225273397878281434e-04 0.000000000000000000e+00 1.825227270412023151e-01 9.762991384872202749e-01 0.000000000000000000e+00
-1.544496994794391842e+00 1.507146637844423986e-03 0.000000000000000000e+00 -2.221163491901836373e-01 7.963501525905318790e-01 0.000000000000000000e+00
-1.874299657431115707e+00 -2.504424866687945256e-03 0.000000000000000000e+00 -4.373857722213590066e-02 1.257480322892571500e+00 0.000000000000000000e+00
-1.710112267888181936e+00 -3.535159585689038458e-03 0.000000000000000000e+00 1.507287454708306496e-01 1.036530287019525876e+00 0.000000000000000000e+00
-1.524096150177285391e+00 -1.936504190321637273e-03 0.000000000000000000e+00 -2.215100901271789824e-01 7.675787258290737158e-01 0.000000000000000000e+00
-1.858358082548484003e+00 -5.426933813642863258e-03 0.000000000000000000e+00 -2.166558086483381246e-02 1.237889364208994980e+00 0.000000000000000000e+00
-1.616835021302313935e+00 -1.432257081699491938e-03 0.000000000000000000e+00 1.892096649103917616e-01 9.046840933044048016e-01 0.000000000000000000e+00
-1.649159915659860420e+00 -6.401087021082876513e-04 0.000000000000000000e+00 -1.779192721117346387e-01 9.507482166512384314e-01 0.000000000000000000e+00
-1.859576329348945123e+00 5.239639895743754272e-03 0.000000000000000000e+00 3.259641336037031462e-02 1.239193200461387701e+00 0.000000000000000000e+00
-1.506393947722824755e+00 -8.223768023979012576e-04 0.000000000000000000e+00 2.259007117063060455e-01 7.409365633774107618e-01 0.000000000000000000e+00
-1.715843590112722250e+00 3.657384040173186461e-03 0.000000000000000000e+00 -1.504353592695568675e-01 1.044132773369559564e+00 0.000000000000000000e+00
-1.879248064288956854e+00 1.606323120120814983e-03 0.000000000000000000e+00 3.952363330099156052e-02 1.263870868880058618e+00 0.000000000000000000e+00
-1.567340052961460728e+00 3.542815592138953695e-04 0.000000000000000000e+00 2.178066201601410179e-01 8.296254039243364797e-01 0.000000000000000000e+00
-1.646685802907083218e+00 -1.741115646611411660e-03 0.000000000000000000e+00 -1.932687950342698580e-01 9.444018762920016741e-01 0.000000000000000000e+00
-1.890608071734553031e+00 1.197087126256733691e-03 0.000000000000000000e+00 -1.212633907315878445e-02 1.278755055561351606e+00 0.000000000000000000e+00
-1.698270461605928094e+00 -2.838298072929290594e-03 0.000000000000000000e+00 1.672573112072153478e-01 1.018297882669345178e+00 0.000000000000000000e+00
-1.507659724347035324e+00 2.648235979973902893e-03 0.000000000000000000e+00 -2.293302270724770220e-01 7.417082545403865801e-01 0.000000000000000000e+00
-1.866711712066846385e+00 -4.935467637297876603e-03 0.000000000000000000e+00 -5.135882918345378856e-02 1.247597670767612854e+00 0.000000000000000000e+00
-1.700050273366443321e+00 4.088021469723993051e-03 0.000000000000000000e+00 1.559462506061739528e-01 1.022452517264675675e+00 0.000000000000000000e+00
-1.551499605812624027e+00 -2.232990095307849088e-03 0.000000000000000000e+00 -2.116085866848153030e-01 8.090549497101939824e-01 0.000000000000000000e+00
-1.853564671321260349e+00 -5.200478856324824983e-03 0.000000000000000000e+00 -3.463857119015211622e-03 1.231997323309959924e+00 0.000000000000000000e+00
-1.549636997218636125e+00 2.133809330817915129e-03 0.000000000000000000e+00 2.121258448295291199e-01 8.063026585608770169e-01 0.000000000000000000e+00
-1.701410659915004064e+00 -2.362019638011095268e-03 0.000000000000000000e+00 -1.542864587132007081e-01 1.024500931691280314e+00 0.000000000000000000e+00
-1.867588691839766835e+00 -3.076787997343184700e-03 0.000000000000000000e+00 4.564756500676636630e-02 1.248925021530962187e+00 0.000000000000000000e+00
-1.507922810398694136e+00 3.496949025761489360e-03 0.000000000000000000e+00 2.324670439716795545e-01 7.411132874835022477e-01 0.000000000000000000e+00
-1.696248433175037373e+00 3.018142701240789094e-03 0.000000000000000000e+00 -1.683327063396687917e-01 1.015436647725472152e+00 0.000000000000000000e+00
-1.890974392172193541e+00 -7.702438152824044038e-04 0.000000000000000000e+00 1.089879555063124998e-02 1.279227701794410033e+00 0.000000000000000000e+00
-1.651935736224346751e+00 -4.616945967243567261e-03 0.000000000000000000e+00 1.876310730303506480e-01 9.526359200792695603e-01 0.000000000000000000e+00
-1.563580904254087800e+00 3.128585369086098189e-03 0.000000000000000000e+00 -2.169648691989501110e-01 8.245917090311802866e-01 0.000000000000000000e+00
-1.878381722741922388e+00 -2.803993000268734104e-03 0.000000000000000000e+00 -4.160701703956427855e-02 1.262712252365277621e+00 0.000000000000000000e+00
-1.714696935511688114e+00 2.466157263181886078e-03 0.000000000000000000e+00 1.540996121849705358e-01 1.042084121151272136e+00 0.000000000000000000e+00
-1.508213721477031255e+00 -1.508247082870700639e-03 0.000000000000000000e+00 -2.262785741244047744e-01 7.434400762403512442e-01 0.000000000000000000e+00
-1.859336868808575627e+00 1.636178012018537492e-03 0.000000000000000000e+00 -2.544488255764093543e-02 1.239049729624134066e+00 0.000000000000000000e+00
-1.642876941123454282e+00 -4.511968602714938603e-04 0.000000000000000000e+00 1.797916355234422947e-01 9.419178804260708304e-01 0.000000000000000000e+00
-1.623479984954570243e+00 -9.435295054608799914e-04 0.000000000000000000e+00 -1.880615321584546140e-01 9.139784153863081961e-01 0.000000000000000000e+00
-1.858619079589132195e+00 -1.912895184862331566e-03 0.000000000000000000e+00 1.877322904765178768e-02 1.238259703894839747e+00 0.000000000000000000e+00
-1.518681092058061122e+00 3.044912139363815939e-03 0.000000000000000000e+00 2.236824635742482026e-01 7.592230448735670656e-01 0.000000000000000000e+00
