-1.211384916913718746e+00 1.198415943125958824e-03 0.000000000000000000e+00 -9.372337340295432140e-02 3.358713783804694875e-01 0.000000000000000000e+00
-1.240525015904994532e+00 -1.712812256492793339e-04 0.000000000000000000e+00 6.980239507686483713e-02 3.864980389399932381e-01 0.000000000000000000e+00
1.001933059886361832e+00 -4.058049839152979297e-04 0.000000000000000000e+00 1.316526996422261175e-01 3.346898973179830428e-01 0.000000000000000000e+00
-1.163306157517770556e+00 -7.948795380255842258e-04 0.000000000000000000e+00 -7.566012647312618522e-02 2.644696262918198593e-01 0.000000000000000000e+00
-1.163047275351445364e+00 -4.570830092642469769e-04 0.000000000000000000e+00 -4.279375428686202354e-02 2.713260430445339488e-01 0.000000000000000000e+00
-1.064905999460711961e+00 -1.198020548624908685e-04 0.000000000000000000e+00 5.553305145072438831e-02 1.105563044376138004e-01 0.000000000000000000e+00
-1.071703751477834032e+00 -1.756686167126916831e-05 0.000000000000000000e+00 -5.183255691325597964e-02 1.234054071515740536e-01 0.000000000000000000e+00
9.462121531133564911e-01 -4.327025890515465590e-04 0.000000000000000000e+00 8.767818599974455673e-02 1.060116690546814289e-01 0.000000000000000000e+00
9.254622416103406302e-01 2.894001483241089500e-04 0.000000000000000000e+00 -9.572660309638043874e-02 1.268759456180514333e-01 0.000000000000000000e+00
-1.188292101271702705e+00 3.521021768447922529e-04 0.000000000000000000e+00 -2.347528827367934001e-02 3.125982087278554311e-01 0.000000000000000000e+00
1.038184457784451453e+00 3.236499287015600626e-04 0.000000000000000000e+00 1.080648351435805621e-01 7.569054507648273478e-02 0.000000000000000000e+00
-1.822683604226082776e+00 -5.638599951284753442e-03 0.000000000000000000e+00 8.855255651132713790e-02 1.189416937251708939e+00 0.000000000000000000e+00
-1.257792183834586464e+00 -1.393060817994021261e-03 0.000000000000000000e+00 2.445791825202730529e-01 3.397572749233719325e-01 0.000000000000000000e+00
-1.792945369316204740e+00 1.560548086226853925e-04 0.000000000000000000e+00 -1.149785502103421037e-01 1.148906533392131113e+00 0.000000000000000000e+00
-1.992218600174297194e+00 3.380847228199659882e-03 0.000000000000000000e+00 3.077150005294339297e-02 1.405335652978088268e+00 0.000000000000000000e+00
-1.886732367532118815e+00 -1.437370734323782651e-03 0.000000000000000000e+00 1.241890525435759146e-01 1.267847926046393514e+00 0.000000000000000000e+00
-1.643193615280713171e+00 1.006560119837295562e-03 0.000000000000000000e+00 2.266546008627680076e-01 9.321655589730355462e-01 0.000000000000000000e+00
-1.292165477446336030e+00 3.289063916345688621e-04 0.000000000000000000e+00 -2.646412693666794214e-01 3.880249066830473437e-01 0.000000000000000000e+00
-1.726190020937784730e+00 1.918126586992183191e-03 0.000000000000000000e+00 -1.985435807953348508e-01 1.049766190127953136e+00 0.000000000000000000e+00
-1.925903976627209691e+00 6.091990498681670863e-03 0.000000000000000000e+00 -9.383036007767964204e-02 1.319800565880579590e+00 0.000000000000000000e+00
-2.013040478235241793e+00 2.528379641494949044e-03 0.000000000000000000e+00 -5.538349431035026818e-03 1.431395641549823017e+00 0.000000000000000000e+00
-1.910111216188491223e+00 -4.112405526002560485e-03 0.000000000000000000e+00 8.944437102089006220e-02 1.300255948680377749e+00 0.000000000000000000e+00
-1.669302970976783485e+00 -3.003849629714318292e-03 0.000000000000000000e+00 2.093947983488690379e-01 9.715525479147503196e-01 0.000000000000000000e+00
-1.334493059940762061e+00 -1.594582747981487282e-03 0.000000000000000000e+00 -2.653962104437762592e-01 4.607005099241054946e-01 0.000000000000000000e+00
-1.777307756194614452e+00 5.371285285823840239e-03 0.000000000000000000e+00 -1.670277533775276213e-01 1.122193016882644390e+00 0.000000000000000000e+00
-1.949206282607925278e+00 2.622854152812503087e-03 0.000000000000000000e+00 -5.085402706325391209e-02 1.351277256658938164e+00 0.000000000000000000e+00
-1.425849629833673582e+00 1.957270448791958994e-03 0.000000000000000000e+00 -1.035691772657266752e-01 6.542903471664145432e-01 0.000000000000000000e+00
-1.445688687757874291e+00 -3.004823347754124324e-03 0.000000000000000000e+00 8.679680492710467599e-02 6.848429761274096306e-01 0.000000000000000000e+00
-1.294416767193404372e+00 -2.075769416265547951e-03 0.000000000000000000e+00 1.947591820925264339e-01 4.310486200121625977e-01 0.000000000000000000e+00
-1.495966950796730810e+00 5.748161484859515280e-04 0.000000000000000000e+00 1.629667287072331106e-01 7.425489194817876948e-01 0.000000000000000000e+00
-1.656141674640234651e+00 -2.627236469760903595e-03 0.000000000000000000e+00 4.659430374595793095e-02 9.753694448234258019e-01 0.000000000000000000e+00
-1.638919249604546824e+00 -1.621098361061085180e-04 0.000000000000000000e+00 -7.199199166896766422e-02 9.509315057335938626e-01 0.000000000000000000e+00
-1.442272103877260347e+00 -1.661202197104175507e-03 0.000000000000000000e+00 -1.820840696103819822e-01 6.609043721753320444e-01 0.000000000000000000e+00
-1.444449253229716401e+00 1.562871452324014580e-03 0.000000000000000000e+00 -6.048441665569515013e-02 6.859201677501010064e-01 0.000000000000000000e+00
-1.232649285675780249e+00 -5.491376822921584244e-04 0.000000000000000000e+00 1.658930072442156289e-01 3.428681802041650961e-01 0.000000000000000000e+00
-1.454060051287004551e+00 2.897752185344330995e-03 0.000000000000000000e+00 2.530421618829751390e-02 7.015788687148724057e-01 0.000000000000000000e+00
-1.283369200333539517e+00 1.595801069722988224e-03 0.000000000000000000e+00 -1.692008451620143350e-01 4.241809516239795630e-01 0.000000000000000000e+00
-1.499236757673418463e+00 3.751942224196249537e-03 0.000000000000000000e+00 -4.499401664433843109e-03 7.647259258144193383e-01 0.000000000000000000e+00
-1.315365744660440983e+00 9.222349443356488152e-04 0.000000000000000000e+00 1.620041302596792188e-01 4.770206364744492555e-01 0.000000000000000000e+00
-1.430219742291387153e+00 2.787218194340763695e-03 0.000000000000000000e+00 7.497436085188042068e-03 6.685543373993243499e-01 0.000000000000000000e+00
-1.163116902120612473e+00 -2.902069484611133517e-04 0.000000000000000000e+00 1.827350944705115610e-01 2.052245752019732916e-01 0.000000000000000000e+00
-1.109320184228035355e+00 -8.360704167849619672e-04 0.000000000000000000e+00 8.021513224016305066e-02 1.738714876187262837e-01 0.000000000000000000e+00
-1.236760358020925654e+00 1.118506168995402755e-04 0.000000000000000000e+00 -6.200597345867973204e-02 3.820904800167193027e-01 0.000000000000000000e+00
-1.157090391786377737e+00 -5.939360774311081698e-04 0.000000000000000000e+00 1.146297637321187501e-01 2.394684188963798754e-01 0.000000000000000000e+00
-1.205662279626766420e+00 -8.330336582020019670e-04 0.000000000000000000e+00 -1.638410325045256202e-02 3.396081312838097888e-01 0.000000000000000000e+00
-1.234667938196959414e+00 2.820774196708730752e-05 0.000000000000000000e+00 -4.022290458456183153e-03 3.839162409394304420e-01 0.000000000000000000e+00
-1.182534048242711133e+00 2.351674164144303830e-05 0.000000000000000000e+00 4.592817975036384004e-02 3.011767378122208738e-01 0.000000000000000000e+00
8.853154360791248845e-01 -4.947059209673375629e-04 0.000000000000000000e+00 -1.956890969635518285e-01 1.011053066183701943e-01 0.000000000000000000e+00
6.271396471731651712e-01 2.225714622058356379e-03 0.000000000000000000e+00 -3.415943875138087709e-03 7.646264451291416853e-01 0.000000000000000000e+00
8.706188299995657465e-01 3.265274212301775419e-04 0.000000000000000000e+00 2.071320076164631097e-01 1.322756122592435024e-01 0.000000000000000000e+00
-1.226151069222038537e+00 -3.499434483561518136e-04 0.000000000000000000e+00 -8.810750960310151370e-02 3.604717915231925862e-01 0.000000000000000000e+00
-1.252979352032843607e+00 9.406627359241619829e-04 0.000000000000000000e+00 6.148150835295350392e-02 4.068211169102303182e-01 0.000000000000000000e+00
9.952075663828732210e-01 -2.819728695655484901e-04 0.000000000000000000e+00 1.207328949357424352e-01 2.727967552535734974e-01 0.000000000000000000e+00
9.325439121562905109e-01 5.580427159262043007e-04 0.000000000000000000e+00 2.807716218713085174e-02 1.477407719426946098e-01 0.000000000000000000e+00
9.594505505928392353e-01 2.836890340150331410e-06 0.000000000000000000e+00 -4.032947385556757969e-02 1.263096537093763017e-01 0.000000000000000000e+00
9.617115502735162913e-01 -5.501418166711409541e-04 0.000000000000000000e+00 6.710902549801703310e-02 1.146321139371076353e-01 0.000000000000000000e+00
9.227610400804258095e-01 -5.329997943353810379e-04 0.000000000000000000e+00 -6.692276809336382415e-02 1.480408480038284680e-01 0.000000000000000000e+00
9.244418444625968068e-01 3.049159197183936784e-04 0.000000000000000000e+00 6.765530675749401035e-02 1.452788442243857503e-01 0.000000000000000000e+00
9.592208207436565548e-01 -3.443067644221863097e-04 0.000000000000000000e+00 -6.807618964266168304e-02 1.137804253486757178e-01 0.000000000000000000e+00
9.608982844903739551e-01 6.186107350198935973e-04 0.000000000000000000e+00 1.543016789893283773e-02 1.317921006464802258e-01 0.000000000000000000e+00
9.412344855695776724e-01 -3.199858037838542064e-04 0.000000000000000000e+00 1.686059571751772831e-02 1.405460558919068292e-01 0.000000000000000000e+00
9.505821662631013247e-01 -1.746048504612418735e-04 0.000000000000000000e+00 -2.345410512973070821e-02 1.328593426415776990e-01 0.000000000000000000e+00
9.524253499085493235e-01 -4.931881967377867420e-04 0.000000000000000000e+00 1.634534412862578487e-02 1.330578141782352841e-01 0.000000000000000000e+00
9.414794951827901714e-01 -1.990438061435974987e-05 0.000000000000000000e+00 -7.541698982711069962e-03 1.411363826752992101e-01 0.000000000000000000e+00
9.566451688494812533e-01 2.850849436129459830e-04 0.000000000000000000e+00 -1.171514228495497412e-02 1.322877645038254557e-01 0.000000000000000000e+00
9.505329262711978977e-01 -5.984499539324042352e-04 0.000000000000000000e+00 3.702176785265969688e-02 1.297590756980664395e-01 0.000000000000000000e+00
9.379358507015298496e-01 4.018956224933352937e-04 0.000000000000000000e+00 -3.325070580359010264e-02 1.407797200470137788e-01 0.000000000000000000e+00
9.842396741801379134e-01 6.113621658068898708e-04 0.000000000000000000e+00 -5.938132205356205784e-02 1.621186556510222365e-01 0.000000000000000000e+00
-1.136861168267857103e+00 -6.205527580026015677e-04 0.000000000000000000e+00 4.160256369586262659e-02 2.304610139139660063e-01 0.000000000000000000e+00
1.026043833352095369e+00 -5.128885359141257660e-04 0.000000000000000000e+00 9.470934575826014945e-02 1.058858302946953656e-01 0.000000000000000000e+00
-1.783556860902961061e+00 -1.278892364581403485e-04 0.000000000000000000e+00 1.045665993787451009e-01 1.137791260221392431e+00 0.000000000000000000e+00
-1.342568074846010262e+00 1.076416385638824871e-03 0.000000000000000000e+00 -2.456516538495195356e-01 4.847044873801201748e-01 0.000000000000000000e+00
-1.834470965415787358e+00 -4.310211228378220405e-03 0.000000000000000000e+00 -5.642801906231361547e-02 1.206407664012041359e+00 0.000000000000000000e+00
-1.641913235135892268e+00 1.817681389049405349e-03 0.000000000000000000e+00 1.711997638074883865e-01 9.422016419715530944e-01 0.000000000000000000e+00
-1.649041860076211119e+00 -2.610757821457178329e-03 0.000000000000000000e+00 -1.685499015287861280e-01 9.522819587559411270e-01 0.000000000000000000e+00
-1.836329127229836988e+00 3.452408747421387494e-03 0.000000000000000000e+00 5.771623124649113284e-02 1.208712032331098474e+00 0.000000000000000000e+00
-1.349442951392702650e+00 1.559866445285668611e-03 0.000000000000000000e+00 2.469810195788386120e-01 4.951783274871407459e-01 0.000000000000000000e+00
-1.780009763519987853e+00 -3.568506475290590674e-03 0.000000000000000000e+00 -1.118897699990901162e-01 1.132514578520106507e+00 0.000000000000000000e+00
1.030104054358560894e+00 1.056792720363701173e-04 0.000000000000000000e+00 3.253934861168228387e-02 1.328567293110363701e-01 0.000000000000000000e+00
-2.077618064646800988e+00 -1.596560156295525473e-03 0.000000000000000000e+00 1.695416182307815309e-02 1.510601927886192186e+00 0.000000000000000000e+00
-2.008818422146553928e+00 -2.402861164332033284e-03 0.000000000000000000e+00 6.563583395238922757e-02 1.424684401335891915e+00 0.000000000000000000e+00
-1.920330392948730536e+00 9.279883564874552571e-04 0.000000000000000000e+00 1.332744678944958183e-01 1.309375340819634914e+00 0.000000000000000000e+00
-1.773964322468987831e+00 2.617596574358831141e-03 0.000000000000000000e+00 2.009604710990128273e-01 1.112232756335486128e+00 0.000000000000000000e+00
-1.549739413610768501e+00 1.539952332531881185e-03 0.000000000000000000e+00 2.605846305575750810e-01 7.920958933452169060e-01 0.000000000000000000e+00
-1.233535358162879403e+00 5.737327459838723054e-04 0.000000000000000000e+00 -2.580661486926970616e-01 2.819581542802560570e-01 0.000000000000000000e+00
-1.596017010450679230e+00 -2.682338720804896062e-03 0.000000000000000000e+00 -2.520228849190862541e-01 8.602110224734208499e-01 0.000000000000000000e+00
-1.803826795337775568e+00 -4.794903735368401254e-03 0.000000000000000000e+00 -1.910684484834772046e-01 1.152878865783145690e+00 0.000000000000000000e+00
-1.939329713416357848e+00 -2.173424140024041162e-03 0.000000000000000000e+00 -1.226168928571671340e-01 1.334287164722507413e+00 0.000000000000000000e+00
-2.019495406236382351e+00 -2.183045986261698823e-03 0.000000000000000000e+00 -5.853634094453628867e-02 1.438177187631833664e+00 0.000000000000000000e+00
-2.106910918694084867e+00 -2.804131620712767281e-03 0.000000000000000000e+00 -1.990750553980021736e-02 1.546288389190774382e+00 0.000000000000000000e+00
-2.311981867457459039e+00 2.706312815446955400e-03 0.000000000000000000e+00 -6.438446456757053460e-02 1.791436311475403720e+00 0.000000000000000000e+00
-2.089493980935682060e+00 4.147396458390802121e-03 0.000000000000000000e+00 -1.853356262641404073e-01 1.513897567958547352e+00 0.000000000000000000e+00
-1.572470552628561169e+00 -4.179681153008568684e-04 0.000000000000000000e+00 -3.100130717146747927e-01 8.071704006777209450e-01 0.000000000000000000e+00
-1.781619778679668364e+00 -3.242715645733816425e-03 0.000000000000000000e+00 2.737917438188287589e-01 1.106735010075256653e+00 0.000000000000000000e+00
-2.184668089230692889e+00 -2.471912691580768068e-03 0.000000000000000000e+00 1.472930611068138940e-01 1.633897405000606096e+00 0.000000000000000000e+00
-2.333296977765972002e+00 -3.465591776330462226e-03 0.000000000000000000e+00 2.781148916550835182e-02 1.817617457683363469e+00 0.000000000000000000e+00
-2.325989794993880366e+00 9.384092639245925419e-04 0.000000000000000000e+00 -9.649938730328572190e-02 1.806607486589489664e+00 0.000000000000000000e+00
-1.940078936591291603e+00 2.620610513799984109e-04 0.000000000000000000e+00 -2.488059495230081908e-01 1.317556831515520166e+00 0.000000000000000000e+00
-1.558046853642590657e+00 -1.213432594461450950e-03 0.000000000000000000e+00 3.178378922112072846e-01 7.830932208440298803e-01 0.000000000000000000e+00
-2.181444189145891777e+00 1.625734932512822375e-03 0.000000000000000000e+00 1.721717905223381084e-01 1.627558671729119499e+00 0.000000000000000000e+00
-2.386699733517307465e+00 4.977675876527781762e-03 0.000000000000000000e+00 3.057413319876943480e-02 1.880549414524754770e+00 0.000000000000000000e+00
-2.309952140545149746e+00 -7.365564678629955842e-03 0.000000000000000000e+00 -1.255605265476924248e-01 1.785790347847077353e+00 0.000000000000000000e+00
-1.811836332323252030e+00 4.633996036612006431e-03 0.000000000000000000e+00 -2.806170410039239282e-01 1.144966272431007237e+00 0.000000000000000000e+00
-1.805700292455300060e+00 4.743815732066430230e-03 0.000000000000000000e+00 2.877892009295103248e-01 1.135088551057726880e+00 0.000000000000000000e+00
-2.308527147148982550e+00 8.519239395649736563e-03 0.000000000000000000e+00 1.272503311624057498e-01 1.783981630086801218e+00 0.000000000000000000e+00
-2.387671530015195387e+00 -2.157807671223421764e-03 0.000000000000000000e+00 -2.769696590805791059e-02 1.881731795524972828e+00 0.000000000000000000e+00
-2.183101830087651241e+00 2.030770411768162420e-03 0.000000000000000000e+00 -1.690599975110477216e-01 1.629892679329489891e+00 0.000000000000000000e+00
-1.555766848843810557e+00 -3.255116337629510026e-03 0.000000000000000000e+00 -3.203705186342999944e-01 7.787224423956995434e-01 0.000000000000000000e+00
-1.943486911680702978e+00 -5.912445246595024462e-03 0.000000000000000000e+00 2.442389128021476563e-01 1.322749787365812058e+00 0.000000000000000000e+00
-2.328222187252629194e+00 -8.413552823776968004e-03 0.000000000000000000e+00 8.962754474684261896e-02 1.809624728319175979e+00 0.000000000000000000e+00
-2.330617308647002339e+00 -7.792129055672652321e-03 0.000000000000000000e+00 -3.734135238049605954e-02 1.814289760931279361e+00 0.000000000000000000e+00
-2.184340462314301234e+00 2.597987567538422027e-03 0.000000000000000000e+00 -1.463414945249220667e-01 1.633587852719425637e+00 0.000000000000000000e+00
-1.789427784981926894e+00 4.224213865096179688e-03 0.000000000000000000e+00 -2.710154556667666026e-01 1.117751393435913787e+00 0.000000000000000000e+00
-1.551591481098979486e+00 1.383961182504042653e-03 0.000000000000000000e+00 3.121754556573321793e-01 7.759333990640856493e-01 0.000000000000000000e+00
-2.074732222705002904e+00 3.677909737604401208e-03 0.000000000000000000e+00 1.955992311759505164e-01 1.494428184280888416e+00 0.000000000000000000e+00
-2.304465683262989728e+00 8.046909999655058043e-03 0.000000000000000000e+00 7.818359751967489391e-02 1.781981151080121561e+00 0.000000000000000000e+00
-2.203506223940619346e+00 3.478591616115161989e-03 0.000000000000000000e+00 -3.428702323368337801e-03 1.663175425353931258e+00 0.000000000000000000e+00
-2.232695488576137421e+00 1.374986866770205873e-04 0.000000000000000000e+00 -6.387272320211800913e-02 1.696966854925009871e+00 0.000000000000000000e+00
-2.125209131774767890e+00 6.427203570786882425e-03 0.000000000000000000e+00 -1.361350323150960773e-01 1.562744892766887439e+00 0.000000000000000000e+00
-1.915939346225526307e+00 -2.127820716334938300e-03 0.000000000000000000e+00 -2.231225177061670895e-01 1.291507336341574330e+00 0.000000000000000000e+00
-1.580271006007109236e+00 2.278776411350100402e-03 0.000000000000000000e+00 -2.947244666000922164e-01 8.240704925018129678e-01 0.000000000000000000e+00
-1.462846570000457369e+00 2.545825680151568571e-03 0.000000000000000000e+00 3.070097634165945277e-01 6.449548453485212107e-01 0.000000000000000000e+00
-1.849837007290999757e+00 -7.250508867699782811e-04 0.000000000000000000e+00 2.403653244115298016e-01 1.203483914527364362e+00 0.000000000000000000e+00
-2.084257984764444238e+00 -3.520064168763943624e-03 0.000000000000000000e+00 1.576034037883298766e-01 1.510611953610988545e+00 0.000000000000000000e+00
-2.215760197677279830e+00 4.736075790637020444e-03 0.000000000000000000e+00 8.579702113019085918e-02 1.675693063027213325e+00 0.000000000000000000e+00
-2.236239614044089663e+00 5.443092009245788232e-03 0.000000000000000000e+00 1.798724308991746235e-02 1.702321890258503778e+00 0.000000000000000000e+00
-2.308465890251365060e+00 -7.279665935425349427e-03 0.000000000000000000e+00 -8.208938157137246616e-02 1.786552664044946725e+00 0.000000000000000000e+00
-2.055805818864637313e+00 2.283753856789638714e-05 0.000000000000000000e+00 -2.023483561686355015e-01 1.470142304982989145e+00 0.000000000000000000e+00
-1.462312931491737800e+00 -8.259974920288774662e-04 0.000000000000000000e+00 -3.178173578469045690e-01 6.388651000040195260e-01 0.000000000000000000e+00
-1.870969688081150828e+00 -3.082507220389239799e-03 0.000000000000000000e+00 2.544424660997504639e-01 1.227939027381003356e+00 0.000000000000000000e+00
-2.234800857279063635e+00 3.636232728177687945e-03 0.000000000000000000e+00 1.297623397430173187e-01 1.695733824100418285e+00 0.000000000000000000e+00
-2.339820226329071495e+00 8.014633416935253857e-03 0.000000000000000000e+00 1.433623934687781355e-02 1.825499695754421170e+00 0.000000000000000000e+00
-2.267227281969060648e+00 -7.768552796418970452e-03 0.000000000000000000e+00 -1.189109328683621847e-01 1.735350113146080897e+00 0.000000000000000000e+00
-1.918683241575587228e+00 3.187949297907527457e-03 0.000000000000000000e+00 -2.439576063820823038e-01 1.291237712493586987e+00 0.000000000000000000e+00
-1.415405500350574108e+00 -1.642365025708705795e-03 0.000000000000000000e+00 3.172411346815311450e-01 5.646790661688630975e-01 0.000000000000000000e+00
-2.055783811608772993e+00 -1.443672074653956638e-03 0.000000000000000000e+00 2.039461524482511778e-01 1.469895314092525496e+00 0.000000000000000000e+00
-2.319119186174699809e+00 -4.171712327359897166e-03 0.000000000000000000e+00 7.107154517926086990e-02 1.799651620213256198e+00 0.000000000000000000e+00
-2.203078146755629962e+00 3.249937517375858786e-03 0.000000000000000000e+00 -4.841745382990703117e-03 1.662658316788870216e+00 0.000000000000000000e+00
-2.228591980439127873e+00 -4.387097084792040969e-03 0.000000000000000000e+00 -6.764570584877202530e-02 1.691911211378754665e+00 0.000000000000000000e+00
-2.125559471340165985e+00 6.517030549524065186e-03 0.000000000000000000e+00 -1.340826871604469117e-01 1.563350440482423442e+00 0.000000000000000000e+00
-1.925676681775430721e+00 -4.221524104341194475e-03 0.000000000000000000e+00 -2.204315183344017770e-01 1.304349636504386289e+00 0.000000000000000000e+00
-1.609815883562814243e+00 -2.001143732122019625e-03 0.000000000000000000e+00 -2.922257986966291243e-01 8.669383827689320920e-01 0.000000000000000000e+00
-1.404614489050027171e+00 -7.925064321851454235e-04 0.000000000000000000e+00 3.053458893017205744e-01 5.538002753354516194e-01 0.000000000000000000e+00
-1.807830429393918248e+00 -2.619593612373127822e-03 0.000000000000000000e+00 2.492819346495402932e-01 1.146949641042175561e+00 0.000000000000000000e+00
-2.049944052232149705e+00 5.736823301198894220e-03 0.000000000000000000e+00 1.773226973937797324e-01 1.466140265424581646e+00 0.000000000000000000e+00
-2.195438988108936229e+00 9.308189104425337868e-04 0.000000000000000000e+00 9.682214585641817084e-02 1.650645791594988365e+00 0.000000000000000000e+00
-2.240616543657340198e+00 5.545087447046239196e-04 0.000000000000000000e+00 2.636761353296165206e-02 1.707440308196384926e+00 0.000000000000000000e+00
-2.447624675138196260e+00 -6.866328654347428340e-03 0.000000000000000000e+00 -1.120569372383705964e-01 1.948985365883354692e+00 0.000000000000000000e+00
-1.669654520769339179e+00 4.573193456927977796e-03 0.000000000000000000e+00 -3.237497378514394564e-01 9.401526009885848856e-01 0.000000000000000000e+00
-2.225202185874477934e+00 -1.575082627001785779e-03 0.000000000000000000e+00 2.001877965703929840e-01 1.677295033248495271e+00 0.000000000000000000e+00
-2.531738251796448402e+00 7.130641346919791568e-04 0.000000000000000000e+00 -5.408038998866345100e-03 2.050051991184533406e+00 0.000000000000000000e+00
-2.181452265991723927e+00 -6.723364239193160841e-03 0.000000000000000000e+00 -2.199429043175081533e-01 1.621817779490371869e+00 0.000000000000000000e+00
-1.744730150716571115e+00 1.195610198683999537e-03 0.000000000000000000e+00 3.164674974232717375e-01 1.045621442657101996e+00 0.000000000000000000e+00
-2.463683987312643708e+00 5.487551383890775306e-03 0.000000000000000000e+00 9.984516359275975861e-02 1.968416314041028237e+00 0.000000000000000000e+00
-2.605027070448892701e+00 -7.111638943305464977e-03 0.000000000000000000e+00 -1.622666749696626831e-01 2.128544359210103210e+00 0.000000000000000000e+00
-2.074081766580563979e+00 -4.655167282276731489e-03 0.000000000000000000e+00 2.969066654550239770e-01 1.476832964188814046e+00 0.000000000000000000e+00
-2.813522534674060438e+00 -9.755543479302963839e-03 0.000000000000000000e+00 -3.040134065742464142e-02 2.372551677685362570e+00 0.000000000000000000e+00
-1.751024376753842926e+00 -2.999983957663408113e-03 0.000000000000000000e+00 -3.539960585016484473e-01 1.042137468199314077e+00 0.000000000000000000e+00
-2.711235078067680160e+00 5.656398702186274385e-03 0.000000000000000000e+00 1.140031714734951185e-01 2.253569006767596861e+00 0.000000000000000000e+00
-2.496516421677505537e+00 -8.371695584275376523e-03 0.000000000000000000e+00 -2.066973048260519474e-01 1.998530470046532947e+00 0.000000000000000000e+00
-2.327569705787965404e+00 1.702969749222682516e-03 0.000000000000000000e+00 2.481743971915505997e-01 1.793970442507812457e+00 0.000000000000000000e+00
-2.789419341466694569e+00 -3.543828149182436105e-03 0.000000000000000000e+00 -7.433069844604292542e-02 2.344230342569437298e+00 0.000000000000000000e+00
-1.418981966437281805e+00 -1.720340534048821549e-03 0.000000000000000000e+00 3.600691377792021308e-01 5.444563434989118100e-01 0.000000000000000000e+00
-2.813848040050618504e+00 -3.984126998913144202e-03 0.000000000000000000e+00 4.575162571731231087e-02 2.372658280369115413e+00 0.000000000000000000e+00
-2.214341751897221044e+00 -4.360231635117978177e-03 0.000000000000000000e+00 -2.767342704198582082e-01 1.653184931434134253e+00 0.000000000000000000e+00
-2.567804316935773823e+00 1.002530902100748356e-02 0.000000000000000000e+00 1.842965651513917558e-01 2.083673899049981237e+00 0.000000000000000000e+00
-2.636238195470554047e+00 -1.461543377755707834e-03 0.000000000000000000e+00 -1.234865043446980726e-01 2.167079961396776611e+00 0.000000000000000000e+00
-1.720982500908977419e+00 3.503295926358396262e-03 0.000000000000000000e+00 3.515307236197190432e-01 1.001712743014291807e+00 0.000000000000000000e+00
-2.753434868486400511e+00 -7.654051062429209629e-04 0.000000000000000000e+00 3.678595367534569227e-02 2.304233342937429541e+00 0.000000000000000000e+00
-2.208970255444977049e+00 -2.529549231225156070e-03 0.000000000000000000e+00 -2.633751194949257024e-01 1.648836570493049214e+00 0.000000000000000000e+00
-2.419772268958467976e+00 9.182515060459237044e-03 0.000000000000000000e+00 2.115124734273126361e-01 1.907940373555976565e+00 0.000000000000000000e+00
-2.692166942298512833e+00 -4.734813130231468881e-03 0.000000000000000000e+00 -8.847438956984064740e-02 2.232919031954073930e+00 0.000000000000000000e+00
-1.264239679791931081e+00 2.908556391932343860e-05 0.000000000000000000e+00 3.182417821708327654e-01 2.866014213183213366e-01 0.000000000000000000e+00
-1.164647309643353612e+00 3.867330214077257427e-04 0.000000000000000000e+00 -2.571243732440631757e-01 1.034945785594128254e-01 0.000000000000000000e+00
-2.698375931986870313e+00 -1.071748915530932114e-02 0.000000000000000000e+00 7.126465972287268635e-02 2.240652814675782256e+00 0.000000000000000000e+00
-2.405775747066808190e+00 2.769869679895578529e-03 0.000000000000000000e+00 -2.058932707268578133e-01 1.892030395850774038e+00 0.000000000000000000e+00
-2.224470010381612184e+00 -2.344880222086911936e-03 0.000000000000000000e+00 2.555980371330067169e-01 1.668863937584056156e+00 0.000000000000000000e+00
-2.749542390771757550e+00 -8.781107220476938591e-04 0.000000000000000000e+00 -4.083653366156593523e-02 2.299736157895986288e+00 0.000000000000000000e+00
-1.703815755258886178e+00 -2.182811623265487611e-04 0.000000000000000000e+00 -3.511775539401902346e-01 9.780519261519876606e-01 0.000000000000000000e+00
-2.637945745924884289e+00 -6.562968640608957127e-03 0.000000000000000000e+00 1.150929373291668667e-01 2.169514613931338154e+00 0.000000000000000000e+00
-2.561306526556171193e+00 -1.894198426514637559e-03 0.000000000000000000e+00 -1.775378069679891258e-01 2.076704483823147651e+00 0.000000000000000000e+00
-2.201446179785593760e+00 -7.935356509155763738e-03 0.000000000000000000e+00 2.690684433789212737e-01 1.638778091083055610e+00 0.000000000000000000e+00
-2.809682716019726634e+00 8.990072276192258294e-03 0.000000000000000000e+00 -3.752061591811488295e-02 2.368097864107485684e+00 0.000000000000000000e+00
-1.493720401645046270e+00 2.581026517940027826e-03 0.000000000000000000e+00 -3.646528916976674584e-01 6.635330634938362282e-01 0.000000000000000000e+00
-2.771012074991018981e+00 3.064152143963522201e-03 0.000000000000000000e+00 8.195739271416910277e-02 2.323065836855352284e+00 0.000000000000000000e+00
-2.369249180662475140e+00 -3.043722746193244788e-04 0.000000000000000000e+00 -2.350919504448886199e-01 1.845345037811860545e+00 0.000000000000000000e+00
-2.448547114596361318e+00 7.037706174669294129e-03 0.000000000000000000e+00 2.184306805620706560e-01 1.941031657776606911e+00 0.000000000000000000e+00
-2.735586051735565682e+00 -6.906228690274116011e-03 0.000000000000000000e+00 -1.033137990689534658e-01 2.281881844397422476e+00 0.000000000000000000e+00
-1.657074632766073918e+00 2.509608783081058309e-03 0.000000000000000000e+00 3.627589324208118082e-01 9.079343439520284331e-01 0.000000000000000000e+00
-2.812132359270764326e+00 2.582489351952169110e-03 0.000000000000000000e+00 3.374972526749153712e-02 2.370915010189699856e+00 0.000000000000000000e+00
-2.126688587122175012e+00 -6.389905493591016561e-03 0.000000000000000000e+00 -2.945962218047493142e-01 1.542582429411651468e+00 0.000000000000000000e+00
-2.585562022680633731e+00 1.900400422678708012e-03 0.000000000000000000e+00 1.664816994781417869e-01 2.105711661283469205e+00 0.000000000000000000e+00
-2.570388396240992357e+00 1.066385272526171324e-03 0.000000000000000000e+00 -1.150302797302150265e-01 2.091610896282863674e+00 0.000000000000000000e+00
-1.403921467410009338e+00 -7.636273719270861467e-04 0.000000000000000000e+00 3.471109559374963016e-01 5.274540933484607175e-01 0.000000000000000000e+00
-2.611638564086154357e+00 6.107628517502369445e-03 0.000000000000000000e+00 9.690197080407975117e-02 2.140136101135641233e+00 0.000000000000000000e+00
-2.465310016799211912e+00 -6.753740836002122827e-03 0.000000000000000000e+00 -1.782644333682392168e-01 1.964778046091096186e+00 0.000000000000000000e+00
-1.936583773211184800e+00 -2.561104555096199720e-03 0.000000000000000000e+00 3.084370648018341377e-01 1.300406593136368194e+00 0.000000000000000000e+00
-2.709106199207205190e+00 6.456652807067315980e-03 0.000000000000000000e+00 2.607103377745351169e-02 2.253873680585479100e+00 0.000000000000000000e+00
-2.166859081802142928e+00 -3.592156903939991430e-03 0.000000000000000000e+00 -2.636498154141745376e-01 1.597451891266961521e+00 0.000000000000000000e+00
-2.325689820906353233e+00 2.370197957591940741e-03 0.000000000000000000e+00 2.204497938306907989e-01 1.795349161204587318e+00 0.000000000000000000e+00
-2.681594618654900231e+00 9.765403006617110263e-03 0.000000000000000000e+00 -4.703365260355651944e-02 2.222100936377370939e+00 0.000000000000000000e+00
-1.690662172619606274e+00 -3.393470365472963518e-03 0.000000000000000000e+00 -3.477736446205396126e-01 9.609690535772263953e-01 0.000000000000000000e+00
-2.547699774285054009e+00 -2.920290971672220848e-03 0.000000000000000000e+00 1.357174454249681916e-01 2.064089195051304060e+00 0.000000000000000000e+00
-2.386571202182117712e+00 1.332206628695445372e-03 0.000000000000000000e+00 -6.993668476870193440e-02 1.879344529361675953e+00 0.000000000000000000e+00
-2.016546851585553135e+00 2.065071417184211142e-03 0.000000000000000000e+00 -2.336025881646950908e-01 1.416605988701689078e+00 0.000000000000000000e+00
-1.556175476356471243e+00 2.213244465536112759e-03 0.000000000000000000e+00 3.236197307540027435e-01 7.779853480857686909e-01 0.000000000000000000e+00
-2.234060918395343709e+00 4.866800639966533878e-03 0.000000000000000000e+00 1.639606521322210519e-01 1.691886233936655159e+00 0.000000000000000000e+00
-2.417695899590428965e+00 -5.958843622609153595e-04 0.000000000000000000e+00 3.494275142945742728e-03 1.917174255945296224e+00 0.000000000000000000e+00
-2.255335322910612561e+00 4.190652370713063984e-03 0.000000000000000000e+00 -1.486534928381366139e-01 1.718814563113135296e+00 0.000000000000000000e+00
-1.605603407398228821e+00 -2.176806712212868422e-03 0.000000000000000000e+00 -3.194182172202477688e-01 8.512786598456207887e-01 0.000000000000000000e+00
-1.993335213004414186e+00 4.366992624251305258e-03 0.000000000000000000e+00 2.450931159274473692e-01 1.385553852099590255e+00 0.000000000000000000e+00
-2.383308276420908811e+00 -4.982483119732358801e-03 0.000000000000000000e+00 7.199444856675477067e-02 1.875433277751262562e+00 0.000000000000000000e+00
1.044297213394660195e+00 -2.814559649476979257e-05 0.000000000000000000e+00 2.037783100547537612e-02 1.302742471947763159e-01 0.000000000000000000e+00
-2.434971980461561714e+00 -2.690910030169674401e-03 0.000000000000000000e+00 -9.631932341126188402e-02 1.935010190692739052e+00 0.000000000000000000e+00
-1.807159480483354841e+00 -2.229367329839936074e-03 0.000000000000000000e+00 -3.014976071985692174e-01 1.133458148381397468e+00 0.000000000000000000e+00
-2.064619224866881542e+00 1.653374808509022742e-03 0.000000000000000000e+00 2.421615802867334577e-01 1.475058677503382487e+00 0.000000000000000000e+00
-2.488977318937111161e+00 9.670653242913579417e-03 0.000000000000000000e+00 4.961727940483183497e-02 1.999814759209830317e+00 0.000000000000000000e+00
-2.341580902710478362e+00 7.241597846023378748e-03 0.000000000000000000e+00 -1.463374820858306113e-01 1.821768632266928201e+00 0.000000000000000000e+00
-1.313370173098780125e+00 8.855873512067981984e-04 0.000000000000000000e+00 -3.191680234084214307e-01 3.860168126301212199e-01 0.000000000000000000e+00
-2.307497365692439573e+00 -4.138815287446619140e-03 0.000000000000000000e+00 1.629351752196145919e-01 1.779841159595171529e+00 0.000000000000000000e+00
-2.501711480608547866e+00 -1.812567094934103284e-03 0.000000000000000000e+00 -3.127964437957861388e-02 2.014974150103969741e+00 0.000000000000000000e+00
-2.108232771331774114e+00 4.250926111680208841e-03 0.000000000000000000e+00 -2.272230207381134015e-01 1.531266536378843579e+00 0.000000000000000000e+00
-1.769272697112398429e+00 5.781919894976908503e-04 0.000000000000000000e+00 3.082471228430198051e-01 1.081115202926457020e+00 0.000000000000000000e+00
-2.434930924155331411e+00 -5.349598937843953218e-03 0.000000000000000000e+00 9.426897533270547913e-02 1.935068626660898072e+00 0.000000000000000000e+00
1.079102802661328742e+00 -2.086865611196365143e-04 0.000000000000000000e+00 -1.518553107416675541e-01 4.861484804681609484e-02 0.000000000000000000e+00
-2.197649691480004996e+00 -8.070722728882845365e-03 0.000000000000000000e+00 -2.118947302658127918e-02 1.656026373066697310e+00 0.000000000000000000e+00
-2.209652938554107493e+00 7.957364163595610773e-03 0.000000000000000000e+00 -5.900335212727122330e-02 1.669535116430814981e+00 0.000000000000000000e+00
-2.124456833293739244e+00 -5.703203234690971957e-03 0.000000000000000000e+00 -1.345525623256658698e-01 1.561968370788966443e+00 0.000000000000000000e+00
-1.968506209338297008e+00 -4.678192118572449890e-03 0.000000000000000000e+00 -2.009016831910658829e-01 1.361529221163455539e+00 0.000000000000000000e+00
-1.738362047765985352e+00 4.825438379038773928e-03 0.000000000000000000e+00 -2.603996864091117081e-01 1.052481724610938141e+00 0.000000000000000000e+00
-1.372637267130351280e+00 9.418127873508201631e-04 0.000000000000000000e+00 -3.015698758282163716e-01 5.033555837270801137e-01 0.000000000000000000e+00
-1.562881961724076785e+00 -2.334555490244103436e-03 0.000000000000000000e+00 2.931317373903636891e-01 7.996700540982298877e-01 0.000000000000000000e+00
-1.851045684768813704e+00 3.194961970146122793e-03 0.000000000000000000e+00 2.368463214567265718e-01 1.205755014374545020e+00 0.000000000000000000e+00
-2.047945135665655947e+00 -4.232130422289925864e-03 0.000000000000000000e+00 1.639695023495688075e-01 1.465225592240460450e+00 0.000000000000000000e+00
-2.172031215331983844e+00 -3.133402773078192149e-03 0.000000000000000000e+00 9.812542394078667407e-02 1.622339108241960259e+00 0.000000000000000000e+00
-2.220799613204311296e+00 4.322579748695820623e-03 0.000000000000000000e+00 4.244035779389981194e-02 1.683398478108018903e+00 0.000000000000000000e+00
-2.008690273565675533e+00 5.860171249675815569e-03 0.000000000000000000e+00 5.295823781082871495e-02 1.425070757860535720e+00 0.000000000000000000e+00
-1.917408128252996669e+00 -6.521860095972387139e-03 0.000000000000000000e+00 1.198991861482872345e-01 1.307012671759451905e+00 0.000000000000000000e+00
-1.743391938457518497e+00 3.988241222688357346e-03 0.000000000000000000e+00 2.065946224188849323e-01 1.070996945114468968e+00 0.000000000000000000e+00
-1.447273068137768126e+00 -1.550418193125326083e-03 0.000000000000000000e+00 2.696705883441633533e-01 6.378939328166248757e-01 0.000000000000000000e+00
-1.456515692968813003e+00 -2.037268668933001070e-03 0.000000000000000000e+00 -2.703694604631594611e-01 6.516140906550731415e-01 0.000000000000000000e+00
-1.750416883579426930e+00 1.732777913625770105e-03 0.000000000000000000e+00 -2.006094149064304721e-01 1.081388479729636032e+00 0.000000000000000000e+00
-1.920564576525878531e+00 3.943801016898604295e-03 0.000000000000000000e+00 -1.196831116156028829e-01 1.310996319157629042e+00 0.000000000000000000e+00
-2.010396157747001755e+00 -6.361821172045006856e-03 0.000000000000000000e+00 -5.145183190688540353e-02 1.427235577942760791e+00 0.000000000000000000e+00
-2.254529586728676094e+00 -7.768842679643329224e-03 0.000000000000000000e+00 -5.404044671329158445e-02 1.723435319235243846e+00 0.000000000000000000e+00
-2.156951989390906821e+00 3.060868408256957329e-03 0.000000000000000000e+00 -1.277898473412957259e-01 1.602012152598129680e+00 0.000000000000000000e+00
-1.941868912457975327e+00 3.990265940260140365e-03 0.000000000000000000e+00 -2.142718719925338355e-01 1.325889657079689643e+00 0.000000000000000000e+00
-1.574101583128687754e+00 -3.450737024295592176e-03 0.000000000000000000e+00 -3.004624657127946130e-01 8.131428355102299221e-01 0.000000000000000000e+00
-1.522146826777697637e+00 8.475004742318145712e-04 0.000000000000000000e+00 3.044572940050007115e-01 7.357199541237278151e-01 0.000000000000000000e+00
-1.911841598946192100e+00 -2.017882845351683108e-03 0.000000000000000000e+00 2.248831058461458199e-01 1.285991402148723317e+00 0.000000000000000000e+00
-2.139783415838854452e+00 1.155607638484226762e-05 0.000000000000000000e+00 1.391244386938862987e-01 1.580215468409054580e+00 0.000000000000000000e+00
-2.250170455641356426e+00 2.816926368286648552e-03 0.000000000000000000e+00 5.822966708596766239e-02 1.718078627806020275e+00 0.000000000000000000e+00
-2.152335061736055266e+00 -1.721190775141948071e-04 0.000000000000000000e+00 1.073746716597189128e-02 1.601482063546828982e+00 0.000000000000000000e+00
-1.635049816889006857e+00 1.135108265711963840e-03 0.000000000000000000e+00 1.510460079490869856e-01 9.364220542287668980e-01 0.000000000000000000e+00
-1.684455052897566141e+00 3.473836273032143013e-04 0.000000000000000000e+00 -1.219516686584476983e-01 1.006453946810121902e+00 0.000000000000000000e+00
-1.214276427589404461e+00 -8.804938733025895192e-04 0.000000000000000000e+00 2.020600906945185238e-01 2.896120923722457219e-01 0.000000000000000000e+00
-1.546121778483563247e+00 4.867391740605948522e-05 0.000000000000000000e+00 1.464326025016718102e-01 8.159193842006969843e-01 0.000000000000000000e+00
-1.681089217391093182e+00 9.667554163562755432e-04 0.000000000000000000e+00 1.118468290176874783e-02 1.009330383767757411e+00 0.000000000000000000e+00
-1.582404019260912342e+00 -7.055996616001786181e-04 0.000000000000000000e+00 -1.271201167775276586e-01 8.688242639957420854e-01 0.000000000000000000e+00
-1.235285842173021287e+00 -1.185739602235207774e-04 0.000000000000000000e+00 -2.080234761861286252e-01 3.238449716954926449e-01 0.000000000000000000e+00
-1.608040299552507379e+00 4.025436530555762810e-03 0.000000000000000000e+00 1.381657465651941752e-01 9.019848447452407658e-01 0.000000000000000000e+00
-1.698835022364471925e+00 -2.695046511207291329e-03 0.000000000000000000e+00 -6.376849759288920338e-02 1.030709752481554720e+00 0.000000000000000000e+00
-1.242075038670208409e+00 1.391411217064235026e-03 0.000000000000000000e+00 -2.181498446681250647e-01 3.294372388963366927e-01 0.000000000000000000e+00
-1.683916635368018166e+00 2.143038726140092387e-03 0.000000000000000000e+00 8.775269205841913778e-02 1.009302665191096793e+00 0.000000000000000000e+00
-1.638565473572105358e+00 -3.488023809711020273e-03 0.000000000000000000e+00 -1.236818994499310764e-01 9.451442942803414127e-01 0.000000000000000000e+00
-1.307962858262041728e+00 -4.344742583248604323e-04 0.000000000000000000e+00 2.142245888405063803e-01 4.439770539174286990e-01 0.000000000000000000e+00
-1.658498719418842970e+00 -5.387724694057294261e-04 0.000000000000000000e+00 8.006410502627682446e-02 9.763329274244096911e-01 0.000000000000000000e+00
-1.657401646331713163e+00 -3.667302669281009841e-03 0.000000000000000000e+00 -8.365231733090248978e-02 9.745816380555463176e-01 0.000000000000000000e+00
-1.305246077829821827e+00 6.162841357281196447e-04 0.000000000000000000e+00 -2.142993078987479039e-01 4.395083593914921316e-01 0.000000000000000000e+00
-1.638727643156159264e+00 -4.112326517158412797e-03 0.000000000000000000e+00 1.186038746428793866e-01 9.460141614536903276e-01 0.000000000000000000e+00
-1.684860834206993951e+00 4.509062609344166583e-03 0.000000000000000000e+00 -8.199335679899846796e-02 1.011037889294033487e+00 0.000000000000000000e+00
-1.229850099913363026e+00 -2.774360627118954009e-04 0.000000000000000000e+00 2.169301792839093135e-01 3.079752018671727543e-01 0.000000000000000000e+00
-1.697138898533181894e+00 5.093091597468367426e-03 0.000000000000000000e+00 6.753974334804734025e-02 1.028250810573821949e+00 0.000000000000000000e+00
-1.611726888135358582e+00 -3.164924492473686346e-03 0.000000000000000000e+00 -1.356298738935817483e-01 9.073544319888067200e-01 0.000000000000000000e+00
-1.249977145800165612e+00 2.457476109313792064e-04 0.000000000000000000e+00 2.100409709611323894e-01 3.485864999488902938e-01 0.000000000000000000e+00
-1.596352045537532405e+00 2.476676218559424603e-03 0.000000000000000000e+00 1.202967013703386129e-01 8.887308196678960215e-01 0.000000000000000000e+00
-1.680612492479888864e+00 3.415897662263672058e-03 0.000000000000000000e+00 -1.869236476505991423e-02 1.008597174863095969e+00 0.000000000000000000e+00
-1.522796388485368357e+00 1.259583198717498936e-03 0.000000000000000000e+00 -1.572241307242821240e-01 7.814617730801310946e-01 0.000000000000000000e+00
-1.261997966454776687e+00 1.021923919443614229e-03 0.000000000000000000e+00 -1.988437586319725670e-01 3.755592011696368693e-01 0.000000000000000000e+00
-1.267839667124815994e+00 -1.554846456523730630e-03 0.000000000000000000e+00 -4.094576270019809755e-02 4.317228673704361919e-01 0.000000000000000000e+00
-1.221449896685570913e+00 8.504966525727970794e-04 0.000000000000000000e+00 9.572353113349811593e-02 3.511998520600532192e-01 0.000000000000000000e+00
9.971277823442192823e-01 1.384503323552719375e-03 0.000000000000000000e+00 1.919600147081682584e-01 2.781619544667672805e-01 0.000000000000000000e+00
9.974372297646396657e-01 -9.282398014906340349e-04 0.000000000000000000e+00 -1.236261919822247146e-01 5.723158554410996690e-02 0.000000000000000000e+00
9.673172675344362537e-01 -4.981699788309155931e-05 0.000000000000000000e+00 -1.327134907382860607e-01 2.722052869622812801e-02 0.000000000000000000e+00
9.221516373050273607e-01 -3.379621258444147781e-04 0.000000000000000000e+00 4.697378889341792541e-02 1.564666913661172942e-01 0.000000000000000000e+00
9.693622849948968501e-01 -1.547495215794131014e-04 0.000000000000000000e+00 -6.373291222296401104e-02 1.214609376695594684e-01 0.000000000000000000e+00
-1.190193597541420845e+00 7.493515094467587470e-04 0.000000000000000000e+00 -1.880744602092762063e-01 2.544815542202026881e-01 0.000000000000000000e+00
-1.451096738318176538e+00 -3.254689170568779433e-03 0.000000000000000000e+00 -6.777107280406849399e-02 6.946162961010962089e-01 0.000000000000000000e+00
-1.315030528631680573e+00 -3.369776454948218963e-04 0.000000000000000000e+00 1.517573662378702282e-01 4.798949556682485795e-01 0.000000000000000000e+00
-1.445588182172820702e+00 1.869884620257986942e-03 0.000000000000000000e+00 5.815551160292909555e-03 6.901757232131691122e-01 0.000000000000000000e+00
-1.312462109140793309e+00 -2.075016360695639862e-03 0.000000000000000000e+00 -1.582882321091949041e-01 4.738194559936593220e-01 0.000000000000000000e+00
-1.480399834303821827e+00 -1.959371483243287082e-04 0.000000000000000000e+00 3.607934955110297937e-02 7.378301861628124847e-01 0.000000000000000000e+00
-1.156355867362928613e+00 8.525434411814193994e-04 0.000000000000000000e+00 -1.700700222107943138e-01 2.024584431564069309e-01 0.000000000000000000e+00
-1.487646635548958152e+00 -7.122581427275523347e-04 0.000000000000000000e+00 -3.130470880957238189e-02 7.480926045099105526e-01 0.000000000000000000e+00
-1.331832136818868584e+00 -4.672935717912954368e-04 0.000000000000000000e+00 1.533911495036821560e-01 5.050575439710942582e-01 0.000000000000000000e+00
-1.421744731321624267e+00 -1.434887469033190033e-03 0.000000000000000000e+00 1.599117720343375473e-02 6.564740147920199442e-01 0.000000000000000000e+00
8.690584075674064879e-01 -6.461661243461051286e-04 0.000000000000000000e+00 -1.626690771287098713e-01 1.879843270130559518e-01 0.000000000000000000e+00
9.212194770047641423e-01 -1.471844911435863778e-04 0.000000000000000000e+00 1.454176273314659595e-01 7.716528152908669336e-02 0.000000000000000000e+00
9.996414747322314165e-01 4.000128189140585719e-04 0.000000000000000000e+00 2.173150836397315377e-01 1.802659618360345217e-01 0.000000000000000000e+00
-1.236162088990125696e+00 2.913663107071140512e-04 0.000000000000000000e+00 -8.649502278602669292e-02 3.764177261960306997e-01 0.000000000000000000e+00
-1.270763696839986689e+00 1.534798310209608413e-03 0.000000000000000000e+00 4.200222886741591943e-02 4.359944763799489253e-01 0.000000000000000000e+00
-1.411689725841157816e+00 -4.968606019960172815e-04 0.000000000000000000e+00 -6.477552741532056901e-02 6.391776255894316972e-01 0.000000000000000000e+00
-1.264806427004861344e+00 7.577166850673954651e-04 0.000000000000000000e+00 -1.530493841821695400e-01 4.009221513438184781e-01 0.000000000000000000e+00
-1.343546597135084841e+00 -1.610826405156570718e-03 0.000000000000000000e+00 1.237597749028070682e-01 5.306066434028268164e-01 0.000000000000000000e+00
-1.405707631231464250e+00 3.135406440608763320e-03 0.000000000000000000e+00 5.417419450925334973e-02 6.316575723726196578e-01 0.000000000000000000e+00
-1.135148310759559021e+00 2.919882803970961366e-04 0.000000000000000000e+00 -1.285279164847039635e-01 1.926581408601293899e-01 0.000000000000000000e+00
-1.719284063233181170e+00 6.283683492283170802e-04 0.000000000000000000e+00 1.200415992096437179e-01 1.052572987985568531e+00 0.000000000000000000e+00
-1.564216702869617448e+00 3.967760700769266263e-03 0.000000000000000000e+00 -1.908800952359772096e-01 8.319026517716615610e-01 0.000000000000000000e+00
-1.809244660125878479e+00 -2.670754500118168243e-03 0.000000000000000000e+00 4.790678305220662236e-02 1.174569811422996324e+00 0.000000000000000000e+00
-1.144477100652645518e+00 -2.249400967959782130e-04 0.000000000000000000e+00 2.016437429549652882e-01 1.409867643188717767e-01 0.000000000000000000e+00
-1.154249562812339036e+00 3.191285711797099862e-04 0.000000000000000000e+00 -2.069664594872907548e-01 1.592741656674801498e-01 0.000000000000000000e+00
-1.809666840663460174e+00 7.453837229661475217e-04 0.000000000000000000e+00 -4.850776830361999692e-02 1.175083377422795117e+00 0.000000000000000000e+00
-1.561427721797634671e+00 2.887754940382385865e-03 0.000000000000000000e+00 1.956034624021917301e-01 8.269208300285575408e-01 0.000000000000000000e+00
-1.719918981805821812e+00 7.221453696423739931e-04 0.000000000000000000e+00 -1.190525188352534042e-01 1.053518464075118732e+00 0.000000000000000000e+00
-1.120975720360703143e+00 3.679930633015190272e-04 0.000000000000000000e+00 -1.254862163854427171e-01 1.679150674853484571e-01 0.000000000000000000e+00
9.977254504327702778e-01 -3.062719301485506253e-04 0.000000000000000000e+00 2.732293249183667116e-01 2.813487100731813517e-01 0.000000000000000000e+00
9.007964731183373264e-01 8.207426241770279449e-04 0.000000000000000000e+00 -6.687406270894191707e-02 1.830384271054963929e-01 0.000000000000000000e+00
-9.969414673352769984e-01 -9.353116675661632407e-05 0.000000000000000000e+00 5.081695917875601876e-02 2.628096506366847662e-02 0.000000000000000000e+00
9.013758662833069035e-01 7.628623342300034846e-04 0.000000000000000000e+00 5.498215574248402349e-02 1.859976398516479945e-01 0.000000000000000000e+00
-1.403424276863514342e+00 -4.307659582775055784e-04 0.000000000000000000e+00 7.945190764456074375e-03 6.306808547443440993e-01 0.000000000000000000e+00
-1.122187237753138334e+00 -6.473098825258566391e-04 0.000000000000000000e+00 -5.616701448724389922e-02 2.039090821024728273e-01 0.000000000000000000e+00
