-1.372597227056779889e+00 -1.855003475225002613e-03 0.000000000000000000e+00 2.963509588158527025e-02 5.859565087197589062e-01 0.000000000000000000e+00
-1.131422780068963352e+00 8.331390209157848309e-04 0.000000000000000000e+00 1.353328944018584445e-01 1.806843571557272821e-01 0.000000000000000000e+00
-1.363724413014843151e+00 -2.755872594027139466e-03 0.000000000000000000e+00 -3.677390737958479566e-02 5.727793953665276661e-01 0.000000000000000000e+00
-1.194992718332466231e+00 1.590727811559230088e-03 0.000000000000000000e+00 1.750160317097020773e-02 3.232550702521145847e-01 0.000000000000000000e+00
9.896716621315455598e-01 2.528369957739858812e-04 0.000000000000000000e+00 8.507058384437357623e-02 1.908696292369640446e-01 0.000000000000000000e+00
9.395852919965308470e-01 2.647344686220361176e-04 0.000000000000000000e+00 4.042930243369502463e-02 1.372206999534689165e-01 0.000000000000000000e+00
9.476691870873996670e-01 -1.133898257222970508e-04 0.000000000000000000e+00 -4.219236680749029189e-02 1.299076666881663344e-01 0.000000000000000000e+00
9.640894078709949522e-01 -4.225937935517904386e-04 0.000000000000000000e+00 -9.948214937554140588e-03 1.331462636931938226e-01 0.000000000000000000e+00
9.678251854825445921e-01 1.429677256721794939e-05 0.000000000000000000e+00 9.297424948755711460e-02 9.887322306332754773e-02 0.000000000000000000e+00
9.099592476547951891e-01 6.959552162795739488e-04 0.000000000000000000e+00 -1.005369755548641691e-01 1.500564760472311021e-01 0.000000000000000000e+00
8.696196074740594195e-01 -8.403759461765754335e-04 0.000000000000000000e+00 2.616274042643317727e-02 2.461435015394749515e-01 0.000000000000000000e+00
8.267107063767191732e-01 -1.215439630659316886e-03 0.000000000000000000e+00 8.083068702745246914e-02 3.169074300133880029e-01 0.000000000000000000e+00
7.691300777170742009e-01 -4.434115987577845648e-04 0.000000000000000000e+00 -7.901554712837320291e-03 4.420152942930033468e-01 0.000000000000000000e+00
8.330951190752091673e-01 6.256728455450825954e-04 0.000000000000000000e+00 -7.810361417496422543e-02 3.050062423618267182e-01 0.000000000000000000e+00
8.209453124526623347e-01 -1.547596468189039445e-03 0.000000000000000000e+00 1.258689620208722822e-03 3.381722750784312836e-01 0.000000000000000000e+00
8.310514337766274906e-01 1.169362767290926071e-03 0.000000000000000000e+00 7.487226540186346646e-02 3.098224905558970010e-01 0.000000000000000000e+00
7.769723125185712398e-01 -1.167020827709530639e-04 0.000000000000000000e+00 4.814056836444600973e-02 4.231868938480046749e-01 0.000000000000000000e+00
8.068696094542948671e-01 -1.620956491059072531e-03 0.000000000000000000e+00 -8.133252265169431394e-02 3.565519629072788632e-01 0.000000000000000000e+00
7.925622785168833229e-01 1.262969959071815092e-03 0.000000000000000000e+00 3.203670865007605950e-02 3.929312034208992666e-01 0.000000000000000000e+00
7.945003201288808325e-01 -1.416484601370591101e-03 0.000000000000000000e+00 7.348362780694889240e-02 3.833608475476951716e-01 0.000000000000000000e+00
7.831080978933301351e-01 -8.598571253196560238e-04 0.000000000000000000e+00 -5.888021444644966906e-02 4.091583891752481605e-01 0.000000000000000000e+00
8.125929529552611275e-01 1.617683620367111816e-03 0.000000000000000000e+00 -6.918716932820673238e-02 3.476318936874068788e-01 0.000000000000000000e+00
8.916719681663485275e-01 -6.747777413537176666e-04 0.000000000000000000e+00 1.280385339789321120e-01 1.659463377703484510e-01 0.000000000000000000e+00
9.886301408089093190e-01 9.855171994801385608e-05 0.000000000000000000e+00 -1.597838769902141798e-01 1.210845272377513437e-01 0.000000000000000000e+00
-1.137804149143660126e+00 -1.421419926578181741e-04 0.000000000000000000e+00 2.259367220604508592e-02 2.345555910373688102e-01 0.000000000000000000e+00
9.979970008333445275e-01 2.605260918592562235e-04 0.000000000000000000e+00 4.510394209970249313e-01 -6.907259043012389799e-02 0.000000000000000000e+00
8.849776323979110515e-01 3.079041713393824184e-04 0.000000000000000000e+00 -1.546642174709500495e-01 1.576264520362165023e-01 0.000000000000000000e+00
7.980163647330165144e-01 1.823558602013358731e-06 0.000000000000000000e+00 -9.962257453219033887e-02 3.701290951578597443e-01 0.000000000000000000e+00
-1.068372956969294796e+00 -1.228190842434157687e-04 0.000000000000000000e+00 7.257565121204018199e-02 1.064859798660647283e-01 0.000000000000000000e+00
-1.071302585346022074e+00 1.893460990673518285e-04 0.000000000000000000e+00 -7.210410259562508029e-02 1.120516680368583706e-01 0.000000000000000000e+00
8.031727951938365528e-01 -3.035399194692249558e-04 0.000000000000000000e+00 -1.688281247242755939e-02 3.726502866874638054e-01 0.000000000000000000e+00
9.032887651718015665e-01 8.109609325269832598e-04 0.000000000000000000e+00 1.369130662882604016e-02 1.903616606748300688e-01 0.000000000000000000e+00
9.191605027063155520e-01 6.301468868904943612e-07 0.000000000000000000e+00 -1.659111339087447901e-01 2.178255195144223819e-02 0.000000000000000000e+00
6.313572290736605419e-01 -3.311174172534915236e-03 0.000000000000000000e+00 -1.463734599401848857e-01 7.397725631969882532e-01 0.000000000000000000e+00
-9.699761637767263522e-01 9.497033036033131551e-05 0.000000000000000000e+00 -6.180840803706478918e-03 7.710292878439006792e-02 0.000000000000000000e+00
6.311629179554205660e-01 -3.570366560938838946e-04 0.000000000000000000e+00 1.500512433762791198e-01 7.395497268007132918e-01 0.000000000000000000e+00
8.920407398650955777e-01 -3.803229119381059710e-04 0.000000000000000000e+00 -3.995528067237886366e-02 2.051340822463543212e-01 0.000000000000000000e+00
9.588410806117741991e-01 -7.447285868493079206e-05 0.000000000000000000e+00 1.194119437756085422e-01 5.764301191956430759e-02 0.000000000000000000e+00
9.517077477751814119e-01 -2.426126194942183618e-04 0.000000000000000000e+00 -1.187553278881433028e-01 6.287079490758368250e-02 0.000000000000000000e+00
9.679414822212648595e-01 -9.440813230520087441e-05 0.000000000000000000e+00 1.319727299865511017e-01 3.215159286747889394e-02 0.000000000000000000e+00
-1.018382843024502549e+00 2.944088428464273263e-04 0.000000000000000000e+00 -8.487325587179198050e-03 6.352071091404887238e-02 0.000000000000000000e+00
9.651249944958096849e-01 -2.016936371494280206e-04 0.000000000000000000e+00 1.112642585896845560e-01 7.404255652601729465e-02 0.000000000000000000e+00
9.147869652836960741e-01 -5.749523748703015691e-04 0.000000000000000000e+00 -1.262338711089284471e-01 1.186492315625298916e-01 0.000000000000000000e+00
8.350309997302476361e-01 1.335561496012164368e-03 0.000000000000000000e+00 9.666746890094232714e-02 2.956098221715709462e-01 0.000000000000000000e+00
8.579923792738302080e-01 -9.806995861363608253e-04 0.000000000000000000e+00 1.610697170413260548e-01 2.145330262011193589e-01 0.000000000000000000e+00
-1.183808492379179622e+00 -1.410610361355091324e-03 0.000000000000000000e+00 7.334856628228103581e-02 2.975462544634431827e-01 0.000000000000000000e+00
-1.219682515148581059e+00 -6.039473705866469505e-04 0.000000000000000000e+00 -6.684178604875891383e-02 3.549195668569613549e-01 0.000000000000000000e+00
-1.194193716763031432e+00 -3.197453074853281833e-04 0.000000000000000000e+00 1.130903132963640423e-01 3.018683558619194018e-01 0.000000000000000000e+00
1.013339817553891908e+00 -8.315181950364946076e-04 0.000000000000000000e+00 2.849754275569605158e-02 1.806521562378436974e-01 0.000000000000000000e+00
-1.229586476733846911e+00 8.724645601815533662e-05 0.000000000000000000e+00 -1.931870228976358128e-01 3.227387899239503311e-01 0.000000000000000000e+00
-1.449093791507666928e+00 -9.995386615957559465e-04 0.000000000000000000e+00 -8.204377154257463944e-02 6.901561870382393327e-01 0.000000000000000000e+00
-1.402424961178103224e+00 2.893597105692761323e-03 0.000000000000000000e+00 1.190031591936736577e-01 6.178564427629087419e-01 0.000000000000000000e+00
1.029988152159917458e+00 -7.658021056966562859e-05 0.000000000000000000e+00 -1.317740339101264868e-01 3.589022581078851748e-02 0.000000000000000000e+00
8.925142141980124677e-01 -4.113314465673629725e-04 0.000000000000000000e+00 -1.821829951676233461e-01 1.003195613855362711e-01 0.000000000000000000e+00
7.058490974173312615e-01 -2.232066266361255533e-03 0.000000000000000000e+00 1.865083287157812686e-01 5.474920147838466811e-01 0.000000000000000000e+00
6.457590543707194541e-01 2.826641732771761201e-03 0.000000000000000000e+00 -1.386990470575516152e-02 7.185210010356091193e-01 0.000000000000000000e+00
7.224376273929538073e-01 1.162526551590345111e-04 0.000000000000000000e+00 -1.954100138384740615e-01 5.051062294777137751e-01 0.000000000000000000e+00
-1.108357916513824204e+00 5.540119141684930531e-04 0.000000000000000000e+00 -1.183647843321002091e-02 1.893656747245141547e-01 0.000000000000000000e+00
7.805580425391664967e-01 1.718508524854947365e-03 0.000000000000000000e+00 2.124855236853533946e-01 3.604975084869453950e-01 0.000000000000000000e+00
6.321978715494540602e-01 1.909201439504481547e-03 0.000000000000000000e+00 -1.093425762267775103e-01 7.439855667150985230e-01 0.000000000000000000e+00
6.907727875543687723e-01 -1.723276219736929321e-03 0.000000000000000000e+00 2.285965655621093329e-01 5.682785693393785920e-01 0.000000000000000000e+00
6.825832292155078473e-01 1.071286374807606245e-04 0.000000000000000000e+00 -2.219458415903523552e-01 5.910715788058921172e-01 0.000000000000000000e+00
6.312687437150268366e-01 9.086774144837894002e-04 0.000000000000000000e+00 1.095169475375646073e-01 7.462971967149141239e-01 0.000000000000000000e+00
7.952712762375260258e-01 2.932878445475982365e-04 0.000000000000000000e+00 -2.017590520467887338e-01 3.322076237806941279e-01 0.000000000000000000e+00
7.366750618664936745e-01 1.579983977300604241e-03 0.000000000000000000e+00 -1.511401948906681836e-01 4.877171840155160032e-01 0.000000000000000000e+00
6.976083484983280902e-01 -2.295671317867224726e-03 0.000000000000000000e+00 2.487984371113965282e-02 5.964444306797447304e-01 0.000000000000000000e+00
7.621935723772186311e-01 3.846177450916761498e-04 0.000000000000000000e+00 1.763718737779696455e-01 4.209629587424245090e-01 0.000000000000000000e+00
7.329695010075596429e-01 1.338839076736727737e-04 0.000000000000000000e+00 1.890259778730411511e-01 4.829396838508802636e-01 0.000000000000000000e+00
6.597290595684812686e-01 -3.073848000440862309e-03 0.000000000000000000e+00 7.943781462749147093e-02 6.803849257849324816e-01 0.000000000000000000e+00
6.637122906381545118e-01 2.134426344280360762e-03 0.000000000000000000e+00 -9.543332976845605997e-02 6.687674421671787606e-01 0.000000000000000000e+00
7.445389102222672584e-01 -1.738597356060295543e-03 0.000000000000000000e+00 -1.908913505227903817e-01 4.553232310128845772e-01 0.000000000000000000e+00
7.446098066042940999e-01 3.810278839226242595e-04 0.000000000000000000e+00 -1.674207803974498698e-01 4.643092903464932641e-01 0.000000000000000000e+00
6.951550007729532243e-01 1.292124784530586726e-03 0.000000000000000000e+00 -3.536697488895432229e-02 6.014996302932624772e-01 0.000000000000000000e+00
7.167626932514180593e-01 -4.734159791248554461e-04 0.000000000000000000e+00 1.233203537311553244e-01 5.401936087162702016e-01 0.000000000000000000e+00
7.751622768583563694e-01 -2.210899324215313128e-04 0.000000000000000000e+00 1.948226857530086231e-01 3.828011156236049706e-01 0.000000000000000000e+00
6.538866138663164129e-01 -2.717923356295203104e-03 0.000000000000000000e+00 8.213244140467487742e-02 6.941591447359909406e-01 0.000000000000000000e+00
6.723008123186502427e-01 -1.216541396845722753e-03 0.000000000000000000e+00 -1.367612655408512179e-01 6.408685989084548229e-01 0.000000000000000000e+00
8.656029212165710085e-01 -9.445313453653562952e-04 0.000000000000000000e+00 -9.117134022941782157e-02 2.376169950546816179e-01 0.000000000000000000e+00
9.141800464384437497e-01 -8.050431942755158915e-05 0.000000000000000000e+00 3.510381512354521227e-02 1.705466890230696309e-01 0.000000000000000000e+00
9.920449081072759689e-01 8.694154271236460320e-04 0.000000000000000000e+00 -1.129437740565016751e-01 2.072495581528145114e-01 0.000000000000000000e+00
-1.082731581834162515e+00 4.798671653680848179e-05 0.000000000000000000e+00 9.634765111117582492e-02 1.152589412484715248e-01 0.000000000000000000e+00
-1.066876141696471603e+00 3.319513942738410404e-05 0.000000000000000000e+00 -9.334053889518337255e-02 8.502900250283228212e-02 0.000000000000000000e+00
9.962765618132005674e-01 -5.928343158434548881e-04 0.000000000000000000e+00 2.572944910471344215e-01 2.386938715561045532e-01 0.000000000000000000e+00
8.863120657599812269e-01 -7.384137651349790762e-04 0.000000000000000000e+00 -1.267293406916781551e-01 1.778148793256996152e-01 0.000000000000000000e+00
8.150596325547808663e-01 -3.255501760211082507e-04 0.000000000000000000e+00 7.306590862679590570e-02 3.417681872224502260e-01 0.000000000000000000e+00
7.765276722439058421e-01 -6.895728334473816973e-04 0.000000000000000000e+00 3.869843942473624732e-02 4.249585295698394827e-01 0.000000000000000000e+00
7.980684220835239095e-01 1.682358237286218569e-03 0.000000000000000000e+00 -7.267053591839556237e-02 3.761137414424426950e-01 0.000000000000000000e+00
7.887939995901600554e-01 4.088952734202216249e-04 0.000000000000000000e+00 -6.477671484978939336e-04 4.017184306609397071e-01 0.000000000000000000e+00
7.983046828216381341e-01 -1.369106931500224320e-03 0.000000000000000000e+00 7.272907712982931705e-02 3.756227729475803967e-01 0.000000000000000000e+00
7.764782764504380985e-01 -4.949485897194376080e-04 0.000000000000000000e+00 -3.802449787290126254e-02 4.251214470338225970e-01 0.000000000000000000e+00
8.148888741491959742e-01 1.288225997219179242e-03 0.000000000000000000e+00 -7.316486445469877475e-02 3.420861375092305590e-01 0.000000000000000000e+00
8.853613401804417693e-01 -5.584405149548072027e-05 0.000000000000000000e+00 1.267417927243793541e-01 1.797816727110157220e-01 0.000000000000000000e+00
9.975099009273414863e-01 -1.463296786911373083e-05 0.000000000000000000e+00 -3.653323802336003734e-01 1.872306656932479774e-01 0.000000000000000000e+00
-1.169296236088029239e+00 -3.111305082247745046e-04 0.000000000000000000e+00 8.377098288544378157e-02 2.715127544548626704e-01 0.000000000000000000e+00
-1.213291295497262556e+00 1.658304054903286112e-03 0.000000000000000000e+00 -7.480984707487764451e-02 3.434100648991015303e-01 0.000000000000000000e+00
-1.115431394792408604e+00 5.855124215821688608e-04 0.000000000000000000e+00 1.159478048380391257e-01 1.638295022908359821e-01 0.000000000000000000e+00
-1.143537830915906106e+00 8.214669882998740930e-04 0.000000000000000000e+00 9.939734218297763269e-02 2.231979527761831505e-01 0.000000000000000000e+00
-1.188825919103084772e+00 -4.911562788863959358e-05 0.000000000000000000e+00 -8.796278850680266936e-02 3.015776076755679602e-01 0.000000000000000000e+00
-1.056889070056913571e+00 2.396050367242351375e-04 0.000000000000000000e+00 9.774510140598174912e-02 5.381642470623274055e-02 0.000000000000000000e+00
-1.099217806230864625e+00 -5.411540788163460985e-04 0.000000000000000000e+00 -1.125760201539420385e-01 1.347445781543853416e-01 0.000000000000000000e+00
-1.203634006478469187e+00 9.532755643867230760e-04 0.000000000000000000e+00 8.287029662656908435e-02 3.264139638446863501e-01 0.000000000000000000e+00
-1.149236230888938559e+00 -8.642439307189539455e-04 0.000000000000000000e+00 -9.463713183246710847e-02 2.348031283879186693e-01 0.000000000000000000e+00
-1.360143419891341132e+00 -1.525766603728970910e-03 0.000000000000000000e+00 3.493027246397874264e-02 5.676423440102098539e-01 0.000000000000000000e+00
-1.164033352952722922e+00 7.440531121972425443e-04 0.000000000000000000e+00 -1.358308386770195608e-01 2.402944244062557022e-01 0.000000000000000000e+00
-1.379002991121911048e+00 2.851479892541600170e-03 0.000000000000000000e+00 -2.722182640380032062e-02 5.951865015373833945e-01 0.000000000000000000e+00
8.056334139357415047e-01 -3.231027538370817576e-04 0.000000000000000000e+00 4.168494148434309654e-02 3.656599479173593958e-01 0.000000000000000000e+00
8.597305956252662140e-01 -1.131229113766043549e-03 0.000000000000000000e+00 1.297084093588692921e-01 2.312082341046114986e-01 0.000000000000000000e+00
8.281605343988224233e-01 1.045026909092805489e-04 0.000000000000000000e+00 -2.570234661770440243e-01 1.974783106674308508e-01 0.000000000000000000e+00
7.197770374289322870e-01 -1.346397849311272397e-03 0.000000000000000000e+00 -2.729736271193458075e-01 4.745270572053512659e-01 0.000000000000000000e+00
6.124910327476116301e-01 -1.161766663334761959e-03 0.000000000000000000e+00 -1.219861530854712411e-01 7.922675119208046901e-01 0.000000000000000000e+00
-9.667043432168854755e-01 1.127460251150484358e-04 0.000000000000000000e+00 2.767469214934534238e-02 7.593561461153125469e-02 0.000000000000000000e+00
6.103203367071852181e-01 -2.862891293408281398e-03 0.000000000000000000e+00 1.167186425038359843e-01 7.986625796252789788e-01 0.000000000000000000e+00
7.142492948446410583e-01 2.304838525522285436e-03 0.000000000000000000e+00 2.708545476061346990e-01 4.897467168928743564e-01 0.000000000000000000e+00
8.513945570105694305e-01 -3.372907206770945710e-04 0.000000000000000000e+00 2.383050159253938260e-01 1.477187461715657735e-01 0.000000000000000000e+00
8.881332097884322430e-01 3.323397790265351925e-05 0.000000000000000000e+00 -5.753849388025184669e-02 2.074517181428536527e-01 0.000000000000000000e+00
9.119056380332106748e-01 -1.332113865222094712e-04 0.000000000000000000e+00 9.016326408424189809e-02 1.528472014242802102e-01 0.000000000000000000e+00
9.709021387814151804e-01 -3.260896014226587463e-04 0.000000000000000000e+00 -9.075837767502586972e-02 1.044285443264810764e-01 0.000000000000000000e+00
9.675137336758383722e-01 3.914292212597902162e-04 0.000000000000000000e+00 7.586047186440411649e-02 1.118174608356104632e-01 0.000000000000000000e+00
9.192884659914687395e-01 -5.686826245881767931e-04 0.000000000000000000e+00 -7.084650654671921510e-02 1.510895785375531153e-01 0.000000000000000000e+00
9.213733901129090853e-01 3.703397714195444737e-04 0.000000000000000000e+00 6.916680406303631068e-02 1.487278632447571747e-01 0.000000000000000000e+00
9.641352587890962278e-01 3.402232859894650319e-04 0.000000000000000000e+00 -7.051233434675074907e-02 1.129939498200114856e-01 0.000000000000000000e+00
9.617988902821895669e-01 3.664923961368587763e-04 0.000000000000000000e+00 5.340295912763697028e-02 1.212409293379701491e-01 0.000000000000000000e+00
9.288735120463014194e-01 8.647363571576680875e-06 0.000000000000000000e+00 -4.318949994294085659e-02 1.482122920531122878e-01 0.000000000000000000e+00
7.267356087538395792e-01 2.539662442847060060e-03 0.000000000000000000e+00 6.542936343619409900e-02 5.281270259035862891e-01 0.000000000000000000e+00
7.596228331890129137e-01 -8.701317915841273558e-04 0.000000000000000000e+00 -1.200022533736989083e-01 4.459335701188267276e-01 0.000000000000000000e+00
8.347074405776326866e-01 -1.052174402047050504e-03 0.000000000000000000e+00 -1.038205537767764031e-01 2.938284451922930085e-01 0.000000000000000000e+00
8.255870812507473122e-01 3.380924420229602413e-04 0.000000000000000000e+00 9.385798346816415227e-02 3.154026944730872195e-01 0.000000000000000000e+00
8.313247590268182385e-01 6.784737273518742263e-04 0.000000000000000000e+00 -9.130776279652690064e-02 3.046844150173719790e-01 0.000000000000000000e+00
1.041880971059137018e+00 4.421143602978232223e-05 0.000000000000000000e+00 1.281365949986363328e-01 2.815824137784086328e-02 0.000000000000000000e+00
-1.169952935272914774e+00 -1.699197395420230360e-04 0.000000000000000000e+00 1.873845417079187392e-01 2.149392960745137027e-01 0.000000000000000000e+00
1.024454803019667182e+00 -2.881491282731986174e-06 0.000000000000000000e+00 3.879974857046786241e-02 1.391687121444119268e-01 0.000000000000000000e+00
-1.917383978017407120e+00 1.287549473039429487e-03 0.000000000000000000e+00 6.826443906755874647e-02 1.310634134604151235e+00 0.000000000000000000e+00
-1.682851003067614037e+00 -4.552673020990584407e-03 0.000000000000000000e+00 1.975320647244348804e-01 9.921814895638114695e-01 0.000000000000000000e+00
-1.373822900571948669e+00 -2.163323175768255835e-04 0.000000000000000000e+00 -2.618360332223260700e-01 5.269075861821843620e-01 0.000000000000000000e+00
-1.810708319627454266e+00 2.074498258179662685e-03 0.000000000000000000e+00 -1.438887132824418491e-01 1.168537071852441933e+00 0.000000000000000000e+00
-1.952950138462164809e+00 -5.333670534748286007e-05 0.000000000000000000e+00 -1.577019965878159388e-02 1.356771197920980665e+00 0.000000000000000000e+00
-1.833539535616654614e+00 -5.091705279499932069e-03 0.000000000000000000e+00 1.177049181405078193e-01 1.200747714756741580e+00 0.000000000000000000e+00
-1.399139178072637657e+00 8.595122313720983398e-04 0.000000000000000000e+00 2.573625639447953972e-01 5.690442355327068880e-01 0.000000000000000000e+00
-1.698371112752462331e+00 3.252573889869145307e-03 0.000000000000000000e+00 -1.857550863490115001e-01 1.015158406245178169e+00 0.000000000000000000e+00
-1.919025964268867401e+00 6.024054063217168520e-03 0.000000000000000000e+00 -3.603983680427043368e-02 1.313986492866162425e+00 0.000000000000000000e+00
-1.769966475412353191e+00 2.778185306860452702e-03 0.000000000000000000e+00 1.308156134616756117e-01 1.117415336952582550e+00 0.000000000000000000e+00
-1.348464843055362294e+00 -2.306847002057296932e-03 0.000000000000000000e+00 -2.507790605271017492e-01 4.915812863744998262e-01 0.000000000000000000e+00
-1.838323000372017457e+00 3.737740942851300319e-03 0.000000000000000000e+00 -7.373763505071090352e-02 1.210342532869380650e+00 0.000000000000000000e+00
-1.552058852929432797e+00 3.327571151404144084e-03 0.000000000000000000e+00 1.768651194022179962e-01 8.180558756996527681e-01 0.000000000000000000e+00
-1.727340194565792686e+00 4.740872957502112461e-03 0.000000000000000000e+00 -5.709059408424651400e-02 1.068313041956004739e+00 0.000000000000000000e+00
-1.266009646164545588e+00 -1.808156797599587071e-03 0.000000000000000000e+00 2.241072117603047642e-01 3.679053291790282953e-01 0.000000000000000000e+00
-1.738466073835357673e+00 1.370239660035840745e-03 0.000000000000000000e+00 2.981519414994831391e-02 1.083880245293477262e+00 0.000000000000000000e+00
-1.484815489539008437e+00 2.905514171313697269e-03 0.000000000000000000e+00 -1.945590697295130622e-01 7.188851105192618496e-01 0.000000000000000000e+00
-1.730685745443373724e+00 4.491496457779397058e-03 0.000000000000000000e+00 9.844301246960444896e-02 1.069668132986842490e+00 0.000000000000000000e+00
-1.550498964838256111e+00 3.404041256794476319e-03 0.000000000000000000e+00 -1.883350424982370708e-01 8.133167218472727722e-01 0.000000000000000000e+00
-1.783187310656783708e+00 1.235424210729328676e-03 0.000000000000000000e+00 6.921272219818658256e-02 1.139970636860617503e+00 0.000000000000000000e+00
-1.361909672116233594e+00 -2.676458578642904040e-04 0.000000000000000000e+00 -2.372695201945585475e-01 5.196537842672456220e-01 0.000000000000000000e+00
-1.814684429257521714e+00 -5.159301116177112019e-03 0.000000000000000000e+00 -9.392673450408700608e-03 1.182417279453725989e+00 0.000000000000000000e+00
-1.407380247511313964e+00 2.328758448341058940e-03 0.000000000000000000e+00 2.327799779031607397e-01 5.921339972420751607e-01 0.000000000000000000e+00
-1.774064291138781169e+00 2.888970136042418035e-03 0.000000000000000000e+00 -7.523580058470952237e-02 1.127822747794372304e+00 0.000000000000000000e+00
-1.549038701620448544e+00 1.242823213817176309e-03 0.000000000000000000e+00 1.877966774162478369e-01 8.113999054970197911e-01 0.000000000000000000e+00
-1.731800069676874276e+00 -2.047854319257642886e-03 0.000000000000000000e+00 -8.752390769099421819e-02 1.072064871604303082e+00 0.000000000000000000e+00
-1.460493578218313493e+00 1.885726599818600066e-03 0.000000000000000000e+00 2.058392055858325187e-01 6.804961540900835715e-01 0.000000000000000000e+00
-1.745675510743977421e+00 5.145210168387460981e-03 0.000000000000000000e+00 -2.518936278248257513e-02 1.093361324478026919e+00 0.000000000000000000e+00
-1.215737580964559417e+00 1.197419814842701907e-03 0.000000000000000000e+00 -2.190205867360758285e-01 2.796107987275026074e-01 0.000000000000000000e+00
-1.740657182795216862e+00 2.344607473496917744e-03 0.000000000000000000e+00 4.680672216392921942e-02 1.086127705645898001e+00 0.000000000000000000e+00
-1.502834734720733589e+00 2.364924540200350617e-03 0.000000000000000000e+00 -1.926526583535504156e-01 7.451283365556200522e-01 0.000000000000000000e+00
-1.742458368362336918e+00 3.921001059827017819e-03 0.000000000000000000e+00 9.285323097607703358e-02 1.085512025266986535e+00 0.000000000000000000e+00
-1.519190336343356318e+00 2.526301813528572526e-03 0.000000000000000000e+00 -2.008689909462102741e-01 7.662123636906619240e-01 0.000000000000000000e+00
-1.790521621601706359e+00 -2.504657248581430157e-03 0.000000000000000000e+00 5.221866019423224842e-02 1.150312130663853072e+00 0.000000000000000000e+00
-1.307838765604274034e+00 -1.976778061402213391e-03 0.000000000000000000e+00 -2.389620256272368404e-01 4.308188673509472100e-01 0.000000000000000000e+00
-1.809667258102197973e+00 5.773140726912089071e-03 0.000000000000000000e+00 -7.145247034043556572e-03 1.176021372468437409e+00 0.000000000000000000e+00
-1.406905491832270760e+00 1.743229682186358404e-03 0.000000000000000000e+00 2.314074722765109282e-01 5.919484335868496760e-01 0.000000000000000000e+00
-1.773474305319709732e+00 -4.632232306181496839e-03 0.000000000000000000e+00 -7.520916230978169637e-02 1.127067964812541234e+00 0.000000000000000000e+00
-1.534862200427788315e+00 -1.677992394012825517e-03 0.000000000000000000e+00 1.919893120779379292e-01 7.905612479230784695e-01 0.000000000000000000e+00
-1.737638764418045767e+00 8.701968319582030140e-04 0.000000000000000000e+00 -8.238877304411251767e-02 1.080078807915405115e+00 0.000000000000000000e+00
-1.466322623335487574e+00 -1.315910650358459791e-03 0.000000000000000000e+00 2.040823647368397165e-01 6.895007333137951333e-01 0.000000000000000000e+00
-1.747190563703033606e+00 -2.498262881494107100e-03 0.000000000000000000e+00 -3.630184397374848493e-02 1.095006270658436254e+00 0.000000000000000000e+00
-1.152416464987209288e+00 -7.181434569300598411e-04 0.000000000000000000e+00 1.989575216709038585e-01 1.643880730820246328e-01 0.000000000000000000e+00
-1.127511982491161913e+00 -5.640276293440334154e-04 0.000000000000000000e+00 -1.854084708849685070e-01 1.174380972829220104e-01 0.000000000000000000e+00
-1.747891065527432897e+00 -4.263818888569259787e-03 0.000000000000000000e+00 2.963080026538507383e-02 1.096119502279873981e+00 0.000000000000000000e+00
-1.460844716172738256e+00 1.410612668856373389e-04 0.000000000000000000e+00 -2.059500207299345687e-01 6.809735995781183160e-01 0.000000000000000000e+00
-1.737160121515760824e+00 -2.440568143638431609e-03 0.000000000000000000e+00 8.058535085760280825e-02 1.079593819535474397e+00 0.000000000000000000e+00
-1.536407976751601900e+00 1.371463352059554969e-03 0.000000000000000000e+00 -1.911639557710700377e-01 7.929310633777137962e-01 0.000000000000000000e+00
-1.772297908237652431e+00 2.334443932148808076e-03 0.000000000000000000e+00 7.525742422288295153e-02 1.125539864596452944e+00 0.000000000000000000e+00
-1.413090297430317666e+00 -1.780673354689964877e-03 0.000000000000000000e+00 -2.305488592576229179e-01 6.016802581167539632e-01 0.000000000000000000e+00
-1.809879881827067827e+00 -5.376694753295897453e-03 0.000000000000000000e+00 8.619601430565074218e-03 1.176282402079226852e+00 0.000000000000000000e+00
-1.305422913040613864e+00 -5.267827427614599212e-04 0.000000000000000000e+00 2.381901200318964074e-01 4.271882500212077494e-01 0.000000000000000000e+00
-1.790816581903444504e+00 -3.929729799423985204e-03 0.000000000000000000e+00 -5.663205222626006841e-02 1.150486444795576046e+00 0.000000000000000000e+00
-1.518899073121521059e+00 3.438847496786977959e-03 0.000000000000000000e+00 2.041149114229878769e-01 7.649444629749651003e-01 0.000000000000000000e+00
-1.741864130814414935e+00 -4.818267639511437939e-03 0.000000000000000000e+00 -9.436077273329050719e-02 1.084612107783832435e+00 0.000000000000000000e+00
-1.501581058840836036e+00 2.613902168616857868e-03 0.000000000000000000e+00 1.950926044714393903e-01 7.427097346378315201e-01 0.000000000000000000e+00
-1.740105164438055185e+00 -2.884896059194647089e-03 0.000000000000000000e+00 -4.596461567075635357e-02 1.085448797802778476e+00 0.000000000000000000e+00
-1.197625226255947695e+00 -8.925330423498788537e-04 0.000000000000000000e+00 2.147758504579553307e-01 2.473824375284039423e-01 0.000000000000000000e+00
-1.743950373964889167e+00 -5.337603578081322186e-03 0.000000000000000000e+00 2.842694614278709966e-02 1.091046684723466553e+00 0.000000000000000000e+00
-1.473171851492931062e+00 -2.605842913861594612e-04 0.000000000000000000e+00 -2.015817140127397211e-01 7.001550983745256085e-01 0.000000000000000000e+00
-1.732293646531207987e+00 5.037344325535132727e-03 0.000000000000000000e+00 9.219632599233337777e-02 1.072326448210861649e+00 0.000000000000000000e+00
-1.547737003609694462e+00 2.628150126057555991e-03 0.000000000000000000e+00 -1.875403386081020418e-01 8.096467309762603870e-01 0.000000000000000000e+00
-1.776706643857446810e+00 -1.905979559950400637e-03 0.000000000000000000e+00 7.224197542338789413e-02 1.131428595588022556e+00 0.000000000000000000e+00
-1.396138490242500918e+00 9.763285925523702835e-04 0.000000000000000000e+00 -2.327636137336897559e-01 5.749420707724290924e-01 0.000000000000000000e+00
-1.813804812882775508e+00 -3.267119375314642832e-03 0.000000000000000000e+00 1.374552552467240597e-03 1.181325552752447772e+00 0.000000000000000000e+00
-1.363960488437396146e+00 2.049347025456942084e-03 0.000000000000000000e+00 2.375424699288758434e-01 5.227796894256713234e-01 0.000000000000000000e+00
-1.782701483823780464e+00 1.384769705188235167e-03 0.000000000000000000e+00 -6.670184647538388023e-02 1.139496299983599581e+00 0.000000000000000000e+00
-1.545496825493582804e+00 1.238939114418355532e-03 0.000000000000000000e+00 1.923694118419628507e-01 8.053779385115618084e-01 0.000000000000000000e+00
-1.733076843467940442e+00 3.272190114297421695e-03 0.000000000000000000e+00 -9.134393893256680108e-02 1.073415828535869032e+00 0.000000000000000000e+00
-1.485213428249241296e+00 1.714134342368188457e-03 0.000000000000000000e+00 1.975856143251817909e-01 7.186309809419995087e-01 0.000000000000000000e+00
-1.739880044957391014e+00 -7.201392008086464694e-04 0.000000000000000000e+00 -3.270585203168365623e-02 1.085634549705856600e+00 0.000000000000000000e+00
-1.228943091378112973e+00 9.363640592996067512e-04 0.000000000000000000e+00 -2.207697851658486088e-01 3.033466093002291086e-01 0.000000000000000000e+00
-1.733053569836128460e+00 -2.171411886742588906e-03 0.000000000000000000e+00 5.090651466980646717e-02 1.076059650419421754e+00 0.000000000000000000e+00
-1.531598810227663865e+00 -7.417337632394903346e-04 0.000000000000000000e+00 -1.833120269448491602e-01 7.880448647213302849e-01 0.000000000000000000e+00
-1.772477822285436044e+00 -6.240108496722851505e-04 0.000000000000000000e+00 8.990662289046458255e-02 1.124696213195641059e+00 0.000000000000000000e+00
-1.410610436761050801e+00 -1.471960165094638069e-03 0.000000000000000000e+00 -2.348148106447866534e-01 5.962562003258695675e-01 0.000000000000000000e+00
-1.825615812583020414e+00 -5.332661296876442525e-03 0.000000000000000000e+00 -1.141361916198602167e-02 1.196356359843557371e+00 0.000000000000000000e+00
-1.464340234949315089e+00 3.190507668336860225e-03 0.000000000000000000e+00 2.257741487613315612e-01 6.798031094758079096e-01 0.000000000000000000e+00
-1.756842359079608507e+00 3.141901277826923689e-03 0.000000000000000000e+00 -9.985165473411838910e-02 1.103595366483756335e+00 0.000000000000000000e+00
-1.359337105182010452e+00 8.915054159445469362e-04 0.000000000000000000e+00 2.052726882950717258e-01 5.291361328082445636e-01 0.000000000000000000e+00
-1.641694666754035969e+00 -1.615446676746214172e-03 0.000000000000000000e+00 8.250978034352761392e-02 9.537293719656658730e-01 0.000000000000000000e+00
-1.663455721629893524e+00 -2.904662512020275700e-03 0.000000000000000000e+00 -5.978805352558540231e-02 9.842880381027908632e-01 0.000000000000000000e+00
-1.433709552662271403e+00 -2.741477088177013410e-04 0.000000000000000000e+00 -1.892193128373819144e-01 6.463054655292941320e-01 0.000000000000000000e+00
1.010819440562779503e+00 -7.079781188875858148e-05 0.000000000000000000e+00 -1.254710616937907419e-01 1.572440835949284743e-01 0.000000000000000000e+00
8.503169792890430401e-01 1.086359776638758795e-03 0.000000000000000000e+00 1.346045812430169963e-01 2.482313749848276963e-01 0.000000000000000000e+00
6.609233138148060682e-01 1.657157957632847400e-03 0.000000000000000000e+00 -2.332915427492724403e-01 6.410531095087224074e-01 0.000000000000000000e+00
6.022817294334972260e-01 -3.856889057498092722e-03 0.000000000000000000e+00 -8.323689564046929390e-03 8.278369487809762450e-01 0.000000000000000000e+00
6.510825154156845151e-01 -2.436643300973199110e-03 0.000000000000000000e+00 2.204667239737304607e-01 6.704512992787771131e-01 0.000000000000000000e+00
8.883232041670563461e-01 -3.553847435375625044e-04 0.000000000000000000e+00 2.001169017963294050e-01 7.854688152134091383e-02 0.000000000000000000e+00
8.998604928976376982e-01 -1.702618098541605141e-04 0.000000000000000000e+00 -2.441330937435987405e-02 1.945267753645155417e-01 0.000000000000000000e+00
8.570047350710141565e-01 3.808094639049311447e-05 0.000000000000000000e+00 4.239680264542503713e-02 2.667375191713802773e-01 0.000000000000000000e+00
8.076882628008277276e-01 1.453466560550223038e-03 0.000000000000000000e+00 -1.791020246006427841e-02 3.635339843841164376e-01 0.000000000000000000e+00
8.370917544329564697e-01 -8.370526311471031353e-04 0.000000000000000000e+00 -4.098554412929988899e-02 3.043765309265242802e-01 0.000000000000000000e+00
8.636709064289078697e-01 -8.261730680703604709e-04 0.000000000000000000e+00 -1.242876323588678125e-02 2.576943992444605813e-01 0.000000000000000000e+00
-1.007800164630282325e+00 -7.405867694384440578e-05 0.000000000000000000e+00 -1.209688762014427248e-04 5.744414636929814216e-02 0.000000000000000000e+00
8.636379694064595380e-01 1.467652126770625743e-04 0.000000000000000000e+00 1.229541407895762620e-02 2.577609490851699992e-01 0.000000000000000000e+00
8.369851229597957687e-01 4.894743441333920808e-05 0.000000000000000000e+00 4.090963006158232496e-02 3.045910330298660096e-01 0.000000000000000000e+00
8.078194185425729978e-01 1.136256944925206208e-03 0.000000000000000000e+00 1.800093268821873621e-02 3.632712568126973407e-01 0.000000000000000000e+00
8.571676490560113937e-01 -7.802838110036978969e-04 0.000000000000000000e+00 -4.248652695941875640e-02 2.664209633784694886e-01 0.000000000000000000e+00
8.988243660300755389e-01 3.963299457920817573e-04 0.000000000000000000e+00 2.350492457281544087e-02 1.963094688492865725e-01 0.000000000000000000e+00
6.249386646399991418e-01 -1.254676431861403985e-04 0.000000000000000000e+00 -6.219838285565271879e-02 7.675802176818645739e-01 0.000000000000000000e+00
7.236327870396677131e-01 -1.739728816098939576e-03 0.000000000000000000e+00 2.488378324156464982e-01 4.780883523297183579e-01 0.000000000000000000e+00
6.861039870620542214e-01 1.415180247683755707e-03 0.000000000000000000e+00 -2.403391962736217136e-01 5.750472378478472812e-01 0.000000000000000000e+00
6.131996769331915509e-01 3.993679484591118947e-03 0.000000000000000000e+00 3.251586405083430747e-02 7.991046505046555115e-01 0.000000000000000000e+00
7.371180791713203284e-01 -3.434661569227601130e-05 0.000000000000000000e+00 2.623786477336432776e-01 4.369312436157350987e-01 0.000000000000000000e+00
7.748237340512438287e-01 -1.666974817094424993e-03 0.000000000000000000e+00 -2.403989136058359843e-01 3.567985314655801599e-01 0.000000000000000000e+00
6.498990808102949046e-01 -1.400811464895240430e-03 0.000000000000000000e+00 1.204079531687134857e-01 6.983282101782017914e-01 0.000000000000000000e+00
6.868162331916822794e-01 2.728646567151866639e-03 0.000000000000000000e+00 -1.907327984125560261e-01 5.916168687217855382e-01 0.000000000000000000e+00
7.286438569885353989e-01 -1.535436657018066737e-03 0.000000000000000000e+00 2.271340985343478502e-01 4.766698283404872116e-01 0.000000000000000000e+00
