9.717273663471568401e-01 -6.226913394066980372e-05 0.000000000000000000e+00 4.358243872160925958e-02 1.327211823189027307e-01 0.000000000000000000e+00
9.310071932948404960e-01 3.947032706953977838e-04 0.000000000000000000e+00 -1.432468584449056968e-03 1.521357119573399364e-01 0.000000000000000000e+00
9.737953761956597010e-01 1.726720251694878212e-04 0.000000000000000000e+00 -4.584352440572041221e-02 1.351126685798865468e-01 0.000000000000000000e+00
-1.148821389308909424e+00 6.310917253363954038e-04 0.000000000000000000e+00 -7.609630853715935658e-03 2.525886804514823059e-01 0.000000000000000000e+00
8.399473225825636602e-01 4.107389372699863511e-04 0.000000000000000000e+00 -1.800680949555830829e-02 3.013417692090607503e-01 0.000000000000000000e+00
8.390403025952172245e-01 -1.345854502649103390e-03 0.000000000000000000e+00 2.739003130363750274e-02 3.023475612269241330e-01 0.000000000000000000e+00
8.699184018763874704e-01 -6.759819596480719228e-05 0.000000000000000000e+00 1.124504489852346106e-01 2.199190064424618174e-01 0.000000000000000000e+00
8.345690037638910930e-01 8.696282236009093836e-04 0.000000000000000000e+00 -2.073577588675337424e-01 2.331866746204693253e-01 0.000000000000000000e+00
-9.737348395274200152e-01 1.874289449837636661e-04 0.000000000000000000e+00 -4.437900395218961902e-02 5.795542039996920414e-02 0.000000000000000000e+00
8.617676472618785999e-01 7.562782046080535753e-04 0.000000000000000000e+00 1.962937759773837609e-01 1.729211784307211341e-01 0.000000000000000000e+00
1.002961155449706432e+00 -8.521945638035049878e-04 0.000000000000000000e+00 3.162083304232757297e-01 1.610385857472740878e-01 0.000000000000000000e+00
-1.306395547792225997e+00 -1.067603181640876253e-03 0.000000000000000000e+00 -1.796590542152971814e-01 4.565503324974108379e-01 0.000000000000000000e+00
-1.486909029497995638e+00 1.386772662407907697e-03 0.000000000000000000e+00 -8.746813887767967977e-02 7.425718765698003931e-01 0.000000000000000000e+00
-1.527064456461481257e+00 1.668592723959902435e-03 0.000000000000000000e+00 2.906009348959372879e-02 8.024174964858402648e-01 0.000000000000000000e+00
-1.413872540155260982e+00 -2.138106983623877522e-03 0.000000000000000000e+00 1.377979886573256763e-01 6.306383670824423637e-01 0.000000000000000000e+00
-1.367017458962116905e+00 -2.149256956304444049e-03 0.000000000000000000e+00 1.869921689871573700e-01 5.476480323401380357e-01 0.000000000000000000e+00
-1.515762556781609538e+00 1.735431004243871700e-03 0.000000000000000000e+00 1.430652128945118506e-01 7.743558068609888156e-01 0.000000000000000000e+00
-1.622895655497412992e+00 -4.313802946157995963e-03 0.000000000000000000e+00 6.118746219490505539e-02 9.303257933860527018e-01 0.000000000000000000e+00
-1.644868217067666727e+00 -3.502771361424905638e-03 0.000000000000000000e+00 -2.302330325040218006e-02 9.612766476032481577e-01 0.000000000000000000e+00
-1.580607870558757178e+00 -1.704887952210010910e-03 0.000000000000000000e+00 -1.046700736766800199e-01 8.693600387342383939e-01 0.000000000000000000e+00
-1.441256743678951402e+00 1.681668112905121762e-03 0.000000000000000000e+00 -1.704630340733758742e-01 6.625250073219366431e-01 0.000000000000000000e+00
-1.357326717374354175e+00 8.296837490731137632e-04 0.000000000000000000e+00 -1.790146610668758576e-01 5.356140020975090899e-01 0.000000000000000000e+00
-1.442701351759146933e+00 2.224046011739616580e-03 0.000000000000000000e+00 -1.340254916168915900e-01 6.729136078274268185e-01 0.000000000000000000e+00
-1.529290302724443773e+00 -2.128890136212588987e-03 0.000000000000000000e+00 -6.136650382368477596e-02 8.036483872082748059e-01 0.000000000000000000e+00
-1.546319227433432086e+00 2.776750576119100047e-03 0.000000000000000000e+00 2.511290896799481254e-02 8.288299520542806720e-01 0.000000000000000000e+00
-1.488189431181458744e+00 -5.316730688243833432e-04 0.000000000000000000e+00 1.036315214847174510e-01 7.422772950617291254e-01 0.000000000000000000e+00
-1.381198492973730207e+00 -1.388636137222079570e-04 0.000000000000000000e+00 1.657721881608948400e-01 5.756312763852597936e-01 0.000000000000000000e+00
-1.407834860439111324e+00 -2.593203375610760031e-03 0.000000000000000000e+00 1.779313823822404883e-01 6.116091506711445192e-01 0.000000000000000000e+00
-1.547174763984905610e+00 -1.960187176980709989e-03 0.000000000000000000e+00 1.230055834147417843e-01 8.212109430054019832e-01 0.000000000000000000e+00
-1.631533643054941418e+00 4.829833341907056876e-04 0.000000000000000000e+00 4.782002205749915497e-02 9.426221059987300865e-01 0.000000000000000000e+00
-1.638448593050075619e+00 2.822182250297044278e-03 0.000000000000000000e+00 -3.182433790498458148e-02 9.524989330149694622e-01 0.000000000000000000e+00
-1.566509634452876387e+00 1.188358184632115622e-04 0.000000000000000000e+00 -1.118457425642396252e-01 8.492654448006282664e-01 0.000000000000000000e+00
-1.430736765702147029e+00 -2.004905050010351297e-03 0.000000000000000000e+00 -1.740748503827519444e-01 6.462876913885107211e-01 0.000000000000000000e+00
-1.365693246068602651e+00 -1.453340022821252714e-03 0.000000000000000000e+00 -1.765142700565139333e-01 5.491147565069354197e-01 0.000000000000000000e+00
-1.452651307256076496e+00 -5.357571459321279136e-04 0.000000000000000000e+00 -1.306209783754910814e-01 6.877669872541813945e-01 0.000000000000000000e+00
-1.532715257713827217e+00 -2.606478367197219426e-03 0.000000000000000000e+00 -5.909133280878418881e-02 8.085120384880390976e-01 0.000000000000000000e+00
-1.548229854349385537e+00 9.909772354887054491e-04 0.000000000000000000e+00 2.342723080877428393e-02 8.314763601709473928e-01 0.000000000000000000e+00
-1.494488182357799122e+00 -1.850629596345743089e-03 0.000000000000000000e+00 9.931017982272605238e-02 7.516500930266691860e-01 0.000000000000000000e+00
-1.394128874656259232e+00 1.003271226398169333e-03 0.000000000000000000e+00 1.617845062883133678e-01 5.959135624155904587e-01 0.000000000000000000e+00
-1.393183244422809830e+00 2.879038298495562032e-04 0.000000000000000000e+00 1.796775815460872061e-01 5.893559772377350292e-01 0.000000000000000000e+00
-1.512757018910860785e+00 3.604775177437147607e-04 0.000000000000000000e+00 1.401706580204652441e-01 7.706916582976974794e-01 0.000000000000000000e+00
-1.608911458135111161e+00 -1.731798985199373142e-03 0.000000000000000000e+00 7.193068723227416528e-02 9.108147478022790011e-01 0.000000000000000000e+00
-1.641508311025697164e+00 -4.119073329918780668e-03 0.000000000000000000e+00 -4.332827836682415223e-03 9.570873598463798260e-01 0.000000000000000000e+00
-1.606262287760108265e+00 3.450180069686094309e-03 0.000000000000000000e+00 -7.379889476434101092e-02 9.071113193110003081e-01 0.000000000000000000e+00
-1.508117820703374301e+00 1.737019973774693929e-03 0.000000000000000000e+00 -1.412920355095248492e-01 7.640060489650627451e-01 0.000000000000000000e+00
-1.390535819481657498e+00 2.608867347740614906e-03 0.000000000000000000e+00 -1.787360003572587286e-01 5.857016043490874679e-01 0.000000000000000000e+00
-1.397243652622064847e+00 1.962696146245078432e-03 0.000000000000000000e+00 -1.588493804121808850e-01 6.012923111696294454e-01 0.000000000000000000e+00
-1.497401913272676133e+00 -9.635241753180867619e-05 0.000000000000000000e+00 -9.742354426889332508e-02 7.559500526304792078e-01 0.000000000000000000e+00
-1.548902663851047690e+00 2.785213869089057590e-03 0.000000000000000000e+00 -1.697807820958385436e-02 8.325513697639206345e-01 0.000000000000000000e+00
-1.529303981993750838e+00 3.046585554366910975e-03 0.000000000000000000e+00 6.389575563952032411e-02 8.034730880087186389e-01 0.000000000000000000e+00
-1.445887643369445197e+00 -2.709982548170945804e-03 0.000000000000000000e+00 1.329749914045862957e-01 6.776762034027450365e-01 0.000000000000000000e+00
-1.362894029482122793e+00 1.754375423099939057e-03 0.000000000000000000e+00 1.784392898086710477e-01 5.442569788193255542e-01 0.000000000000000000e+00
-1.435865900919924609e+00 3.176121997561287547e-03 0.000000000000000000e+00 1.731713995610423829e-01 6.539998763989414154e-01 0.000000000000000000e+00
-1.570439570963542142e+00 2.201767826914884096e-03 0.000000000000000000e+00 1.104851397473863989e-01 8.548052205406182491e-01 0.000000000000000000e+00
-1.639706536658675828e+00 -8.618658712832849567e-04 0.000000000000000000e+00 2.990188235602494332e-02 9.542305366776262510e-01 0.000000000000000000e+00
-1.629751541481266663e+00 2.073604835225006937e-03 0.000000000000000000e+00 -4.943295229717451639e-02 9.401663986500461423e-01 0.000000000000000000e+00
-1.541385565258214463e+00 -2.274582615852449585e-03 0.000000000000000000e+00 -1.286491729087047009e-01 8.123700496618940781e-01 0.000000000000000000e+00
-1.400597958194522485e+00 -1.631742001181359959e-03 0.000000000000000000e+00 -1.815137673657982176e-01 5.998284936592508387e-01 0.000000000000000000e+00
-1.385721567340599591e+00 1.101167544961718231e-03 0.000000000000000000e+00 -1.623246692455212470e-01 5.833293415986720021e-01 0.000000000000000000e+00
-1.495891231128477550e+00 -3.036954234479040046e-03 0.000000000000000000e+00 -9.764046364526199340e-02 7.538252114453009023e-01 0.000000000000000000e+00
-1.547340816021684606e+00 2.689651321475198392e-04 0.000000000000000000e+00 -1.170802079213392743e-02 8.305153158295098814e-01 0.000000000000000000e+00
-1.517999584442627281e+00 4.749042041715142819e-04 0.000000000000000000e+00 7.373724257262409543e-02 7.870836626798869418e-01 0.000000000000000000e+00
-1.417142068642152974e+00 2.035661738081815525e-03 0.000000000000000000e+00 1.488486777582710696e-01 6.328757183920596940e-01 0.000000000000000000e+00
-1.361566448198239021e+00 -1.119760772838682833e-04 0.000000000000000000e+00 1.828088425522135796e-01 5.407865078689317873e-01 0.000000000000000000e+00
-1.464211062579348077e+00 3.055731448305096937e-03 0.000000000000000000e+00 1.632487294000284916e-01 6.973449290352629060e-01 0.000000000000000000e+00
-1.586867319871146709e+00 -2.934009453473030403e-03 0.000000000000000000e+00 9.443440816568959839e-02 8.790147441418262320e-01 0.000000000000000000e+00
-1.642066169685454380e+00 -2.521602716047746662e-04 0.000000000000000000e+00 1.844448631050112086e-02 9.576538698092915691e-01 0.000000000000000000e+00
-1.621443947068300862e+00 -4.407651460882386352e-03 0.000000000000000000e+00 -6.361572219252858984e-02 9.282242567156691049e-01 0.000000000000000000e+00
-1.528672325958773559e+00 3.182429771208545449e-03 0.000000000000000000e+00 -1.319561607048196639e-01 7.942601632384826971e-01 0.000000000000000000e+00
-1.392798173759164371e+00 -1.082893527963217986e-03 0.000000000000000000e+00 -1.821007093545602418e-01 5.880394870741769697e-01 0.000000000000000000e+00
-1.391180555619595971e+00 2.253541020030933040e-03 0.000000000000000000e+00 -1.592688352605934332e-01 5.922447797967181904e-01 0.000000000000000000e+00
-1.501132853614880247e+00 2.396800683075003824e-03 0.000000000000000000e+00 -8.993589001054905219e-02 7.620605132640971835e-01 0.000000000000000000e+00
-1.547637468193363564e+00 -2.742874526891155018e-03 0.000000000000000000e+00 -8.506015654279778376e-03 8.309614486926830690e-01 0.000000000000000000e+00
-1.512985718666356671e+00 2.882829681053879906e-03 0.000000000000000000e+00 8.049024346898611681e-02 7.795096402392655000e-01 0.000000000000000000e+00
-1.408628384751454909e+00 1.522167519803982461e-03 0.000000000000000000e+00 1.526876322166312860e-01 6.195536548939388766e-01 0.000000000000000000e+00
-1.369776007022218245e+00 -2.579159554790891318e-03 0.000000000000000000e+00 1.817812775556633675e-01 5.535771964668078082e-01 0.000000000000000000e+00
-1.481047333510552511e+00 2.356690643807966834e-04 0.000000000000000000e+00 1.549270518736090840e-01 7.231804420806855482e-01 0.000000000000000000e+00
-1.594051991983131078e+00 -8.465156218378715007e-04 0.000000000000000000e+00 8.859955004383784916e-02 8.893269740242257804e-01 0.000000000000000000e+00
-1.642107105360896657e+00 1.939297884733931499e-03 0.000000000000000000e+00 1.402215698154774329e-02 9.577850345575241731e-01 0.000000000000000000e+00
-1.617518088521433306e+00 2.220496991072098275e-04 0.000000000000000000e+00 -6.463970998303106286e-02 9.228938807234968733e-01 0.000000000000000000e+00
-1.523509415499885833e+00 4.767313706573600429e-04 0.000000000000000000e+00 -1.353940498666574843e-01 7.865110814746369972e-01 0.000000000000000000e+00
-1.393270698554252895e+00 -2.579777336480459926e-03 0.000000000000000000e+00 -1.819493101108753119e-01 5.887946673201354120e-01 0.000000000000000000e+00
-1.389950625625354874e+00 -2.791161055650585171e-03 0.000000000000000000e+00 -1.630121538376720358e-01 5.894078047109574392e-01 0.000000000000000000e+00
-1.496659722034151319e+00 3.328993649627815660e-04 0.000000000000000000e+00 -9.656039360101149882e-02 7.550300653587891375e-01 0.000000000000000000e+00
-1.548094408388746235e+00 -8.176288763639266710e-04 0.000000000000000000e+00 -1.599321957319778040e-02 8.314699542154531109e-01 0.000000000000000000e+00
-1.523749636272929919e+00 3.439567789662444086e-03 0.000000000000000000e+00 6.977462166382265851e-02 7.953596697330489462e-01 0.000000000000000000e+00
-1.432257991083913939e+00 -2.088124290371362601e-03 0.000000000000000000e+00 1.400380757614308191e-01 6.566988683769288127e-01 0.000000000000000000e+00
-1.359244932014628482e+00 -9.647132489125700983e-04 0.000000000000000000e+00 1.803222515777265222e-01 5.380964264101855132e-01 0.000000000000000000e+00
-1.447949404612283164e+00 -2.428615769987582662e-05 0.000000000000000000e+00 1.680251558186011407e-01 6.728212084719538133e-01 0.000000000000000000e+00
-1.579266048515304943e+00 -6.165234371719070794e-04 0.000000000000000000e+00 1.027374522564678955e-01 8.677702504421580532e-01 0.000000000000000000e+00
-1.641963812977987658e+00 4.699038959525545824e-03 0.000000000000000000e+00 2.685221845943613905e-02 9.573287561525074540e-01 0.000000000000000000e+00
-1.625182330101093697e+00 -7.635611083992022152e-05 0.000000000000000000e+00 -5.785792991587907635e-02 9.335876029747621763e-01 0.000000000000000000e+00
-1.530413993625479252e+00 -8.861406125012464413e-05 0.000000000000000000e+00 -1.335971701991013061e-01 7.963958844209797494e-01 0.000000000000000000e+00
-1.389516983426756891e+00 2.414032538403013128e-03 0.000000000000000000e+00 -1.820355170331792172e-01 5.831642249175821302e-01 0.000000000000000000e+00
-1.394680043484178178e+00 1.675276508484088017e-03 0.000000000000000000e+00 -1.556182524279582369e-01 5.983684572607632646e-01 0.000000000000000000e+00
-1.510579363882911696e+00 1.930394933399456892e-03 0.000000000000000000e+00 -7.695717678032229503e-02 7.765435256785124807e-01 0.000000000000000000e+00
-1.543617851129394536e+00 3.613933784709394414e-03 0.000000000000000000e+00 1.577641265709033708e-02 8.253882004220995938e-01 0.000000000000000000e+00
-1.483926420466458174e+00 -2.111229449945802462e-03 0.000000000000000000e+00 1.020983530175573473e-01 7.365387117795222371e-01 0.000000000000000000e+00
-1.357213691421011337e+00 4.134293956656667768e-05 0.000000000000000000e+00 1.719603665128628944e-01 5.377531277260017006e-01 0.000000000000000000e+00
-1.478220681416335891e+00 -2.278123818191812866e-03 0.000000000000000000e+00 1.694357589074211023e-01 7.158954174327832876e-01 0.000000000000000000e+00
-1.655265980552875327e+00 -2.572782799148409794e-03 0.000000000000000000e+00 5.215044588114547963e-02 9.739297177509281811e-01 0.000000000000000000e+00
-1.642652224787122694e+00 -3.023069400203821228e-03 0.000000000000000000e+00 -7.225107459452878578e-02 9.558871619443549683e-01 0.000000000000000000e+00
-1.438860953785663588e+00 -4.222883127870530329e-04 0.000000000000000000e+00 -1.835401669293897919e-01 6.555331082611632887e-01 0.000000000000000000e+00
-1.357557627564660585e+00 -2.480737218163026059e-04 0.000000000000000000e+00 6.178277106206411101e-02 5.616880640473052022e-01 0.000000000000000000e+00
-1.140740455671981124e+00 5.045090473128994654e-04 0.000000000000000000e+00 1.395162305677406789e-01 1.955302664340679564e-01 0.000000000000000000e+00
-1.343424818602230841e+00 -7.129583709281420156e-05 0.000000000000000000e+00 -7.286048303631104117e-02 5.397500109718424977e-01 0.000000000000000000e+00
-1.182189525332937752e+00 -3.799238951906949019e-04 0.000000000000000000e+00 -1.850794254094262070e-01 2.413345548071219593e-01 0.000000000000000000e+00
-1.453748009681331999e+00 2.388183484525136478e-03 0.000000000000000000e+00 -8.602005783584393273e-02 6.963066004714572044e-01 0.000000000000000000e+00
-1.447576731123759508e+00 -1.393049474998447196e-03 0.000000000000000000e+00 9.205107488944148930e-02 6.868240816871415966e-01 0.000000000000000000e+00
-1.243065919725733437e+00 -1.342132177411248239e-03 0.000000000000000000e+00 1.934260321160327367e-01 3.462067778680659735e-01 0.000000000000000000e+00
1.043380359428639936e+00 2.656130535946073148e-04 0.000000000000000000e+00 9.882045092214949977e-02 8.701402726759276118e-02 0.000000000000000000e+00
-2.072227303465879800e+00 3.954430409098007304e-03 0.000000000000000000e+00 2.002085852945453825e-02 1.503978791352844624e+00 0.000000000000000000e+00
-2.002232657581032083e+00 -1.565983396675678374e-03 0.000000000000000000e+00 6.853000329883870978e-02 1.416402406684710069e+00 0.000000000000000000e+00
-1.907558045251513290e+00 -4.270614898599339737e-03 0.000000000000000000e+00 1.348157029885586056e-01 1.293116537294167090e+00 0.000000000000000000e+00
-1.748251094387797355e+00 -4.386577734555719213e-03 0.000000000000000000e+00 2.042956004604559450e-01 1.077839502877916411e+00 0.000000000000000000e+00
-1.495673245333223322e+00 -1.135288697833997107e-03 0.000000000000000000e+00 2.669242308067113489e-01 7.113896649906349401e-01 0.000000000000000000e+00
-1.347348366388997132e+00 -2.357747323882424667e-03 0.000000000000000000e+00 -2.762918283997852775e-01 4.759452924884630676e-01 0.000000000000000000e+00
-1.663080597948088268e+00 9.944509523026195952e-04 0.000000000000000000e+00 -2.325200758676488344e-01 9.578314624891739459e-01 0.000000000000000000e+00
-1.853632277355902636e+00 2.371825381840705904e-03 0.000000000000000000e+00 -1.635359094878603980e-01 1.221167266962919884e+00 0.000000000000000000e+00
-1.971653962733033172e+00 7.232898688249154474e-04 0.000000000000000000e+00 -9.531388315148123236e-02 1.376874250025874602e+00 0.000000000000000000e+00
-2.039610789562595450e+00 2.530724319340510453e-04 0.000000000000000000e+00 -3.269859797388055545e-02 1.463759565848193223e+00 0.000000000000000000e+00
1.044642163635167709e+00 -4.143864465059485204e-04 0.000000000000000000e+00 7.153918068377196349e-02 1.107640367750087340e-01 0.000000000000000000e+00
-2.312536084328810304e+00 2.490731766404845338e-03 0.000000000000000000e+00 -5.552836625988968183e-02 1.792390256844868190e+00 0.000000000000000000e+00
-2.118093589940876598e+00 1.643997688339803032e-03 0.000000000000000000e+00 -1.737572740434901730e-01 1.550304387980809828e+00 0.000000000000000000e+00
-1.666593912870607319e+00 4.650651803204897128e-03 0.000000000000000000e+00 -2.934920401999538964e-01 9.458050604702732400e-01 0.000000000000000000e+00
-1.679563619147506959e+00 -4.243180082621764507e-03 0.000000000000000000e+00 2.915668320544032577e-01 9.642624439026630245e-01 0.000000000000000000e+00
-2.124143152361391174e+00 -3.310630236745791544e-04 0.000000000000000000e+00 1.722946457604761505e-01 1.557858291493451564e+00 0.000000000000000000e+00
-2.314262762292215392e+00 -4.621294335846598544e-03 0.000000000000000000e+00 5.150729670507807334e-02 1.794561697278820311e+00 0.000000000000000000e+00
1.039746089602143542e+00 -4.200767795283483598e-04 0.000000000000000000e+00 -6.213950336864214677e-03 1.315238508946060536e-01 0.000000000000000000e+00
-2.294970807316397465e+00 2.818171477577027795e-03 0.000000000000000000e+00 -4.650815390749537398e-02 1.771799428559761802e+00 0.000000000000000000e+00
-2.148206376664288264e+00 3.054991444202181938e-03 0.000000000000000000e+00 -1.507226828016373366e-01 1.589389466418011487e+00 0.000000000000000000e+00
-1.810461107459820473e+00 4.816875402928966210e-03 0.000000000000000000e+00 -2.599405896851590403e-01 1.148035349191879106e+00 0.000000000000000000e+00
-1.378101920213877118e+00 -1.737110976521141770e-03 0.000000000000000000e+00 3.101102793026004889e-01 5.073255260611069239e-01 0.000000000000000000e+00
-1.937086874188038266e+00 3.460371975698997571e-03 0.000000000000000000e+00 2.318610929304019963e-01 1.316854559145573589e+00 0.000000000000000000e+00
-2.212662714736918446e+00 -7.314390624302488653e-03 0.000000000000000000e+00 1.143215170517506013e-01 1.670273019086722766e+00 0.000000000000000000e+00
-2.302096465333255182e+00 7.128259399054107104e-03 0.000000000000000000e+00 2.495318133939493019e-02 1.780705920668796516e+00 0.000000000000000000e+00
-2.295246085923066559e+00 4.810771354076131406e-03 0.000000000000000000e+00 -8.601600725443636630e-02 1.770652782153606442e+00 0.000000000000000000e+00
-2.008255820534430747e+00 -1.044481251017539969e-03 0.000000000000000000e+00 -2.193377286286534167e-01 1.408525045632740724e+00 0.000000000000000000e+00
-1.317440051561921344e+00 3.764498180428791502e-04 0.000000000000000000e+00 -3.066241124906358140e-01 4.035414440888467902e-01 0.000000000000000000e+00
-1.941290434108960516e+00 4.210963928276148516e-03 0.000000000000000000e+00 2.412859394153193948e-01 1.320499708199533773e+00 0.000000000000000000e+00
-2.269245929730718814e+00 -3.559827473561469335e-03 0.000000000000000000e+00 1.053208030487282759e-01 1.738624427307837728e+00 0.000000000000000000e+00
-2.331347695685696664e+00 -5.089231899713164697e-03 0.000000000000000000e+00 -1.269769215077555524e-02 1.815485179878426170e+00 0.000000000000000000e+00
-2.233205022362197312e+00 -5.611247611768170607e-03 0.000000000000000000e+00 -1.279873776689612608e-01 1.693958533572110348e+00 0.000000000000000000e+00
-1.894950448789526787e+00 5.834419405898638028e-03 0.000000000000000000e+00 -2.445917144253618170e-01 1.260774136716371618e+00 0.000000000000000000e+00
-1.370929630285372625e+00 -1.206572571561252694e-03 0.000000000000000000e+00 3.127572788233909939e-01 4.935666970450280910e-01 0.000000000000000000e+00
-2.002069031795710607e+00 4.280157794239462105e-03 0.000000000000000000e+00 2.206187040387821707e-01 1.400593525453200927e+00 0.000000000000000000e+00
-2.279208392144410400e+00 6.227920713484602633e-03 0.000000000000000000e+00 9.907970112283509545e-02 1.750878892734242243e+00 0.000000000000000000e+00
-2.306616148403804800e+00 2.605193679028023485e-03 0.000000000000000000e+00 -1.145981981709300219e-02 1.786195380309618885e+00 0.000000000000000000e+00
-2.223664200067895891e+00 6.963125839584700938e-03 0.000000000000000000e+00 -1.108959207695821153e-01 1.683720660990023266e+00 0.000000000000000000e+00
-1.946676038457897384e+00 4.820001091505571322e-03 0.000000000000000000e+00 -2.247326197899934264e-01 1.330236386727447817e+00 0.000000000000000000e+00
-1.366696294671986944e+00 -2.038131546745003755e-04 0.000000000000000000e+00 -3.103859990971957750e-01 4.878688845831904430e-01 0.000000000000000000e+00
-1.828339313613778661e+00 3.462438193745927262e-03 0.000000000000000000e+00 2.620700267437141018e-01 1.170948306290037433e+00 0.000000000000000000e+00
-2.166915510265969846e+00 -6.871496989309177489e-03 0.000000000000000000e+00 1.413254777087142866e-01 1.612958351341220453e+00 0.000000000000000000e+00
-2.304163858330329440e+00 -1.802407794644828032e-03 0.000000000000000000e+00 3.900147793909802818e-02 1.782895852769958989e+00 0.000000000000000000e+00
-2.422768008976444953e+00 6.511252676642945159e-03 0.000000000000000000e+00 -9.970910803015481383e-02 1.920540056758277991e+00 0.000000000000000000e+00
-1.735521635288656217e+00 3.551770507792749790e-03 0.000000000000000000e+00 -3.108889182433218767e-01 1.034826186654714153e+00 0.000000000000000000e+00
-2.123868604246245795e+00 -3.023667150435574436e-03 0.000000000000000000e+00 2.229303733025200240e-01 1.551088934715730172e+00 0.000000000000000000e+00
-2.500685941775409482e+00 3.967621336753449079e-03 0.000000000000000000e+00 2.949247994723401545e-02 2.013808854213460897e+00 0.000000000000000000e+00
-2.297711325469843580e+00 3.879615704281719202e-03 0.000000000000000000e+00 -1.657072583172172209e-01 1.767917957998875078e+00 0.000000000000000000e+00
-1.326773855316598194e+00 -1.759483262689966188e-04 0.000000000000000000e+00 3.220570689972258593e-01 4.088339382088370666e-01 0.000000000000000000e+00
-2.337964823136376324e+00 -8.473922903181239918e-03 0.000000000000000000e+00 1.454968200803711809e-01 1.817551064129105498e+00 0.000000000000000000e+00
-2.487115875410667698e+00 2.487368493392178026e-03 0.000000000000000000e+00 -3.794934941336830514e-02 1.997880465847928999e+00 0.000000000000000000e+00
-2.072952114238503007e+00 -4.624403926240333584e-03 0.000000000000000000e+00 -2.412607291933433484e-01 1.485537888695366515e+00 0.000000000000000000e+00
-1.782605212769194480e+00 4.465328875190320568e-03 0.000000000000000000e+00 3.067762069952643111e-01 1.099372186149378372e+00 0.000000000000000000e+00
-2.425160391307551233e+00 -7.832507051839271428e-03 0.000000000000000000e+00 9.261599621552797645e-02 1.923705122335645168e+00 0.000000000000000000e+00
-2.207448865106004465e+00 -2.327901220430028673e-03 0.000000000000000000e+00 -1.743047622282239278e-02 1.667821534791824156e+00 0.000000000000000000e+00
-2.208566518307393256e+00 4.566356065553597854e-03 0.000000000000000000e+00 -6.650836258046818883e-02 1.667932886383505675e+00 0.000000000000000000e+00
-2.115315791495059550e+00 3.994416008180273064e-03 0.000000000000000000e+00 -1.337386772427599790e-01 1.550886501553562002e+00 0.000000000000000000e+00
-1.948115827808297729e+00 6.533502038750214902e-03 0.000000000000000000e+00 -2.011055058584937660e-01 1.335836383429738650e+00 0.000000000000000000e+00
-1.695984638823638146e+00 2.371432908456899691e-04 0.000000000000000000e+00 -2.728406903601339750e-01 9.921007205748626490e-01 0.000000000000000000e+00
-1.270407800627153749e+00 3.405955331044173418e-04 0.000000000000000000e+00 -2.862620824476054815e-01 3.307902183545691210e-01 0.000000000000000000e+00
-1.632317118415209656e+00 5.882387406157540966e-04 0.000000000000000000e+00 2.850598050099319436e-01 9.008565420113908706e-01 0.000000000000000000e+00
-1.904713055603055150e+00 2.884293061822321147e-04 0.000000000000000000e+00 2.198351213444825203e-01 1.277775427738947700e+00 0.000000000000000000e+00
-2.086836508508187027e+00 7.165227590056392343e-03 0.000000000000000000e+00 1.559968053645187092e-01 1.513955570282624397e+00 0.000000000000000000e+00
-2.195911494990229862e+00 2.660045336930925639e-03 0.000000000000000000e+00 8.511183538437783191e-02 1.651862044158276310e+00 0.000000000000000000e+00
-2.219869187188541204e+00 -8.324407706411393604e-03 0.000000000000000000e+00 1.689289899528459427e-02 1.682743584115704572e+00 0.000000000000000000e+00
1.044791297791126894e+00 -5.888427164046285568e-04 0.000000000000000000e+00 5.457068210342085751e-02 1.200973441271694087e-01 0.000000000000000000e+00
-2.387460469384446782e+00 -2.002637320248964320e-03 0.000000000000000000e+00 -8.222776237802127686e-02 1.879891906512314748e+00 0.000000000000000000e+00
-1.965901232456549685e+00 3.415415927281652275e-03 0.000000000000000000e+00 -2.493496040458391128e-01 1.350194245142924521e+00 0.000000000000000000e+00
-1.691733050590587872e+00 3.634306037282582745e-03 0.000000000000000000e+00 3.106559162202061630e-01 9.750744828107398288e-01 0.000000000000000000e+00
-2.300679211793804413e+00 1.931644984283627416e-03 0.000000000000000000e+00 1.362841791039166583e-01 1.773960963020638992e+00 0.000000000000000000e+00
-2.415887278444616371e+00 1.252911246726906916e-03 0.000000000000000000e+00 -2.178916684589389530e-02 1.914932268324801568e+00 0.000000000000000000e+00
-2.182610391770687386e+00 5.933681465580226827e-03 0.000000000000000000e+00 -1.759372019507110252e-01 1.628580638428162475e+00 0.000000000000000000e+00
-1.399023835543950378e+00 -1.299015920826726653e-03 0.000000000000000000e+00 -3.242419769803163154e-01 5.336832588326656523e-01 0.000000000000000000e+00
-2.083052219472958821e+00 -6.448070272961320404e-03 0.000000000000000000e+00 2.100766987647984529e-01 1.502736495707320152e+00 0.000000000000000000e+00
-2.401010724993467793e+00 -7.222103640109250877e-03 0.000000000000000000e+00 4.763543106808912353e-02 1.897021153074744504e+00 0.000000000000000000e+00
-2.388778839343984828e+00 -2.809574865365732643e-04 0.000000000000000000e+00 -1.147508643823831054e-01 1.879739121373300570e+00 0.000000000000000000e+00
-1.711322271022480468e+00 -2.094383974195548892e-04 0.000000000000000000e+00 -3.139659406476744685e-01 1.000910958490641933e+00 0.000000000000000000e+00
-2.091900023725106195e+00 -2.776391297876726338e-03 0.000000000000000000e+00 2.277447813997406367e-01 1.511069082895739157e+00 0.000000000000000000e+00
-2.476935478623801146e+00 9.665246934619925456e-04 0.000000000000000000e+00 3.870703279282441955e-02 1.986010247602789436e+00 0.000000000000000000e+00
-2.333444908059472134e+00 5.715810083792127738e-03 0.000000000000000000e+00 -1.450351075756399766e-01 1.812218833996137590e+00 0.000000000000000000e+00
-1.402277685416280395e+00 2.639370190438632136e-03 0.000000000000000000e+00 -3.309227681103137919e-01 5.350163966536607418e-01 0.000000000000000000e+00
-2.256815505248708220e+00 2.482590218627265394e-03 0.000000000000000000e+00 1.822612892971501586e-01 1.717347613217913072e+00 0.000000000000000000e+00
-2.497039720445472177e+00 1.879958558247865619e-03 0.000000000000000000e+00 -1.021842084182091048e-02 2.009758843859091648e+00 0.000000000000000000e+00
-2.181430038176570996e+00 5.243440545754596283e-03 0.000000000000000000e+00 -2.015201812828781858e-01 1.624179035980947816e+00 0.000000000000000000e+00
-1.592505582401356090e+00 2.093752462141825615e-03 0.000000000000000000e+00 3.306923208201397180e-01 8.280686016973263230e-01 0.000000000000000000e+00
-2.375297218770969110e+00 -3.012428438291669605e-03 0.000000000000000000e+00 1.256326148475557514e-01 1.863152647270308604e+00 0.000000000000000000e+00
-2.443282581689654620e+00 6.329796141104092333e-03 0.000000000000000000e+00 -4.711736686604825475e-02 1.946559674746812796e+00 0.000000000000000000e+00
-2.053603726527227558e+00 -3.894635252857592961e-03 0.000000000000000000e+00 -2.373627180542076665e-01 1.462168503256673358e+00 0.000000000000000000e+00
-1.669332389952945306e+00 4.560169497007458828e-03 0.000000000000000000e+00 3.186694773076343412e-01 9.414410563740875926e-01 0.000000000000000000e+00
-2.339277351204370969e+00 -1.922724893929347867e-03 0.000000000000000000e+00 1.272827594922820993e-01 1.820456801047363404e+00 0.000000000000000000e+00
-2.427570257255349695e+00 3.541551286595612247e-03 0.000000000000000000e+00 -3.571730844294548901e-02 1.928413792254711989e+00 0.000000000000000000e+00
-2.123196284010510304e+00 2.851394459054829023e-03 0.000000000000000000e+00 -2.046554096698968150e-01 1.552784701278455470e+00 0.000000000000000000e+00
-1.394057072427009603e+00 1.571768456682009346e-03 0.000000000000000000e+00 3.256605918609137285e-01 5.245196582802015284e-01 0.000000000000000000e+00
-2.214242854791668158e+00 -3.065007570774588852e-03 0.000000000000000000e+00 1.719471433298583596e-01 1.667223912416513798e+00 0.000000000000000000e+00
-2.434702859936756170e+00 9.571444853431143596e-03 0.000000000000000000e+00 1.773254981368535543e-02 1.937029273609263580e+00 0.000000000000000000e+00
-2.266796723560618787e+00 -1.967246264909516817e-04 0.000000000000000000e+00 -1.544626407560285020e-01 1.732018830278661436e+00 0.000000000000000000e+00
-1.545188834345364137e+00 6.178405044344834757e-04 0.000000000000000000e+00 -3.256229987544675408e-01 7.609334784464054646e-01 0.000000000000000000e+00
-2.072572337486406013e+00 7.188555261228579685e-04 0.000000000000000000e+00 2.244367165403354236e-01 1.487699240465404582e+00 0.000000000000000000e+00
-2.423932963995880652e+00 -4.838707968118277636e-03 0.000000000000000000e+00 4.777416896273424529e-02 1.923895629555925746e+00 0.000000000000000000e+00
-2.376221155225067161e+00 1.417984741161407158e-03 0.000000000000000000e+00 -1.203990392599634529e-01 1.864586773987087387e+00 0.000000000000000000e+00
-1.665826643650861971e+00 -1.186852378670483384e-03 0.000000000000000000e+00 -3.208030389316066100e-01 9.358219921990551526e-01 0.000000000000000000e+00
-2.117732628888497004e+00 -3.883349448668443893e-03 0.000000000000000000e+00 2.192575197606971005e-01 1.544091054334981727e+00 0.000000000000000000e+00
-2.480099909694536198e+00 -2.256048925490042323e-03 0.000000000000000000e+00 2.937938640205836616e-02 1.989858144522459682e+00 0.000000000000000000e+00
-2.315651295241661245e+00 5.770321581921866727e-03 0.000000000000000000e+00 -1.512041045196398925e-01 1.790579729941924825e+00 0.000000000000000000e+00
-1.350570617266144247e+00 6.176546561469219848e-04 0.000000000000000000e+00 -3.250820668622875775e-01 4.498269107836437852e-01 0.000000000000000000e+00
-2.262426697944789566e+00 2.104161075155722149e-03 0.000000000000000000e+00 1.785861771725519298e-01 1.724462701639216444e+00 0.000000000000000000e+00
-2.492499946055731108e+00 7.681600256078252587e-03 0.000000000000000000e+00 -6.771155949878163161e-03 2.004508000849324567e+00 0.000000000000000000e+00
-2.178499119955576546e+00 2.078772360598703239e-03 0.000000000000000000e+00 -2.035694122390715732e-01 1.620359595110843376e+00 0.000000000000000000e+00
-1.577365596680832649e+00 -1.011131479190102711e-03 0.000000000000000000e+00 3.297501443400113752e-01 8.064643935069559788e-01 0.000000000000000000e+00
-2.363098490688416042e+00 8.240834400544497576e-03 0.000000000000000000e+00 1.385253409096630639e-01 1.847845884981897502e+00 0.000000000000000000e+00
-2.448482672924165549e+00 1.774483564156312254e-03 0.000000000000000000e+00 -4.704978619689346303e-02 1.952631427591656310e+00 0.000000000000000000e+00
-2.067990978319563578e+00 4.154056275601628045e-03 0.000000000000000000e+00 -2.281177963306418588e-01 1.481475094582686669e+00 0.000000000000000000e+00
-1.660122159148241572e+00 -2.435481238832429285e-03 0.000000000000000000e+00 3.163193671954525055e-01 9.293965986093779552e-01 0.000000000000000000e+00
-2.340181792915308812e+00 -7.796462176796151167e-03 0.000000000000000000e+00 1.234648272658401130e-01 1.821806408527987475e+00 0.000000000000000000e+00
-2.430370128493841708e+00 4.202064727991575155e-03 0.000000000000000000e+00 -3.542586086095109166e-02 1.931699127960055717e+00 0.000000000000000000e+00
-2.119605482750261949e+00 -3.940362295261387593e-03 0.000000000000000000e+00 -2.116412232445629704e-01 1.547450590302888784e+00 0.000000000000000000e+00
-1.421111753738339978e+00 8.435310645651967337e-04 0.000000000000000000e+00 3.275041027424798745e-01 5.681255507780867964e-01 0.000000000000000000e+00
-2.226356590746192410e+00 4.929107083003911316e-03 0.000000000000000000e+00 1.742616653686997752e-01 1.681585325746877579e+00 0.000000000000000000e+00
-2.437425706025402761e+00 -1.211114792521353345e-03 0.000000000000000000e+00 3.957648812571448738e-03 1.940270467700037971e+00 0.000000000000000000e+00
-2.253775811759774150e+00 -5.131697473964302869e-04 0.000000000000000000e+00 -1.605402060738496672e-01 1.715871276365629416e+00 0.000000000000000000e+00
-1.500540374822481260e+00 2.501009985862272245e-03 0.000000000000000000e+00 -3.269383090039199580e-01 6.933249219138638564e-01 0.000000000000000000e+00
-2.095308177972757591e+00 -3.834381679999734893e-03 0.000000000000000000e+00 2.143451864768869952e-01 1.517228584041304229e+00 0.000000000000000000e+00
-2.428781185456228897e+00 -7.405830731090551344e-03 0.000000000000000000e+00 3.952154089030923689e-02 1.929768863999961948e+00 0.000000000000000000e+00
-2.357261358683278019e+00 -5.609894850887905959e-03 0.000000000000000000e+00 -1.301924770399831288e-01 1.841544078912600080e+00 0.000000000000000000e+00
-1.663685305703217709e+00 -1.753755352623953545e-03 0.000000000000000000e+00 -3.197328858738950341e-01 9.332037649648028399e-01 0.000000000000000000e+00
-2.091415114564937117e+00 -7.069304214109894957e-03 0.000000000000000000e+00 2.218183525273327850e-01 1.511367773266616421e+00 0.000000000000000000e+00
-2.463889687448986621e+00 4.059789484014753036e-03 0.000000000000000000e+00 4.386758251450764701e-02 1.970698107401683163e+00 0.000000000000000000e+00
-2.341156166247606585e+00 5.502951067314909572e-04 0.000000000000000000e+00 -1.421302188958919466e-01 1.821585316609194205e+00 0.000000000000000000e+00
-1.492804706235421275e+00 1.712876149991778008e-03 0.000000000000000000e+00 -3.333520194555132932e-01 6.783917183915699756e-01 0.000000000000000000e+00
-2.211497539283205249e+00 -3.411408353653222481e-04 0.000000000000000000e+00 1.937100983897834527e-01 1.661519166839422024e+00 0.000000000000000000e+00
-2.492307009883845126e+00 9.469321511751213616e-03 0.000000000000000000e+00 1.138139767987604578e-02 2.004270814802501910e+00 0.000000000000000000e+00
-2.234043893498255606e+00 5.441407913293658249e-03 0.000000000000000000e+00 -1.822338625860716876e-01 1.689997372376624840e+00 0.000000000000000000e+00
-1.433832619153089016e+00 -2.319605783678892804e-03 0.000000000000000000e+00 3.323721991762055850e-01 5.859945145330955896e-01 0.000000000000000000e+00
-2.328300330327052414e+00 -1.824387936065348728e-03 0.000000000000000000e+00 1.474359778662460707e-01 1.805914632635138073e+00 0.000000000000000000e+00
-2.471679414061939362e+00 8.125881374542398561e-03 0.000000000000000000e+00 -2.900673098065387201e-02 1.980068189899240050e+00 0.000000000000000000e+00
-2.105030160717099363e+00 2.840310936070570419e-03 0.000000000000000000e+00 -2.221457344673392065e-01 1.528070972020854512e+00 0.000000000000000000e+00
-1.662228981128105243e+00 -4.062225048165828134e-03 0.000000000000000000e+00 3.173932237325585159e-01 9.319775000906478368e-01 0.000000000000000000e+00
-2.364832313793761465e+00 -3.631608250338723420e-03 0.000000000000000000e+00 1.215008018851315291e-01 1.851078628242564639e+00 0.000000000000000000e+00
-2.428545466288393406e+00 2.888447420402638632e-03 0.000000000000000000e+00 -4.573550564306377159e-02 1.929345042986994940e+00 0.000000000000000000e+00
-2.083907413431242972e+00 -5.239509096000574510e-03 0.000000000000000000e+00 -2.248207704490405856e-01 1.501656439319863701e+00 0.000000000000000000e+00
-1.531476778138819217e+00 -3.512328599147740427e-03 0.000000000000000000e+00 3.253001989538674144e-01 7.407078820749413151e-01 0.000000000000000000e+00
-2.266360164700594204e+00 -6.101431828583191684e-03 0.000000000000000000e+00 1.506793770257323362e-01 1.731841776567972335e+00 0.000000000000000000e+00
-2.437140088443212171e+00 9.134081216680467463e-03 0.000000000000000000e+00 -1.965097281901292958e-03 1.939960126301595533e+00 0.000000000000000000e+00
-2.214676291900369520e+00 7.885485699102467994e-03 0.000000000000000000e+00 -1.689514930479135701e-01 1.668069378106650014e+00 0.000000000000000000e+00
-1.378663636590607533e+00 -1.874555135808948260e-04 0.000000000000000000e+00 -3.239085344040636416e-01 4.996046964456791750e-01 0.000000000000000000e+00
-2.133168113495807816e+00 -1.506668355734375186e-04 0.000000000000000000e+00 2.040096229629155822e-01 1.565070544110065409e+00 0.000000000000000000e+00
-2.431477901013879173e+00 -1.532882530504949166e-03 0.000000000000000000e+00 3.395320276726137426e-02 1.933019774405857039e+00 0.000000000000000000e+00
-2.330811053303605718e+00 8.038808756061277538e-03 0.000000000000000000e+00 -1.260232575335649419e-01 1.810528772582717938e+00 0.000000000000000000e+00
-1.651734766531023801e+00 2.985742296177536920e-03 0.000000000000000000e+00 -3.164755101178439722e-01 9.176205257606755428e-01 0.000000000000000000e+00
-2.060763459339851167e+00 5.786461348397074766e-03 0.000000000000000000e+00 2.362409772664682550e-01 1.471247149483328576e+00 0.000000000000000000e+00
-2.442429131579150425e+00 4.277477489623079943e-03 0.000000000000000000e+00 5.441758506930841066e-02 1.945368745076077044e+00 0.000000000000000000e+00
-2.371397867408770566e+00 8.496553860486553977e-03 0.000000000000000000e+00 -1.215363356650954602e-01 1.858842262672172563e+00 0.000000000000000000e+00
-1.598917021213599465e+00 -1.385087913895344941e-03 0.000000000000000000e+00 -3.292988414005074693e-01 8.378850820520535869e-01 0.000000000000000000e+00
-2.170254880127658659e+00 -4.121228195125808957e-03 0.000000000000000000e+00 2.049326510136569857e-01 1.610174667252825209e+00 0.000000000000000000e+00
-2.492888024781934497e+00 -1.961405480788908084e-03 0.000000000000000000e+00 1.387026488010287273e-02 2.004911868275478071e+00 0.000000000000000000e+00
-2.269441557823448807e+00 2.096911072108072899e-03 0.000000000000000000e+00 -1.732102666439606087e-01 1.733415299144420274e+00 0.000000000000000000e+00
-1.332607077605694412e+00 1.918151885541098667e-03 0.000000000000000000e+00 3.228284939994654490e-01 4.190227502080958732e-01 0.000000000000000000e+00
-2.313762690732456662e+00 6.724803199218247485e-03 0.000000000000000000e+00 1.622290728406608207e-01 1.787372816247860596e+00 0.000000000000000000e+00
-2.481832624373253360e+00 5.242808203545223922e-04 0.000000000000000000e+00 -3.062550249968692961e-02 1.991858334448510792e+00 0.000000000000000000e+00
-2.117673583109620061e+00 6.266620524673735537e-03 0.000000000000000000e+00 -2.179787462817071031e-01 1.544209618941551732e+00 0.000000000000000000e+00
-1.673841504836885541e+00 1.239593126430954886e-03 0.000000000000000000e+00 3.200463531429170727e-01 9.472460157416995319e-01 0.000000000000000000e+00
-2.380318448217746852e+00 9.124954236308378472e-03 0.000000000000000000e+00 1.273051163568160726e-01 1.868983259070161385e+00 0.000000000000000000e+00
-2.419096154214182892e+00 -8.869518325160086203e-03 0.000000000000000000e+00 -6.033557477643174127e-02 1.917890193952443312e+00 0.000000000000000000e+00
-2.070447649935221346e+00 -3.274842150513403854e-03 0.000000000000000000e+00 -2.259622713155858831e-01 1.484846486063534643e+00 0.000000000000000000e+00
-1.531508089607856338e+00 -2.396855230165424733e-03 0.000000000000000000e+00 3.251342944554126424e-01 7.408268069360345320e-01 0.000000000000000000e+00
-2.256406680141222587e+00 -5.115675752217968553e-03 0.000000000000000000e+00 1.534824892140334018e-01 1.719678040385034912e+00 0.000000000000000000e+00
-2.432848088799967279e+00 1.308038459058427638e-03 0.000000000000000000e+00 -4.331863666207400043e-03 1.934917030092433876e+00 0.000000000000000000e+00
-2.227026994940718652e+00 1.239160487044241310e-03 0.000000000000000000e+00 -1.676961462595197849e-01 1.683055760189926531e+00 0.000000000000000000e+00
-1.451797683460212651e+00 2.182634453300746902e-03 0.000000000000000000e+00 -3.267664829202598931e-01 6.177927601616963749e-01 0.000000000000000000e+00
-2.099558517244624944e+00 -2.773782591484613702e-03 0.000000000000000000e+00 2.119100044587552412e-01 1.522799806011015722e+00 0.000000000000000000e+00
-2.422088661682757493e+00 -9.200046470218575800e-03 0.000000000000000000e+00 3.811167582545284260e-02 1.921968622986119701e+00 0.000000000000000000e+00
-2.358298966704909017e+00 -2.958460635839030295e-03 0.000000000000000000e+00 -1.254697112158737471e-01 1.843094759661185300e+00 0.000000000000000000e+00
-1.689775017805748458e+00 1.295750943868224925e-03 0.000000000000000000e+00 -3.138571192965535772e-01 9.713532120325122365e-01 0.000000000000000000e+00
-2.066031669035746532e+00 -3.920364622157168633e-03 0.000000000000000000e+00 2.304442599803399605e-01 1.478691030082361468e+00 0.000000000000000000e+00
-2.455329634252025883e+00 -1.845608933461133361e-03 0.000000000000000000e+00 4.616500192655655782e-02 1.960653141876717021e+00 0.000000000000000000e+00
-2.361199351292074144e+00 4.648091631655824896e-03 0.000000000000000000e+00 -1.310356489035871819e-01 1.846139096253708978e+00 0.000000000000000000e+00
-1.544106259098846579e+00 -7.626066347260901379e-04 0.000000000000000000e+00 -3.332318016019856222e-01 7.560306992262656456e-01 0.000000000000000000e+00
-2.199616279816796194e+00 -4.559903176821061832e-04 0.000000000000000000e+00 1.988161958222547931e-01 1.646549343826111178e+00 0.000000000000000000e+00
-2.496282916858914014e+00 7.776513801363654776e-03 0.000000000000000000e+00 1.299993357768633451e-02 2.008879884254861636e+00 0.000000000000000000e+00
-2.240514198851129457e+00 -7.457277195716142948e-03 0.000000000000000000e+00 -1.911699253805988485e-01 1.696806426544908986e+00 0.000000000000000000e+00
-1.436942194659491356e+00 1.001108220790745181e-03 0.000000000000000000e+00 3.343370086071244529e-01 5.899087224691133002e-01 0.000000000000000000e+00
-2.337992642398476484e+00 -8.705562820168627480e-03 0.000000000000000000e+00 1.396517888184679590e-01 1.818049203858371987e+00 0.000000000000000000e+00
-2.472365179275422875e+00 5.557464263109782032e-03 0.000000000000000000e+00 -3.470276118942233756e-02 1.980769530199955497e+00 0.000000000000000000e+00
-2.089101135023535338e+00 1.186302226058796871e-03 0.000000000000000000e+00 -2.287178895761215469e-01 1.507473228028860746e+00 0.000000000000000000e+00
-1.697864903265524195e+00 4.714938477255924132e-03 0.000000000000000000e+00 3.179512768987837745e-01 9.811851330889778122e-01 0.000000000000000000e+00
-2.379697008568259609e+00 -3.095211084449554610e-03 0.000000000000000000e+00 1.151348435304561379e-01 1.869022730484504402e+00 0.000000000000000000e+00
-2.411889393214706523e+00 -5.773744487817984716e-04 0.000000000000000000e+00 -5.252605753828942792e-02 1.909651759839977814e+00 0.000000000000000000e+00
-2.079647953652928205e+00 -6.219781955615913405e-03 0.000000000000000000e+00 -2.230571812067482507e-01 1.496666578536102188e+00 0.000000000000000000e+00
-1.465151172941686841e+00 -1.856912269080551736e-03 0.000000000000000000e+00 3.263632082946471558e-01 6.390054674300649218e-01 0.000000000000000000e+00
-2.220166374651758812e+00 2.073812816385774485e-03 0.000000000000000000e+00 1.708605787952742761e-01 1.674477857513909651e+00 0.000000000000000000e+00
-2.427246393389976831e+00 -8.895041457243180183e-03 0.000000000000000000e+00 9.561696054063567596e-04 1.928385352237369732e+00 0.000000000000000000e+00
-2.264410546386820045e+00 2.816276788061844449e-04 0.000000000000000000e+00 -1.519998225466079600e-01 1.729386249651160057e+00 0.000000000000000000e+00
-1.579747598965228761e+00 7.887321577051339960e-04 0.000000000000000000e+00 -3.218733286297380536e-01 8.131045648999873920e-01 0.000000000000000000e+00
-2.037036241467255149e+00 -4.163370850785344524e-03 0.000000000000000000e+00 2.294470541760956217e-01 1.442844479165388272e+00 0.000000000000000000e+00
-2.407028991829130327e+00 -3.200655176457005424e-03 0.000000000000000000e+00 6.032589389421452036e-02 1.903720724299900358e+00 0.000000000000000000e+00
-2.430176902166899744e+00 5.808176997347883064e-04 0.000000000000000000e+00 -1.181542764748945151e-01 1.928180073893295265e+00 0.000000000000000000e+00
-1.568790918633730769e+00 2.147688577602984566e-03 0.000000000000000000e+00 -3.351304657696442812e-01 7.916928832286319606e-01 0.000000000000000000e+00
-2.274225697308687177e+00 5.067713191621997515e-03 0.000000000000000000e+00 1.895779684188357850e-01 1.737440701716762792e+00 0.000000000000000000e+00
-2.529500280081095731e+00 2.400054984472710373e-03 0.000000000000000000e+00 -1.920091021846816182e-02 2.047381892285592642e+00 0.000000000000000000e+00
-2.123349505224422451e+00 5.783484998380591935e-04 0.000000000000000000e+00 -2.317229915247563943e-01 1.549167794744943372e+00 0.000000000000000000e+00
-1.838469143185808674e+00 3.844516968012974545e-03 0.000000000000000000e+00 3.020142758069704891e-01 1.174619448743907224e+00 0.000000000000000000e+00
-2.485082356452357644e+00 -8.169822231373954913e-03 0.000000000000000000e+00 7.297229923255786621e-02 1.994559753278269731e+00 0.000000000000000000e+00
-2.459310823636557952e+00 -5.530721905345745149e-03 0.000000000000000000e+00 -1.411426747453848884e-01 1.960777164287937246e+00 0.000000000000000000e+00
-1.354882738396215203e+00 -3.145183188567081400e-04 0.000000000000000000e+00 3.345729401398503944e-01 4.506120826044131000e-01 0.000000000000000000e+00
-2.496603916940985712e+00 5.152207644051651214e-03 0.000000000000000000e+00 1.224308594625108243e-01 2.005554656392102508e+00 0.000000000000000000e+00
1.074392830833675649e+00 2.533605390785036247e-04 0.000000000000000000e+00 -1.394367171675870709e-01 6.560072066798711132e-02 0.000000000000000000e+00
-2.300906657271062805e+00 1.944834368693575122e-03 0.000000000000000000e+00 -4.549519271048164254e-02 1.778882835059548917e+00 0.000000000000000000e+00
-2.150700666621497614e+00 -1.679662767110970401e-03 0.000000000000000000e+00 -1.551974476234294353e-01 1.591997609032304251e+00 0.000000000000000000e+00
-1.798220619566301970e+00 -3.154318068970693445e-03 0.000000000000000000e+00 -2.688993997012262271e-01 1.129873315845423942e+00 0.000000000000000000e+00
-1.423521358976047146e+00 1.810159078600636837e-03 0.000000000000000000e+00 3.142489892243523486e-01 5.794495751670292183e-01 0.000000000000000000e+00
-1.969760426124423258e+00 -3.366545320252212203e-03 0.000000000000000000e+00 2.186795328591881749e-01 1.360366567978118502e+00 0.000000000000000000e+00
-2.234049254185999978e+00 -4.488362615444059511e-03 0.000000000000000000e+00 1.062278164541916731e-01 1.696479556504312924e+00 0.000000000000000000e+00
-2.304094217153966895e+00 8.111137913937353783e-03 0.000000000000000000e+00 1.471524032291082751e-02 1.783202615586847894e+00 0.000000000000000000e+00
-2.267234323400423968e+00 8.567609283270230525e-03 0.000000000000000000e+00 -8.946487463889309100e-02 1.737136761872350110e+00 0.000000000000000000e+00
-2.002442777614745317e+00 -3.737111296386555481e-03 0.000000000000000000e+00 -2.172820068677898953e-01 1.401591199873818194e+00 0.000000000000000000e+00
-1.430246946187879953e+00 1.550904444325051229e-03 0.000000000000000000e+00 -3.146445257784336036e-01 5.899992026885461094e-01 0.000000000000000000e+00
-1.838325271750185008e+00 -5.298836767054657115e-03 0.000000000000000000e+00 2.570824608821562496e-01 1.185083497421162146e+00 0.000000000000000000e+00
-2.191945866133658605e+00 3.613482924055833045e-03 0.000000000000000000e+00 1.432363450322394482e-01 1.643061652459255395e+00 0.000000000000000000e+00
-2.321953357042801258e+00 2.427524160662913877e-04 0.000000000000000000e+00 2.828708794264850335e-02 1.804192135309810485e+00 0.000000000000000000e+00
-2.319728808159023714e+00 -7.628558421026214453e-03 0.000000000000000000e+00 -1.004610404527960521e-01 1.798991542783072051e+00 0.000000000000000000e+00
-1.962468702657441000e+00 -4.476960275493768737e-03 0.000000000000000000e+00 -2.435279327543331540e-01 1.346930125425751079e+00 0.000000000000000000e+00
-1.462504977836935227e+00 -6.537489017301237326e-04 0.000000000000000000e+00 3.213379216960968732e-01 6.374237640208035849e-01 0.000000000000000000e+00
-2.127142299371949097e+00 -4.414097087824295218e-03 0.000000000000000000e+00 1.849057079775752732e-01 1.560092836250356996e+00 0.000000000000000000e+00
-2.367301565220595094e+00 3.318997662998798837e-03 0.000000000000000000e+00 4.971744846754088537e-02 1.857309204954295190e+00 0.000000000000000000e+00
-2.377334538955139465e+00 2.208745802230710487e-03 0.000000000000000000e+00 -1.045312382143574192e-01 1.866862022738933646e+00 0.000000000000000000e+00
-1.805827787837897880e+00 -6.853284734241668619e-04 0.000000000000000000e+00 -2.937291166744456783e-01 1.133741089882385422e+00 0.000000000000000000e+00
-1.955594108456764957e+00 -5.706248064539891363e-03 0.000000000000000000e+00 2.563281936999541322e-01 1.335844844147119570e+00 0.000000000000000000e+00
-2.418826591419087180e+00 -8.747762524959290520e-03 0.000000000000000000e+00 6.907394068027791767e-02 1.917281407569015883e+00 0.000000000000000000e+00
-2.520015136388344068e+00 -8.393606534593395230e-04 0.000000000000000000e+00 -1.361950433046697495e-01 2.031913326288195876e+00 0.000000000000000000e+00
-1.566106025073814134e+00 -8.413889903933335218e-04 0.000000000000000000e+00 3.506401027306118579e-01 7.809687433421080849e-01 0.000000000000000000e+00
-2.619188563671666081e+00 -6.952335856797024413e-03 0.000000000000000000e+00 7.350284709696705554e-02 2.149764095301705424e+00 0.000000000000000000e+00
-2.426518913984960779e+00 7.493036576841104190e-03 0.000000000000000000e+00 -1.740438193912484666e-01 1.919655956554065845e+00 0.000000000000000000e+00
-1.930600987664374379e+00 1.731375672454238401e-03 0.000000000000000000e+00 3.091310307255368817e-01 1.292559395243188636e+00 0.000000000000000000e+00
-2.686091251555638770e+00 -7.075700060535100241e-03 0.000000000000000000e+00 1.988450079398430825e-02 2.227647649514715056e+00 0.000000000000000000e+00
-2.210299096009507025e+00 5.570148321029234906e-03 0.000000000000000000e+00 -2.416297584641745877e-01 1.653789272261392496e+00 0.000000000000000000e+00
-2.236709696087872956e+00 4.800779553316245063e-03 0.000000000000000000e+00 2.424046112653202578e-01 1.685645476681066679e+00 0.000000000000000000e+00
-2.682196100715801279e+00 -3.980014702989451841e-03 0.000000000000000000e+00 -3.546746506304180452e-02 2.222991336138574248e+00 0.000000000000000000e+00
-1.891947664530111872e+00 -3.453046667757808663e-03 0.000000000000000000e+00 -3.171565628388830493e-01 1.240606077393132445e+00 0.000000000000000000e+00
-2.441925813786152588e+00 7.675747065189086893e-03 0.000000000000000000e+00 1.802993590085142928e-01 1.937181868126257367e+00 0.000000000000000000e+00
-2.607512680742297029e+00 8.724301923368016007e-03 0.000000000000000000e+00 -7.658270406941340702e-02 2.136221860892725033e+00 0.000000000000000000e+00
-1.536769168899672744e+00 -2.061710472494842315e-03 0.000000000000000000e+00 -3.523522470786064620e-01 7.362511064276806572e-01 0.000000000000000000e+00
-2.517123066478831550e+00 5.243962958848547018e-04 0.000000000000000000e+00 1.348243244437090649e-01 2.028642185045329338e+00 0.000000000000000000e+00
-2.412594688133454124e+00 -6.730131312419132539e-03 0.000000000000000000e+00 -8.028094655118686584e-02 1.909527266061786577e+00 0.000000000000000000e+00
-1.969247407600828170e+00 -4.481515301817035057e-03 0.000000000000000000e+00 -2.582049319180983460e-01 1.352776339972910691e+00 0.000000000000000000e+00
-1.758787522428827632e+00 2.232515442727595056e-04 0.000000000000000000e+00 3.008201211280266962e-01 1.069157978129441577e+00 0.000000000000000000e+00
-2.351806837131062089e+00 -1.547219998896294524e-03 0.000000000000000000e+00 1.159407977027849951e-01 1.836046566225638887e+00 0.000000000000000000e+00
-2.402347347006031697e+00 -6.552056260564506282e-03 0.000000000000000000e+00 -4.803272405070593137e-02 1.898585430696578591e+00 0.000000000000000000e+00
-2.123582107675794362e+00 3.950008985342867707e-03 0.000000000000000000e+00 -1.968844709629656853e-01 1.554271355773734431e+00 0.000000000000000000e+00
-1.198176637037812853e+00 -4.473701367258410382e-04 0.000000000000000000e+00 2.691356224638264960e-01 1.886177969794450293e-01 0.000000000000000000e+00
-1.202005605682994638e+00 -5.727450050381985291e-04 0.000000000000000000e+00 -2.714560705725229672e-01 1.954336934900544331e-01 0.000000000000000000e+00
-2.122732673284400740e+00 -4.115493751005540324e-03 0.000000000000000000e+00 1.970542977478830782e-01 1.553210871929258108e+00 0.000000000000000000e+00
-2.402184443673477610e+00 6.967248334025472750e-03 0.000000000000000000e+00 4.864247957144592072e-02 1.898380184758303724e+00 0.000000000000000000e+00
-2.352639048163505109e+00 2.249653957764899403e-03 0.000000000000000000e+00 -1.152076360204554312e-01 1.837077596306396110e+00 0.000000000000000000e+00
-1.759129454641476187e+00 1.152457366569085810e-03 0.000000000000000000e+00 -3.000139291142991382e-01 1.069844507998991556e+00 0.000000000000000000e+00
-1.972684203069700271e+00 -5.715889182828337578e-03 0.000000000000000000e+00 2.504291426553737487e-01 1.358583668987622950e+00 0.000000000000000000e+00
-2.414205768509344541e+00 -7.586564129574202564e-03 0.000000000000000000e+00 6.796475994144511590e-02 1.911898708511849954e+00 0.000000000000000000e+00
-2.509386265530053617e+00 2.017856661530828544e-03 0.000000000000000000e+00 -1.311843782913382772e-01 2.019882114495440639e+00 0.000000000000000000e+00
-1.484535511793092510e+00 -1.443935378305241657e-03 0.000000000000000000e+00 3.495716726712729816e-01 6.572677550704046912e-01 0.000000000000000000e+00
-2.582303579175940556e+00 7.089811182844421578e-03 0.000000000000000000e+00 9.887880077056376837e-02 2.106221088715447554e+00 0.000000000000000000e+00
-2.476745060776758045e+00 4.207453762611106096e-03 0.000000000000000000e+00 -1.592580836339636541e-01 1.979781124494248479e+00 0.000000000000000000e+00
-1.834254290689208311e+00 -2.152343338829643300e-03 0.000000000000000000e+00 3.238349931227673673e-01 1.163225732076956564e+00 0.000000000000000000e+00
-2.681620363366887805e+00 5.317620917909640990e-03 0.000000000000000000e+00 4.436459304044836072e-02 2.222176350555844060e+00 0.000000000000000000e+00
