-1.205346549843691495e+00 1.604331685203831681e-04 0.000000000000000000e+00 -1.007428361951554080e-01 3.242276225261097045e-01 0.000000000000000000e+00
-1.257048981402457688e+00 2.454713034892959042e-04 0.000000000000000000e+00 5.123377762774436461e-02 4.143697035231724835e-01 0.000000000000000000e+00
9.953270498662394328e-01 -6.015077011313666551e-04 0.000000000000000000e+00 8.246911808635214169e-02 2.881177917204564842e-01 0.000000000000000000e+00
-1.279323713312283672e+00 -9.799707826716151648e-04 0.000000000000000000e+00 2.004396889074905874e-01 4.036590185620273497e-01 0.000000000000000000e+00
-1.511708424161661846e+00 -3.820356445918653143e-03 0.000000000000000000e+00 1.526879788314099429e-01 7.668471460630563730e-01 0.000000000000000000e+00
-1.655244452945061839e+00 -2.879462658838184697e-03 0.000000000000000000e+00 4.260966276325837271e-02 9.743635740865397299e-01 0.000000000000000000e+00
-1.636536772483955682e+00 -1.399931353022618175e-03 0.000000000000000000e+00 -7.194601191636677828e-02 9.477607948594122256e-01 0.000000000000000000e+00
-1.454086686037904919e+00 5.334564101447947237e-04 0.000000000000000000e+00 -1.761102999345656728e-01 6.796192130603839754e-01 0.000000000000000000e+00
-1.394908253276402998e+00 1.950802898216592862e-03 0.000000000000000000e+00 -1.485175918446953180e-01 6.005023056803571180e-01 0.000000000000000000e+00
-1.522039279082757712e+00 -2.713612549405317043e-05 0.000000000000000000e+00 -4.571399663070839503e-02 7.947513067611271520e-01 0.000000000000000000e+00
-1.508279439445500358e+00 1.480317765090156902e-03 0.000000000000000000e+00 6.787042681957222712e-02 7.742136937291993481e-01 0.000000000000000000e+00
-1.356905660111688672e+00 4.840428143712579949e-04 0.000000000000000000e+00 1.650215246414589165e-01 5.394546876190408069e-01 0.000000000000000000e+00
-1.881705213456337011e+00 -1.160684758881862233e-03 0.000000000000000000e+00 7.057432622016608648e-02 1.265610003982792442e+00 0.000000000000000000e+00
-1.554641739057246452e+00 -4.181737832083115558e-04 0.000000000000000000e+00 2.283560269325475012e-01 8.088997655775636009e-01 0.000000000000000000e+00
-1.615489399719482355e+00 -2.900556450064107825e-03 0.000000000000000000e+00 -2.133649562522361431e-01 8.974310795153328524e-01 0.000000000000000000e+00
-1.896956632169816803e+00 5.846868564503713596e-03 0.000000000000000000e+00 -4.904423069769767163e-02 1.285868036510918966e+00 0.000000000000000000e+00
-1.711299132276731694e+00 -3.537035791056965597e-03 0.000000000000000000e+00 1.380919085416616454e-01 1.039838096274545487e+00 0.000000000000000000e+00
-1.553445849275025603e+00 2.383893950938208162e-03 0.000000000000000000e+00 -2.041193988585613961e-01 8.136823920527160858e-01 0.000000000000000000e+00
-1.840042980177593046e+00 5.511495978016658914e-03 0.000000000000000000e+00 2.071332086308772663e-02 1.214642379301516195e+00 0.000000000000000000e+00
-1.450663431652114754e+00 -1.865733229217611533e-03 0.000000000000000000e+00 2.308412088869464807e-01 6.579619433559391606e-01 0.000000000000000000e+00
-1.755615580081552496e+00 -3.217688444788893015e-03 0.000000000000000000e+00 -1.179749760965416311e-01 1.100250644639393816e+00 0.000000000000000000e+00
1.024570473002785587e+00 1.586900044838641943e-04 0.000000000000000000e+00 3.813082912643406784e-03 1.445368576315741727e-01 0.000000000000000000e+00
-1.809128248425635022e+00 5.396659416075463844e-03 0.000000000000000000e+00 1.041458428657243696e-01 1.170768580733835496e+00 0.000000000000000000e+00
-1.155045740997537651e+00 -2.792454416751503519e-04 0.000000000000000000e+00 2.113057097639330917e-01 1.554524154866169239e-01 0.000000000000000000e+00
-1.153590675836829060e+00 1.486348349200045799e-04 0.000000000000000000e+00 -2.105225289386156717e-01 1.527123339941922620e-01 0.000000000000000000e+00
-1.809445968544666883e+00 -3.037301146210915834e-04 0.000000000000000000e+00 -1.006006788123113005e-01 1.171476235246911024e+00 0.000000000000000000e+00
1.024972804931846504e+00 6.402956663826233795e-04 0.000000000000000000e+00 -6.002555124373275481e-04 1.438368416516133674e-01 0.000000000000000000e+00
-1.799613618248334657e+00 -1.291814179672896856e-03 0.000000000000000000e+00 1.023686460493146433e-01 1.158685876539536919e+00 0.000000000000000000e+00
-1.242772276766736184e+00 6.912397145015375388e-04 0.000000000000000000e+00 -2.408843369014664892e-01 3.144721475668790789e-01 0.000000000000000000e+00
-1.821962125846778857e+00 2.155762627975753298e-03 0.000000000000000000e+00 -8.277300133681081418e-02 1.188901867846015037e+00 0.000000000000000000e+00
-1.415459358398122758e+00 1.665432486437131571e-03 0.000000000000000000e+00 1.987940265938123452e-01 6.165046270608409706e-01 0.000000000000000000e+00
-1.680999666468497633e+00 -2.852231827806576969e-03 0.000000000000000000e+00 4.771162544304584363e-02 1.008135413329892316e+00 0.000000000000000000e+00
-1.623078293098313196e+00 1.216297586435030609e-03 0.000000000000000000e+00 -1.085187645255046018e-01 9.262379199806491936e-01 0.000000000000000000e+00
-1.201766273767525206e+00 -1.858319261647907103e-04 0.000000000000000000e+00 -2.066354823832337040e-01 2.624906675648157606e-01 0.000000000000000000e+00
-1.615320673732854928e+00 4.367536651703921718e-03 0.000000000000000000e+00 1.241996102353066234e-01 9.138254612244156583e-01 0.000000000000000000e+00
-1.689259152120888618e+00 1.066693780848185225e-03 0.000000000000000000e+00 -5.222254494087982812e-02 1.018773677783136655e+00 0.000000000000000000e+00
-1.364894226995756688e+00 1.748582001514880496e-03 0.000000000000000000e+00 -2.103042212532531541e-01 5.358485935441206216e-01 0.000000000000000000e+00
-1.665199933148242772e+00 -4.034108867571998408e-03 0.000000000000000000e+00 1.130720915004714278e-01 9.819648694047262705e-01 0.000000000000000000e+00
-1.664087654072993416e+00 4.403408228647563705e-03 0.000000000000000000e+00 -1.136248304691580002e-01 9.804243736072157933e-01 0.000000000000000000e+00
-1.362561333650144313e+00 -5.551972280903177959e-04 0.000000000000000000e+00 2.107480297050399742e-01 5.320636572225065919e-01 0.000000000000000000e+00
-1.686289901309074413e+00 4.250471567294952790e-03 0.000000000000000000e+00 5.803888162553094004e-02 1.014561134536312803e+00 0.000000000000000000e+00
-1.620679085902660965e+00 -6.600861528732043793e-05 0.000000000000000000e+00 -1.173911840245520088e-01 9.219293016733807189e-01 0.000000000000000000e+00
-1.182561203505567482e+00 5.052923179125947545e-04 0.000000000000000000e+00 2.024718343175318513e-01 2.276983893876621534e-01 0.000000000000000000e+00
-1.626267185655106973e+00 -9.979268385110536682e-04 0.000000000000000000e+00 1.082674517922905810e-01 9.305465992111137119e-01 0.000000000000000000e+00
-1.680769488777915655e+00 -4.690115986327354769e-04 0.000000000000000000e+00 -5.434667815602077512e-02 1.007493761025038737e+00 0.000000000000000000e+00
-1.393447838997806887e+00 1.680275135565154759e-03 0.000000000000000000e+00 -2.029885357170166105e-01 5.821410312695498579e-01 0.000000000000000000e+00
-1.709349608337339177e+00 -1.667972120121859712e-03 0.000000000000000000e+00 1.105219753363625435e-01 1.040565578084180709e+00 0.000000000000000000e+00
-1.594479095480479725e+00 2.780085994066663901e-04 0.000000000000000000e+00 -1.730499471717171778e-01 8.773996465493765218e-01 0.000000000000000000e+00
-1.798789551001812148e+00 5.752625127508140257e-03 0.000000000000000000e+00 8.086039123161289921e-02 1.159338440308169016e+00 0.000000000000000000e+00
-1.275448179909642210e+00 1.114546119003596153e-03 0.000000000000000000e+00 -2.409933341856128619e-01 3.740207863062157134e-01 0.000000000000000000e+00
-1.822547661841676048e+00 5.222773095876903637e-04 0.000000000000000000e+00 -4.673335053748671475e-02 1.191610059184550430e+00 0.000000000000000000e+00
-1.595509134308049859e+00 -3.046206218939662494e-03 0.000000000000000000e+00 1.841335548154782176e-01 8.765582135200647995e-01 0.000000000000000000e+00
-1.694581863543231037e+00 3.124268854544903079e-03 0.000000000000000000e+00 -1.391587989106152223e-01 1.017625309871368344e+00 0.000000000000000000e+00
-1.928644278014696400e+00 -9.917487343816039011e-04 0.000000000000000000e+00 4.784472722035539027e-02 1.325687858336150438e+00 0.000000000000000000e+00
-1.721130020077866751e+00 -1.747324690600737807e-03 0.000000000000000000e+00 1.834613903273043245e-01 1.045818836558116249e+00 0.000000000000000000e+00
-1.299008901865675636e+00 -5.852007862349286379e-04 0.000000000000000000e+00 -2.593221234877577941e-01 4.036479497108954040e-01 0.000000000000000000e+00
-1.790589432184807483e+00 -4.756396449408610561e-03 0.000000000000000000e+00 -1.566433620206587329e-01 1.140928078974009940e+00 0.000000000000000000e+00
-1.946377345113204260e+00 7.632492884454937510e-04 0.000000000000000000e+00 -1.899669691934793153e-02 1.348571219821426359e+00 0.000000000000000000e+00
-1.822775085143056639e+00 1.173482955036914133e-03 0.000000000000000000e+00 1.239476298162616730e-01 1.186359439494206525e+00 0.000000000000000000e+00
-1.347543718470523455e+00 -2.276407844330546708e-03 0.000000000000000000e+00 2.569398191173347668e-01 4.869836674846683144e-01 0.000000000000000000e+00
-1.732106939469624685e+00 1.448775451355993615e-03 0.000000000000000000e+00 -1.699065913491048518e-01 1.062576191408701298e+00 0.000000000000000000e+00
-1.922715853663780283e+00 6.516744452955622324e-03 0.000000000000000000e+00 -1.365881046247267860e-02 1.319072610920427824e+00 0.000000000000000000e+00
-1.780678439407256342e+00 -1.681664027823821187e-03 0.000000000000000000e+00 1.386400273282860085e-01 1.130415802008977622e+00 0.000000000000000000e+00
-1.231385566774584994e+00 -9.694042842914342428e-04 0.000000000000000000e+00 -2.435194364458595495e-01 2.903977000991131985e-01 0.000000000000000000e+00
-1.805415326711865553e+00 -3.641669321875403223e-03 0.000000000000000000e+00 -1.273850438735396051e-01 1.163684541685011009e+00 0.000000000000000000e+00
-1.935617497451128433e+00 3.135549093152412495e-03 0.000000000000000000e+00 2.976095119931787547e-02 1.334942301674737708e+00 0.000000000000000000e+00
-1.757024811598876024e+00 -1.686865090604134504e-03 0.000000000000000000e+00 1.657731623096440621e-01 1.095911598090253847e+00 0.000000000000000000e+00
-1.203895908012055482e+00 9.039461084102194764e-04 0.000000000000000000e+00 -2.383550828690281231e-01 2.386792080916698422e-01 0.000000000000000000e+00
-1.772994921072002183e+00 -6.279924376413337228e-04 0.000000000000000000e+00 -1.597728470963865610e-01 1.117629159222444324e+00 0.000000000000000000e+00
-1.939263632305463503e+00 -4.909002401097335017e-03 0.000000000000000000e+00 -2.418072215238567871e-02 1.339615707977738435e+00 0.000000000000000000e+00
-1.811372803242207619e+00 5.299671862887317744e-03 0.000000000000000000e+00 1.307068707203654645e-01 1.170991302982720139e+00 0.000000000000000000e+00
-1.291670114184777951e+00 -1.892609213727031257e-03 0.000000000000000000e+00 2.539364697783043079e-01 3.942537590249501900e-01 0.000000000000000000e+00
-1.756245259139256998e+00 -2.986690852351266134e-03 0.000000000000000000e+00 -1.592575994353545021e-01 1.095861413699475095e+00 0.000000000000000000e+00
-1.923896947606952956e+00 -6.350898917850296421e-03 0.000000000000000000e+00 -7.270592479930372554e-03 1.320602254953048948e+00 0.000000000000000000e+00
-1.763045549617022756e+00 3.945306678695421898e-03 0.000000000000000000e+00 1.556222359801384403e-01 1.105261094777728381e+00 0.000000000000000000e+00
-1.273709844041016837e+00 1.378376574818769573e-03 0.000000000000000000e+00 -2.517970680932516414e-01 3.637024205336110150e-01 0.000000000000000000e+00
-1.809067638649275889e+00 -1.103202211275439160e-04 0.000000000000000000e+00 -1.276772505229874788e-01 1.168350121610525427e+00 0.000000000000000000e+00
-1.937437123883996026e+00 1.832329893598133586e-03 0.000000000000000000e+00 2.262540999244323434e-02 1.337354660495591041e+00 0.000000000000000000e+00
-1.767421748937652470e+00 9.861944779084160992e-04 0.000000000000000000e+00 1.620102366371671265e-01 1.110046132482997772e+00 0.000000000000000000e+00
-1.167243155635483198e+00 -8.546600312642007886e-04 0.000000000000000000e+00 2.225361094850158705e-01 1.718332386825615066e-01 0.000000000000000000e+00
-1.153783835459830875e+00 -1.353380315096421559e-04 0.000000000000000000e+00 -2.152166796573168339e-01 1.465702761927178965e-01 0.000000000000000000e+00
-1.765553972413575146e+00 -2.823291167087793596e-04 0.000000000000000000e+00 -1.624479672982107326e-01 1.107546040104422591e+00 0.000000000000000000e+00
-1.936988543767814264e+00 -2.740565304655342982e-03 0.000000000000000000e+00 -2.414578590712467693e-02 1.336769041902836186e+00 0.000000000000000000e+00
-1.808931568488942432e+00 -3.518066288598395430e-03 0.000000000000000000e+00 1.247779615642441997e-01 1.168492937553561317e+00 0.000000000000000000e+00
-1.267993839983254212e+00 -1.095416618459453886e-03 0.000000000000000000e+00 2.509359447270130827e-01 3.539265917729934041e-01 0.000000000000000000e+00
-1.766726842826407129e+00 4.633195164897269125e-03 0.000000000000000000e+00 -1.478472964162380054e-01 1.111124520910431013e+00 0.000000000000000000e+00
-1.923662513188905798e+00 2.351254984058151476e-03 0.000000000000000000e+00 6.562785781939570184e-03 1.320301540736833701e+00 0.000000000000000000e+00
-1.753149326389504825e+00 -1.628101689677082659e-03 0.000000000000000000e+00 1.581646144130003928e-01 1.091971545438273905e+00 0.000000000000000000e+00
-1.301491541562749710e+00 1.411752268768040434e-03 0.000000000000000000e+00 -2.550054090723362643e-01 4.107006262690848786e-01 0.000000000000000000e+00
-1.813629366186860103e+00 -3.449234846452341186e-03 0.000000000000000000e+00 -1.284842205772449286e-01 1.174134287117374775e+00 0.000000000000000000e+00
-1.940628465769858924e+00 -1.511707695256381268e-03 0.000000000000000000e+00 1.950446804394788750e-02 1.341390274915017500e+00 0.000000000000000000e+00
-1.775912107748515822e+00 1.164541455444425069e-03 0.000000000000000000e+00 1.592868518057155014e-01 1.121495823328314767e+00 0.000000000000000000e+00
-1.223693943534180484e+00 -1.252163741731383492e-03 0.000000000000000000e+00 2.446592884387909783e-01 2.740524132631094734e-01 0.000000000000000000e+00
-1.751183388745598313e+00 3.203504108759226698e-03 0.000000000000000000e+00 -1.679926032048990603e-01 1.087931303635358393e+00 0.000000000000000000e+00
-1.934730793071397503e+00 -2.103607942075785830e-03 0.000000000000000000e+00 -3.292403752300777225e-02 1.333758856422322392e+00 0.000000000000000000e+00
-1.801251048818400369e+00 1.194101090606913829e-05 0.000000000000000000e+00 1.235443614111553789e-01 1.158731947869298118e+00 0.000000000000000000e+00
-1.181511575868853914e+00 -8.321393068235240220e-04 0.000000000000000000e+00 2.261132503020762408e-01 2.018426509225142162e-01 0.000000000000000000e+00
-1.126578782959956948e+00 3.215298642149787452e-04 0.000000000000000000e+00 -1.944933057505401353e-01 9.902353802137067729e-02 0.000000000000000000e+00
-1.794937780362845015e+00 2.264940050134944816e-03 0.000000000000000000e+00 -1.260522376796913979e-01 1.150321729195234344e+00 0.000000000000000000e+00
-1.928219063885332485e+00 2.072301845626081662e-03 0.000000000000000000e+00 3.151897834377703767e-02 1.325647106583530466e+00 0.000000000000000000e+00
-1.734810933863598414e+00 -3.402824230039527831e-03 0.000000000000000000e+00 1.720776725509014504e-01 1.065791716915684084e+00 0.000000000000000000e+00
-1.304441912846388441e+00 -9.221159567886516063e-04 0.000000000000000000e+00 -2.582055885288556674e-01 4.138181655842480544e-01 0.000000000000000000e+00
-1.804306869008620806e+00 4.429907025341017768e-03 0.000000000000000000e+00 -1.375338659210572634e-01 1.161103506336497393e+00 0.000000000000000000e+00
-1.943213695886588654e+00 -3.052491587375317714e-03 0.000000000000000000e+00 -2.485656527662735704e-03 1.344759810220827578e+00 0.000000000000000000e+00
-1.803949412094037363e+00 1.758200984813416273e-03 0.000000000000000000e+00 1.416183902685267948e-01 1.160145476012857557e+00 0.000000000000000000e+00
-1.306238436454142393e+00 -5.808260707804730610e-04 0.000000000000000000e+00 2.578378703686329820e-01 4.171528571020123310e-01 0.000000000000000000e+00
-1.733663553660867107e+00 -3.109730919367378887e-03 0.000000000000000000e+00 -1.764893736468884367e-01 1.063558498128496677e+00 0.000000000000000000e+00
-1.928227029803369019e+00 2.339991270666188714e-03 0.000000000000000000e+00 -2.804353526007064001e-02 1.325735856768692766e+00 0.000000000000000000e+00
-1.794447484215253130e+00 1.735445946075355600e-03 0.000000000000000000e+00 1.290388636412150014e-01 1.149357275351597707e+00 0.000000000000000000e+00
-1.127828551662347856e+00 -5.045921462529102779e-04 0.000000000000000000e+00 1.954425301711119056e-01 1.014233964614358330e-01 0.000000000000000000e+00
-1.180109570720023537e+00 3.414412446391991429e-05 0.000000000000000000e+00 -2.256699209913628490e-01 1.991033774238469833e-01 0.000000000000000000e+00
-1.800444052579307952e+00 -5.668342339443670913e-03 0.000000000000000000e+00 -1.278148992096359571e-01 1.157240483902063355e+00 0.000000000000000000e+00
-1.934506309503011501e+00 -4.782821208085159814e-03 0.000000000000000000e+00 2.760048295024735213e-02 1.333605594719908805e+00 0.000000000000000000e+00
-1.749790670365287459e+00 7.171798849402166720e-05 0.000000000000000000e+00 1.704494275369063394e-01 1.085720878085382424e+00 0.000000000000000000e+00
-1.228398967371935546e+00 2.414328129332894528e-04 0.000000000000000000e+00 -2.461339539014830435e-01 2.822381659620039063e-01 0.000000000000000000e+00
-1.777590507931597008e+00 -1.998721180811860454e-03 0.000000000000000000e+00 -1.587901202921325750e-01 1.123750937696923025e+00 0.000000000000000000e+00
-1.940802145037319626e+00 5.006328424005737632e-04 0.000000000000000000e+00 -1.895523942573792975e-02 1.341615326513786677e+00 0.000000000000000000e+00
-1.813454853472705741e+00 5.216076301243842417e-03 0.000000000000000000e+00 1.305482942589944462e-01 1.173688770758685163e+00 0.000000000000000000e+00
-1.304258468494135403e+00 7.075388312031624660e-05 0.000000000000000000e+00 2.558811942360462721e-01 4.149443943916626409e-01 0.000000000000000000e+00
-1.751061930995323035e+00 4.945984996898961442e-03 0.000000000000000000e+00 -1.577221443346578100e-01 1.089315324000939444e+00 0.000000000000000000e+00
-1.924107833450991345e+00 3.970235859160922004e-03 0.000000000000000000e+00 -4.469388695962951685e-03 1.320872549855052203e+00 0.000000000000000000e+00
-1.770154795877249665e+00 2.820379723337103350e-03 0.000000000000000000e+00 1.504384774967675031e-01 1.115235074250640945e+00 0.000000000000000000e+00
-1.252547590934959265e+00 9.054561366085523907e-05 0.000000000000000000e+00 -2.485635919423582196e-01 3.270681222936971944e-01 0.000000000000000000e+00
-1.806257234448144011e+00 4.103613662806301909e-03 0.000000000000000000e+00 -1.256580538820747939e-01 1.164960043607695894e+00 0.000000000000000000e+00
-1.935431693203802705e+00 -2.777716479455162590e-03 0.000000000000000000e+00 1.967671195199632850e-02 1.334898332226571949e+00 0.000000000000000000e+00
-1.761880937503246702e+00 -1.175221045975697806e-03 0.000000000000000000e+00 1.624854610515646947e-01 1.102749698768040520e+00 0.000000000000000000e+00
-1.103216612030556210e+00 3.062357825798763065e-05 0.000000000000000000e+00 1.750462760018053898e-01 5.004063517526583654e-02 0.000000000000000000e+00
-1.196080604836361250e+00 -2.228591168023730598e-04 0.000000000000000000e+00 -2.354213247524825081e-01 2.246412545115126225e-01 0.000000000000000000e+00
-1.775557345639332762e+00 3.838234300751322547e-03 0.000000000000000000e+00 -1.542650171436510953e-01 1.121742927983934601e+00 0.000000000000000000e+00
-1.938284737778726452e+00 4.573307699579122476e-03 0.000000000000000000e+00 -1.262186823390879647e-02 1.338552950191269630e+00 0.000000000000000000e+00
-1.807783384545457395e+00 2.832320231732847471e-03 0.000000000000000000e+00 1.330128668985834650e-01 1.166106111101472553e+00 0.000000000000000000e+00
-1.283420412969881852e+00 -1.175487242739752143e-03 0.000000000000000000e+00 2.537139860112687106e-01 3.798215685410613052e-01 0.000000000000000000e+00
-1.755931031136487075e+00 -1.176390487279216357e-03 0.000000000000000000e+00 -1.596483944469913319e-01 1.095393792053157567e+00 0.000000000000000000e+00
-1.925700559120124389e+00 5.529815753394579786e-03 0.000000000000000000e+00 -1.985120513993996610e-03 1.322878026383950800e+00 0.000000000000000000e+00
-1.772431005377189894e+00 -6.931183019032866044e-05 0.000000000000000000e+00 1.483732911473810701e-01 1.118469359932488416e+00 0.000000000000000000e+00
-1.238332686258446724e+00 5.772865532787147154e-04 0.000000000000000000e+00 -2.457489237697966233e-01 3.021439514130142001e-01 0.000000000000000000e+00
-1.800897006138677092e+00 -4.722110706308561834e-03 0.000000000000000000e+00 -1.356521631496204194e-01 1.156929895024587651e+00 0.000000000000000000e+00
-1.933833830189515712e+00 -1.889393535533516466e-03 0.000000000000000000e+00 1.681844333104580425e-02 1.332939194783564041e+00 0.000000000000000000e+00
-1.761340598928703427e+00 1.195948252472996132e-03 0.000000000000000000e+00 1.628128819340934619e-01 1.101996484746690097e+00 0.000000000000000000e+00
-1.212576312051943717e+00 -5.580484671154940790e-05 0.000000000000000000e+00 -2.408341989830243834e-01 2.546919858144139348e-01 0.000000000000000000e+00
-1.781475345752548956e+00 -6.440410103323440660e-04 0.000000000000000000e+00 -1.526543306219187712e-01 1.129645741911668999e+00 0.000000000000000000e+00
-1.937891553826800450e+00 -5.623993784914592398e-03 0.000000000000000000e+00 -1.379741859542517150e-02 1.338054101013260277e+00 0.000000000000000000e+00
-1.802800023291919462e+00 -3.204510347608616194e-03 0.000000000000000000e+00 1.341862636484514870e-01 1.159550992873699338e+00 0.000000000000000000e+00
-1.270905874207393538e+00 -3.141973375908263880e-04 0.000000000000000000e+00 2.528614624454467164e-01 3.578798715423696652e-01 0.000000000000000000e+00
-1.756438323885778807e+00 5.065269325530960542e-03 0.000000000000000000e+00 -1.572566741907149568e-01 1.096412039803611460e+00 0.000000000000000000e+00
-1.927902207636212006e+00 -3.684821171946392471e-04 0.000000000000000000e+00 -1.092732200162721892e-02 1.325580649280203804e+00 0.000000000000000000e+00
-1.782234162654477316e+00 4.565030051938413075e-03 0.000000000000000000e+00 1.460440956379846222e-01 1.131511267238120677e+00 0.000000000000000000e+00
-1.117623918841860853e+00 -1.436104271770430492e-04 0.000000000000000000e+00 1.879747245362529962e-01 8.021563442886338324e-02 0.000000000000000000e+00
-1.186671084168489099e+00 -8.893226283115105747e-04 0.000000000000000000e+00 -2.299272660249178646e-01 2.094364155259693105e-01 0.000000000000000000e+00
-1.791826634613469027e+00 -1.876655893987852139e-03 0.000000000000000000e+00 -1.390219573791509067e-01 1.144806365873900944e+00 0.000000000000000000e+00
-1.930402192185163290e+00 1.549017381123809350e-03 0.000000000000000000e+00 1.569075493629129570e-02 1.328661646194596369e+00 0.000000000000000000e+00
-1.757567085787439254e+00 -2.339912333213668011e-03 0.000000000000000000e+00 1.602128689724945654e-01 1.097451668703471439e+00 0.000000000000000000e+00
-1.249872689141581006e+00 -7.185920815529741115e-04 0.000000000000000000e+00 -2.500167964099897500e-01 3.208992018244284372e-01 0.000000000000000000e+00
-1.793999898220677736e+00 -3.325226082011164489e-03 0.000000000000000000e+00 -1.453919252025595577e-01 1.146829187860170407e+00 0.000000000000000000e+00
-1.938004330838841049e+00 1.314268824737292729e-03 0.000000000000000000e+00 2.620810045784356668e-03 1.338254389718540160e+00 0.000000000000000000e+00
-1.791410288696003272e+00 -5.049546703095974913e-03 0.000000000000000000e+00 1.421826591675522389e-01 1.143887698886261628e+00 0.000000000000000000e+00
-1.241354907395966878e+00 -1.498722268002916375e-03 0.000000000000000000e+00 2.478305349423810811e-01 3.063134506516897448e-01 0.000000000000000000e+00
-1.757837398861723965e+00 -3.843515225242385980e-03 0.000000000000000000e+00 -1.645941159371515916e-01 1.097160229877240489e+00 0.000000000000000000e+00
-1.931398371848492168e+00 -2.808638973993731608e-03 0.000000000000000000e+00 -1.779382888141820690e-02 1.329883291199441597e+00 0.000000000000000000e+00
-1.794552324794800757e+00 4.424283745968662918e-03 0.000000000000000000e+00 1.391425786032123857e-01 1.148321532736184647e+00 0.000000000000000000e+00
-1.205300952993982211e+00 -1.000234839775900747e-04 0.000000000000000000e+00 2.366784473404317801e-01 2.433544187127682501e-01 0.000000000000000000e+00
-1.779343960830782390e+00 -1.094363060976370761e-03 0.000000000000000000e+00 -1.454485727742422241e-01 1.127832363068270727e+00 0.000000000000000000e+00
-1.927171493909286104e+00 8.585663276790798937e-04 0.000000000000000000e+00 9.786867504155614267e-03 1.324675927243603724e+00 0.000000000000000000e+00
-1.755427080802811401e+00 2.665430669547753928e-03 0.000000000000000000e+00 1.619811411519758160e-01 1.094395987729066544e+00 0.000000000000000000e+00
-1.275579606981309233e+00 1.057153772107658971e-03 0.000000000000000000e+00 -2.531322702085040399e-01 3.661670332507295234e-01 0.000000000000000000e+00
-1.804325867403525407e+00 -6.314037553232232369e-04 0.000000000000000000e+00 -1.350698870647692451e-01 1.161413115013711028e+00 0.000000000000000000e+00
-1.937936917106218404e+00 -8.234421480275699867e-05 0.000000000000000000e+00 1.175337653688515727e-02 1.338121046995025321e+00 0.000000000000000000e+00
-1.779459329303593851e+00 -3.375569253017175059e-03 0.000000000000000000e+00 1.515924018185767497e-01 1.127176770863797195e+00 0.000000000000000000e+00
-1.205279630114010292e+00 -3.617183548780037957e-04 0.000000000000000000e+00 2.384398374846680713e-01 2.415850186041557379e-01 0.000000000000000000e+00
-1.762746456230238401e+00 3.643039450402486834e-03 0.000000000000000000e+00 -1.595610790512228261e-01 1.104312500614106352e+00 0.000000000000000000e+00
-1.934422064658467999e+00 -1.527966430119112595e-03 0.000000000000000000e+00 -2.019590123715233818e-02 1.333628566489789780e+00 0.000000000000000000e+00
-1.802663650797961203e+00 3.443824383015457735e-03 0.000000000000000000e+00 1.336849992972320433e-01 1.159434943202604096e+00 0.000000000000000000e+00
-1.243960562620037402e+00 1.247043845725348890e-03 0.000000000000000000e+00 2.474141625203093997e-01 3.116666180233936823e-01 0.000000000000000000e+00
-1.770546291865809252e+00 -2.642184366938540863e-03 0.000000000000000000e+00 -1.509727850129670701e-01 1.115674250840469117e+00 0.000000000000000000e+00
-1.925258548431623584e+00 2.240203888100103513e-03 0.000000000000000000e+00 7.356312103910106481e-03 1.322299004772496289e+00 0.000000000000000000e+00
-1.756417544106552153e+00 -5.305654809747612638e-03 0.000000000000000000e+00 1.551171188567735393e-01 1.096692044423677403e+00 0.000000000000000000e+00
-1.285394009942964821e+00 -9.488380891634010800e-04 0.000000000000000000e+00 -2.544964570384257163e-01 3.828157783609593134e-01 0.000000000000000000e+00
-1.808951386440297293e+00 -3.190563479057648144e-03 0.000000000000000000e+00 -1.322311099158329784e-01 1.167701788682763642e+00 0.000000000000000000e+00
-1.938627140032824325e+00 -4.640352962887145383e-03 0.000000000000000000e+00 1.362199641953425883e-02 1.338972961440170639e+00 0.000000000000000000e+00
-1.774958732494862801e+00 -1.819400922061472844e-03 0.000000000000000000e+00 1.562084140164150814e-01 1.120693663410618823e+00 0.000000000000000000e+00
-1.198050341044284206e+00 6.799710487557921812e-04 0.000000000000000000e+00 2.363362794067971340e-01 2.280435821607336710e-01 0.000000000000000000e+00
-1.095091889128314344e+00 9.167885052728291968e-06 0.000000000000000000e+00 -1.660883210931363707e-01 3.402634397315557058e-02 0.000000000000000000e+00
-1.760258570621592300e+00 -5.622271807429260471e-04 0.000000000000000000e+00 -1.646808978632090248e-01 1.100307032374868044e+00 0.000000000000000000e+00
-1.935506719902804873e+00 2.267240662114863164e-03 0.000000000000000000e+00 -2.154144264890579807e-02 1.334964715057068707e+00 0.000000000000000000e+00
-1.805657296886713281e+00 5.055258307617336959e-03 0.000000000000000000e+00 1.311019161123261334e-01 1.163592949015200606e+00 0.000000000000000000e+00
-1.250795227317931912e+00 -1.165629735093993979e-03 0.000000000000000000e+00 2.477888404452251447e-01 3.243698669592213757e-01 0.000000000000000000e+00
-1.772933970761649825e+00 3.972908368549327163e-03 0.000000000000000000e+00 -1.439891843637884361e-01 1.119703887667310660e+00 0.000000000000000000e+00
-1.923559464524964291e+00 1.532023911116148218e-03 0.000000000000000000e+00 1.096515748605082601e-02 1.320146090794602101e+00 0.000000000000000000e+00
-1.746182717183388799e+00 -2.801062045458241334e-03 0.000000000000000000e+00 1.615502953362032701e-01 1.082361765097911821e+00 0.000000000000000000e+00
-1.316910894777240326e+00 2.721105064302491855e-04 0.000000000000000000e+00 -2.565943402037490495e-01 4.361762854176662318e-01 0.000000000000000000e+00
-1.817133044893966209e+00 2.389381037419549547e-03 0.000000000000000000e+00 -1.235908397630275657e-01 1.179162624590917030e+00 0.000000000000000000e+00
-1.942481515959397775e+00 5.201295800025124150e-04 0.000000000000000000e+00 2.035713724684403911e-02 1.343694437460104751e+00 0.000000000000000000e+00
-1.781421717354108925e+00 -2.653844904695868388e-04 0.000000000000000000e+00 1.563756850563197687e-01 1.129069173298100193e+00 0.000000000000000000e+00
-1.250712780122491763e+00 -2.462875756056321502e-04 0.000000000000000000e+00 2.516006239039496606e-01 3.212655356812426088e-01 0.000000000000000000e+00
-1.742212496807431066e+00 4.921643048408891330e-03 0.000000000000000000e+00 -1.714525001024619633e-01 1.075631819856402771e+00 0.000000000000000000e+00
-1.932986017964327896e+00 -2.897748825665992511e-03 0.000000000000000000e+00 -3.888283404232595331e-02 1.331421512319241440e+00 0.000000000000000000e+00
-1.788574165178550501e+00 -4.441733186402729849e-04 0.000000000000000000e+00 1.233041965658869532e-01 1.142406179064222815e+00 0.000000000000000000e+00
-1.257840842084381627e+00 1.564165950452937881e-03 0.000000000000000000e+00 -2.457261788219087528e-01 3.390465409702142496e-01 0.000000000000000000e+00
-1.819389639308124362e+00 -5.116667523779018512e-03 0.000000000000000000e+00 -1.052223747870163484e-01 1.183843978022539600e+00 0.000000000000000000e+00
-2.179925496014931685e+00 -6.262610151896441657e-03 0.000000000000000000e+00 -2.695207574039500120e-02 1.634602845478785760e+00 0.000000000000000000e+00
-2.192359268180585907e+00 6.088748767501747650e-03 0.000000000000000000e+00 -5.755146361336244826e-02 1.648787228648566305e+00 0.000000000000000000e+00
-2.130843724375469428e+00 -6.267917032742001404e-03 0.000000000000000000e+00 -1.208649954388401199e-01 1.570858768708929265e+00 0.000000000000000000e+00
-2.019044786320382645e+00 6.614032030946022378e-03 0.000000000000000000e+00 -1.671018565371125142e-01 1.429092777602319453e+00 0.000000000000000000e+00
-1.856614433500967998e+00 3.652664005121680768e-04 0.000000000000000000e+00 -2.277949612912820720e-01 1.214677532017411909e+00 0.000000000000000000e+00
-1.636398784168870968e+00 -3.373289696014886152e-03 0.000000000000000000e+00 -2.816631254986363686e-01 9.076160406555984217e-01 0.000000000000000000e+00
-1.299463761701858955e+00 -1.059621907628006780e-03 0.000000000000000000e+00 -2.910741876538707196e-01 3.822477931184022348e-01 0.000000000000000000e+00
-1.532428764699842905e+00 -1.203308314192928774e-03 0.000000000000000000e+00 2.939699171221897833e-01 7.550774357722489505e-01 0.000000000000000000e+00
-1.782582649997110913e+00 -4.890693261326614638e-03 0.000000000000000000e+00 2.452182553761034778e-01 1.114694828265330173e+00 0.000000000000000000e+00
-1.962113552289325380e+00 4.836515069857466598e-03 0.000000000000000000e+00 1.970550685793773515e-01 1.354057454103381186e+00 0.000000000000000000e+00
-2.093748646528986068e+00 5.725326958752062316e-03 0.000000000000000000e+00 1.415552892252112116e-01 1.523837530937037332e+00 0.000000000000000000e+00
-2.176100957464202956e+00 -6.208475245945907495e-03 0.000000000000000000e+00 7.715521999086009941e-02 1.628389808090619617e+00 0.000000000000000000e+00
-2.197167471532280203e+00 7.405566415750311493e-03 0.000000000000000000e+00 3.975189061541388458e-02 1.655100748689536383e+00 0.000000000000000000e+00
-2.022179329444755425e+00 5.755745116159470542e-03 0.000000000000000000e+00 5.058637228551703807e-02 1.441802920792248255e+00 0.000000000000000000e+00
-1.943038989256644644e+00 5.700191002324522804e-04 0.000000000000000000e+00 1.146746488100306993e-01 1.339646156060954496e+00 0.000000000000000000e+00
-1.801555274786587724e+00 2.772701406081848514e-03 0.000000000000000000e+00 1.879772713792079997e-01 1.150440820897051797e+00 0.000000000000000000e+00
-1.574327748993530562e+00 1.763416995345280444e-03 0.000000000000000000e+00 2.543587216125278161e-01 8.290341082957888297e-01 0.000000000000000000e+00
-1.224930733716050657e+00 1.260763796991288535e-03 0.000000000000000000e+00 -2.545604111203956244e-01 2.674934764093626072e-01 0.000000000000000000e+00
-1.612261295308823783e+00 -3.583832399950796777e-04 0.000000000000000000e+00 -2.453302769330281685e-01 8.847559213639202280e-01 0.000000000000000000e+00
-1.825940469093470631e+00 3.243740171175054331e-03 0.000000000000000000e+00 -1.740348634726011645e-01 1.184143035883217232e+00 0.000000000000000000e+00
-1.957296007703484886e+00 4.662535438706011393e-03 0.000000000000000000e+00 -1.011216802503200063e-01 1.358567284819082399e+00 0.000000000000000000e+00
-2.030330426356471207e+00 -3.521644276332475121e-03 0.000000000000000000e+00 -4.069637105140209293e-02 1.452151107896113569e+00 0.000000000000000000e+00
-2.331837722021470771e+00 6.272736214768148688e-03 0.000000000000000000e+00 -6.290497827588659163e-02 1.815026159771690129e+00 0.000000000000000000e+00
-2.071472050075051197e+00 -5.231138991442764452e-03 0.000000000000000000e+00 -2.053647040920630884e-01 1.489102279852011712e+00 0.000000000000000000e+00
-1.423434372347697874e+00 1.220404391921540814e-03 0.000000000000000000e+00 -3.184031627269838238e-01 5.770227368540219448e-01 0.000000000000000000e+00
-1.930435805952670503e+00 3.287559984994775641e-03 0.000000000000000000e+00 2.466965273067621978e-01 1.305700310635340422e+00 0.000000000000000000e+00
-2.281305643440681763e+00 8.230312647514392843e-03 0.000000000000000000e+00 1.142722558741416927e-01 1.752464534653659367e+00 0.000000000000000000e+00
-2.339574565595595068e+00 -3.869969970955650096e-03 0.000000000000000000e+00 -1.740654464464970463e-02 1.825173459052079172e+00 0.000000000000000000e+00
-2.221608572980792395e+00 4.778135508018952621e-03 0.000000000000000000e+00 -1.296344305997532698e-01 1.679908082393962054e+00 0.000000000000000000e+00
-1.843874598371193940e+00 -2.343508712409812789e-03 0.000000000000000000e+00 -2.642648088869403167e-01 1.190715334296962080e+00 0.000000000000000000e+00
-1.500550647058037423e+00 -1.077403205765707639e-03 0.000000000000000000e+00 3.155592794810681556e-01 6.985904538480932624e-01 0.000000000000000000e+00
-2.067720751537025059e+00 1.798042526210963388e-04 0.000000000000000000e+00 1.978966723230008162e-01 1.485475895737914609e+00 0.000000000000000000e+00
-2.311079739287416945e+00 -5.075127531418296978e-03 0.000000000000000000e+00 6.856421994481583237e-02 1.790220999438209226e+00 0.000000000000000000e+00
-2.201857177610127891e+00 -7.107865321848386153e-03 0.000000000000000000e+00 -1.210223452518483650e-02 1.661169069493128259e+00 0.000000000000000000e+00
-2.232469876715295953e+00 2.226461485647590610e-03 0.000000000000000000e+00 -6.174033920921317975e-02 1.696781344184077778e+00 0.000000000000000000e+00
-2.126270783516691409e+00 5.889136442602355484e-03 0.000000000000000000e+00 -1.356896115391631463e-01 1.564079722703824116e+00 0.000000000000000000e+00
-1.918793630948950835e+00 -6.020648614297033352e-03 0.000000000000000000e+00 -2.246927182003758960e-01 1.294883300415305527e+00 0.000000000000000000e+00
-1.588344047728098563e+00 1.271146124025832481e-03 0.000000000000000000e+00 -2.940786467166729978e-01 8.358419667430914135e-01 0.000000000000000000e+00
-1.449835060791296426e+00 1.255783141052589647e-03 0.000000000000000000e+00 3.067214286825530323e-01 6.249226335894352280e-01 0.000000000000000000e+00
-1.840629991723357950e+00 -7.062092483269763465e-04 0.000000000000000000e+00 2.427117278718982085e-01 1.191085726107548037e+00 0.000000000000000000e+00
-2.077088076811307360e+00 -4.616145756616354956e-04 0.000000000000000000e+00 1.627040468122025185e-01 1.501264393844070621e+00 0.000000000000000000e+00
-2.212476838500024190e+00 -7.700180828390787435e-03 0.000000000000000000e+00 7.881492566990035142e-02 1.672107951532319170e+00 0.000000000000000000e+00
-2.238255642809489743e+00 -2.330359084266911754e-03 0.000000000000000000e+00 1.406251403296761293e-02 1.704767912999531676e+00 0.000000000000000000e+00
-2.324649270376742294e+00 4.005540042084716063e-03 0.000000000000000000e+00 -7.579459018382295188e-02 1.806015835295259109e+00 0.000000000000000000e+00
-2.032072006340210457e+00 -3.062028211876583611e-03 0.000000000000000000e+00 -2.180310178129789001e-01 1.438433440002243380e+00 0.000000000000000000e+00
-1.267998620029759493e+00 1.817875309029397604e-04 0.000000000000000000e+00 -2.959977332204192790e-01 3.172390443649349967e-01 0.000000000000000000e+00
-1.998837628434037672e+00 3.961081552103076775e-03 0.000000000000000000e+00 2.288703745956776892e-01 1.395224941935703233e+00 0.000000000000000000e+00
-2.313063124686622896e+00 3.741256179878998944e-03 0.000000000000000000e+00 9.146347975612309500e-02 1.791548902539537469e+00 0.000000000000000000e+00
-2.299707791713224037e+00 -5.400899155539151675e-03 0.000000000000000000e+00 -2.861544559406793004e-02 1.777814673476792118e+00 0.000000000000000000e+00
-2.202685310070854108e+00 8.018445998174708600e-03 0.000000000000000000e+00 -1.181898443906636009e-01 1.658004973365912127e+00 0.000000000000000000e+00
-1.924050416310585154e+00 -2.214584648567566316e-03 0.000000000000000000e+00 -2.341536536539966518e-01 1.299888336473948636e+00 0.000000000000000000e+00
-1.360546496553506346e+00 1.648326563398427175e-03 0.000000000000000000e+00 -3.083414756077468288e-01 4.786875148910586519e-01 0.000000000000000000e+00
-1.809522582667929980e+00 4.351871002098352953e-03 0.000000000000000000e+00 2.654325226493572387e-01 1.145552466121487312e+00 0.000000000000000000e+00
-2.144294309536002086e+00 5.999025774265642763e-05 0.000000000000000000e+00 1.537597334847893848e-01 1.584345510578250682e+00 0.000000000000000000e+00
-2.291471922963358665e+00 -5.120254794971995649e-03 0.000000000000000000e+00 4.643667915636653931e-02 1.767653544219546458e+00 0.000000000000000000e+00
1.042844014512256390e+00 -4.019768556994570536e-04 0.000000000000000000e+00 -6.691936510713669684e-02 1.134234609220190482e-01 0.000000000000000000e+00
-2.015109783317805991e+00 -1.570790596590952715e-03 0.000000000000000000e+00 3.910558347024695874e-02 1.433433924847635099e+00 0.000000000000000000e+00
-1.928506143929780592e+00 4.609454386372339313e-03 0.000000000000000000e+00 1.197259683739675395e-01 1.320978631080644838e+00 0.000000000000000000e+00
-1.764467683290883437e+00 -2.219102845201173513e-03 0.000000000000000000e+00 1.948101080579683064e-01 1.100901053346428071e+00 0.000000000000000000e+00
-1.479160932812414231e+00 -5.222277238232063412e-04 0.000000000000000000e+00 2.664309983446491170e-01 6.871439669234473691e-01 0.000000000000000000e+00
-1.428375792205462957e+00 1.873985979069583106e-03 0.000000000000000000e+00 -2.708949861308576068e-01 6.084327550769050852e-01 0.000000000000000000e+00
-1.736252825040446979e+00 2.277839686631297211e-03 0.000000000000000000e+00 -2.048495470391786255e-01 1.061894426524881530e+00 0.000000000000000000e+00
-1.913362788633711009e+00 4.926948861064442409e-03 0.000000000000000000e+00 -1.228317088265409862e-01 1.301638893894887072e+00 0.000000000000000000e+00
-2.006988012579706826e+00 4.665902243071590183e-04 0.000000000000000000e+00 -4.893321108412901355e-02 1.423100998742252044e+00 0.000000000000000000e+00
-2.214368850078213047e+00 -7.456103936022584477e-03 0.000000000000000000e+00 -4.324088871712178372e-02 1.675676081430085507e+00 0.000000000000000000e+00
-2.173404352837115638e+00 -4.731412502980911206e-03 0.000000000000000000e+00 -9.889807059936109312e-02 1.623954984618485309e+00 0.000000000000000000e+00
-2.063108015207390178e+00 4.976283865743259816e-03 0.000000000000000000e+00 -1.545545776683649175e-01 1.484941220397261841e+00 0.000000000000000000e+00
-1.888211935469286562e+00 4.074370778428010320e-03 0.000000000000000000e+00 -2.196095717673712533e-01 1.256752312313620612e+00 0.000000000000000000e+00
-1.637169663703389455e+00 3.806346567168369943e-03 0.000000000000000000e+00 -2.801891266397030789e-01 9.091503148679620505e-01 0.000000000000000000e+00
-1.185628159031230755e+00 -9.965487536664052043e-05 0.000000000000000000e+00 2.520778558046162798e-01 1.794702625439035248e-01 0.000000000000000000e+00
-1.186436143264274268e+00 -1.339029731235209797e-04 0.000000000000000000e+00 -2.525679654943077113e-01 1.809138771390999545e-01 0.000000000000000000e+00
-1.636264472680968085e+00 -2.022891481488653821e-03 0.000000000000000000e+00 2.813369609242771241e-01 9.075322778025320947e-01 0.000000000000000000e+00
-1.887492144266010197e+00 -1.366274116779579717e-03 0.000000000000000000e+00 2.216355235497139975e-01 1.255470726383166813e+00 0.000000000000000000e+00
-2.062592738874339027e+00 -1.674803027319191062e-03 0.000000000000000000e+00 1.571684808396028865e-01 1.484026077628153750e+00 0.000000000000000000e+00
-2.174038184750073377e+00 -7.843905447500914771e-03 0.000000000000000000e+00 8.900868456135901940e-02 1.625303626789244227e+00 0.000000000000000000e+00
-2.214664981433716040e+00 -5.428198127971892162e-03 0.000000000000000000e+00 3.299117184750784137e-02 1.676257814010147174e+00 0.000000000000000000e+00
-2.008068494073795840e+00 5.723111488307855432e-03 0.000000000000000000e+00 5.331838526595318595e-02 1.424289407449845779e+00 0.000000000000000000e+00
-1.915044520244393311e+00 5.063462240162283634e-03 0.000000000000000000e+00 1.291431881203981002e-01 1.303148896206310692e+00 0.000000000000000000e+00
-1.741508985512639773e+00 9.804820012210349600e-04 0.000000000000000000e+00 2.053418561426655353e-01 1.068746685563435328e+00 0.000000000000000000e+00
-1.441853377887592380e+00 -8.340292735408288971e-04 0.000000000000000000e+00 2.704382690035996850e-01 6.293109476060172458e-01 0.000000000000000000e+00
-1.462130268341639283e+00 -2.075704746179539862e-03 0.000000000000000000e+00 -2.697738201686497028e-01 6.603323335918565018e-01 0.000000000000000000e+00
-1.752829727845594654e+00 -3.928057385485850261e-03 0.000000000000000000e+00 -2.031783853653535699e-01 1.084092364069058068e+00 0.000000000000000000e+00
-1.922176700103913394e+00 -1.581636836340806485e-03 0.000000000000000000e+00 -1.223246029997112211e-01 1.312777575971405764e+00 0.000000000000000000e+00
-2.011780631340217340e+00 2.789420351770696693e-03 0.000000000000000000e+00 -4.303112746101678265e-02 1.429214759660057066e+00 0.000000000000000000e+00
-2.284657235548614551e+00 6.472835868777018775e-03 0.000000000000000000e+00 -5.029923660446454503e-02 1.759449347687649157e+00 0.000000000000000000e+00
-2.133023243073514763e+00 -3.675890225828183644e-03 0.000000000000000000e+00 -1.599609402958428461e-01 1.570012753838219144e+00 0.000000000000000000e+00
-1.801720518619095879e+00 6.150458438901745817e-04 0.000000000000000000e+00 -2.633142045205262849e-01 1.135786380718721400e+00 0.000000000000000000e+00
-1.354273486556053729e+00 1.731977074563012878e-03 0.000000000000000000e+00 3.084659804192050325e-01 4.678137618595575864e-01 0.000000000000000000e+00
-1.912685878099373182e+00 5.328222769380802637e-03 0.000000000000000000e+00 2.385400750595252362e-01 1.284614778790799772e+00 0.000000000000000000e+00
-2.190711127447226403e+00 7.740891761590028633e-03 0.000000000000000000e+00 1.347516696411690806e-01 1.642299688215382858e+00 0.000000000000000000e+00
-2.295454953572036327e+00 4.962648223475960019e-05 0.000000000000000000e+00 2.963944507766412897e-02 1.772741659399238223e+00 0.000000000000000000e+00
-2.342428132497694548e+00 -8.171624781921432712e-03 0.000000000000000000e+00 -9.635609452511637030e-02 1.826102951147159814e+00 0.000000000000000000e+00
-1.965013866625417993e+00 6.536348583227255538e-03 0.000000000000000000e+00 -2.394199524905690213e-01 1.350885985422794811e+00 0.000000000000000000e+00
-1.547327509840961124e+00 4.070854161238382507e-05 0.000000000000000000e+00 3.202360504059914570e-01 7.663784136849436379e-01 0.000000000000000000e+00
-2.190955644212041253e+00 -5.452589537045231943e-03 0.000000000000000000e+00 1.655380548072343250e-01 1.639770039551786018e+00 0.000000000000000000e+00
-2.394611823368125947e+00 -8.519256411605030666e-03 0.000000000000000000e+00 1.548558177587151807e-02 1.890051026908256437e+00 0.000000000000000000e+00
-2.300566854591199029e+00 -5.898900105427956619e-03 0.000000000000000000e+00 -1.304105467682497577e-01 1.774281554889432844e+00 0.000000000000000000e+00
-1.777106453474743608e+00 -6.369049276345531418e-04 0.000000000000000000e+00 -2.911726178397917586e-01 1.096289682724633341e+00 0.000000000000000000e+00
-1.843388152677032599e+00 2.396856847506982288e-03 0.000000000000000000e+00 2.786863617803030380e-01 1.186791909167244086e+00 0.000000000000000000e+00
-2.324067621851124699e+00 3.997897336090543673e-03 0.000000000000000000e+00 1.156257495459848128e-01 1.803215888752647267e+00 0.000000000000000000e+00
-2.376829723402630989e+00 -4.906431713301892539e-03 0.000000000000000000e+00 -3.594107133750606281e-02 1.868849666427380374e+00 0.000000000000000000e+00
-2.169505551954634015e+00 1.073018317594896798e-03 0.000000000000000000e+00 -1.719716835638814834e-01 1.613115884192344307e+00 0.000000000000000000e+00
-1.564994207360897338e+00 -1.168451736255099460e-03 0.000000000000000000e+00 -3.173379493625529957e-01 7.934594283433102913e-01 0.000000000000000000e+00
-1.912156139250277942e+00 4.498639917519768952e-03 0.000000000000000000e+00 2.573807502951116488e-01 1.280292954028178887e+00 0.000000000000000000e+00
-2.304911308370165557e+00 4.871129509150969733e-03 0.000000000000000000e+00 1.099340593751510220e-01 1.780830553265200233e+00 0.000000000000000000e+00
-2.350369339392078150e+00 -4.963357801900929178e-03 0.000000000000000000e+00 -2.815097073806062389e-02 1.837794707152621054e+00 0.000000000000000000e+00
-2.196884582824277565e+00 -4.045702534213269086e-03 0.000000000000000000e+00 -1.531567900296176288e-01 1.648130240046619566e+00 0.000000000000000000e+00
-1.751663587241751863e+00 -2.462060680317113698e-03 0.000000000000000000e+00 -2.864386839778899629e-01 1.063558998533839617e+00 0.000000000000000000e+00
-1.667610790257528564e+00 4.021891463747690951e-03 0.000000000000000000e+00 3.020578663556235388e-01 9.445249734457810131e-01 0.000000000000000000e+00
-2.160063185524125018e+00 5.646313608808213938e-03 0.000000000000000000e+00 1.704285063578976356e-01 1.601826736361982029e+00 0.000000000000000000e+00
-2.346324687223785066e+00 -7.503768486735923338e-03 0.000000000000000000e+00 3.244629217285279615e-02 1.832956479562556584e+00 0.000000000000000000e+00
-2.351165872166502524e+00 -5.617550396248671696e-03 0.000000000000000000e+00 -1.050373495271297863e-01 1.835950026551323333e+00 0.000000000000000000e+00
-1.887289537813610973e+00 -5.272768056617582744e-03 0.000000000000000000e+00 -2.724607293630718630e-01 1.245178689556323048e+00 0.000000000000000000e+00
-1.757554012929641196e+00 -1.661521656968582838e-03 0.000000000000000000e+00 2.949776023619988807e-01 1.069128106847443860e+00 0.000000000000000000e+00
-2.307336939966579070e+00 5.816204354494158152e-04 0.000000000000000000e+00 1.270968950524357655e-01 1.782566852222826626e+00 0.000000000000000000e+00
-2.401515915992528338e+00 3.581407863785690537e-03 0.000000000000000000e+00 -2.234403446154262229e-02 1.898076106456277223e+00 0.000000000000000000e+00
-2.179150392759498622e+00 -7.516015782557450287e-03 0.000000000000000000e+00 -1.825626700179066031e-01 1.623669320135660454e+00 0.000000000000000000e+00
-1.476182265966251794e+00 -2.428232464491253406e-03 0.000000000000000000e+00 -3.254558898360302432e-01 6.566330028758438075e-01 0.000000000000000000e+00
-2.018618321646162173e+00 -3.083175723538417179e-03 0.000000000000000000e+00 2.284879479515012912e-01 1.420033493042943906e+00 0.000000000000000000e+00
-2.368409740993601353e+00 7.796006858733176004e-03 0.000000000000000000e+00 8.041919601563124465e-02 1.857551339559389447e+00 0.000000000000000000e+00
1.042534466497573087e+00 1.065544634359404173e-04 0.000000000000000000e+00 -4.171836494509576637e-02 1.249226446907792665e-01 0.000000000000000000e+00
-2.232182941432426126e+00 -6.368466871015068809e-03 0.000000000000000000e+00 -3.299121591489948685e-02 1.697253513749491516e+00 0.000000000000000000e+00
-2.191397181795435856e+00 4.368725407088103196e-03 0.000000000000000000e+00 -9.038917094366798188e-02 1.646154629942294889e+00 0.000000000000000000e+00
-2.059856847482559150e+00 3.352183386525422679e-03 0.000000000000000000e+00 -1.638083212402628996e-01 1.479941281962770638e+00 0.000000000000000000e+00
-1.840780555942371333e+00 -3.893261226467589764e-03 0.000000000000000000e+00 -2.429677832153112615e-01 1.191239151579155608e+00 0.000000000000000000e+00
-1.500456413518530319e+00 -1.418312173022871769e-03 0.000000000000000000e+00 -3.028999376672366628e-01 7.040408544328565776e-01 0.000000000000000000e+00
-1.498429940956365058e+00 4.575863046041954429e-04 0.000000000000000000e+00 3.025928904153880050e-01 7.011305360875352832e-01 0.000000000000000000e+00
-1.839130991855563391e+00 4.843052596099947649e-03 0.000000000000000000e+00 2.440283734264574456e-01 1.188884339645072785e+00 0.000000000000000000e+00
-2.058691782815599947e+00 -1.374011772557269528e-03 0.000000000000000000e+00 1.657283381433545533e-01 1.478288572947957569e+00 0.000000000000000000e+00
-2.190764739443286757e+00 -1.777938766382509278e-03 0.000000000000000000e+00 9.283565872901897165e-02 1.645252406608933127e+00 0.000000000000000000e+00
-2.232501322153414236e+00 -7.383954573640147401e-03 0.000000000000000000e+00 2.225678133462548336e-02 1.697813388747291707e+00 0.000000000000000000e+00
1.040902792078084005e+00 -1.192343430078286466e-04 0.000000000000000000e+00 3.221819937483252905e-02 1.276907490768987297e-01 0.000000000000000000e+00
-2.345858155126166800e+00 3.895916978199978620e-04 0.000000000000000000e+00 -6.605381349916425449e-02 1.831488648600605895e+00 0.000000000000000000e+00
-2.068290815223627455e+00 -6.748787513027496368e-03 0.000000000000000000e+00 -2.114234083587807345e-01 1.484334113390914478e+00 0.000000000000000000e+00
-1.332339696111077831e+00 1.779078438406299020e-03 0.000000000000000000e+00 -3.111094337434748835e-01 4.273251346684916463e-01 0.000000000000000000e+00
-2.001132281562399307e+00 -4.458805263792007048e-03 0.000000000000000000e+00 2.245577044302873304e-01 1.398805010783183977e+00 0.000000000000000000e+00
-2.324358227150472800e+00 -2.449293287948989262e-05 0.000000000000000000e+00 8.610823750825113976e-02 1.805208141613572792e+00 0.000000000000000000e+00
-2.286684022727164312e+00 8.000969694100801277e-03 0.000000000000000000e+00 -1.843761662970314075e-02 1.762489598007105585e+00 0.000000000000000000e+00
-2.200917708555802044e+00 1.715305933764468826e-03 0.000000000000000000e+00 -1.172501940695519357e-01 1.655929997820461352e+00 0.000000000000000000e+00
-1.956423013231553654e+00 -3.332147543811107837e-03 0.000000000000000000e+00 -2.219081858136593421e-01 1.343031165748476585e+00 0.000000000000000000e+00
-1.497822589479255395e+00 2.366009798672308491e-03 0.000000000000000000e+00 -3.083394063368991023e-01 6.977107628568672837e-01 0.000000000000000000e+00
-1.688112431850617545e+00 3.821335617168662019e-03 0.000000000000000000e+00 2.878473992164671813e-01 9.771107870071524815e-01 0.000000000000000000e+00
-2.057176790155350155e+00 3.453885627613810169e-03 0.000000000000000000e+00 1.875740489447985659e-01 1.473807809950127279e+00 0.000000000000000000e+00
-2.247280324097096660e+00 7.574419933215385814e-03 0.000000000000000000e+00 9.197250573937551521e-02 1.713162563773835911e+00 0.000000000000000000e+00
-2.268099189644498637e+00 -2.364798634984691117e-03 0.000000000000000000e+00 -2.315859540861844867e-03 1.740450729324963586e+00 0.000000000000000000e+00
-2.246117360513057104e+00 4.075748776890986136e-03 0.000000000000000000e+00 -8.315570275581600501e-02 1.712211521714234852e+00 0.000000000000000000e+00
-2.057173603216416957e+00 3.901647902765939535e-03 0.000000000000000000e+00 -1.819038229828564002e-01 1.474515636493109794e+00 0.000000000000000000e+00
-1.690681682785214246e+00 -3.163000544984244378e-03 0.000000000000000000e+00 -2.867877165014582896e-01 9.809342943664015602e-01 0.000000000000000000e+00
-1.489137188371921550e+00 -1.939632588027012661e-03 0.000000000000000000e+00 3.088633929312705195e-01 6.843411238432823840e-01 0.000000000000000000e+00
-1.950429084648891198e+00 -1.806117301010368853e-03 0.000000000000000000e+00 2.199204086164770755e-01 1.335788186944544265e+00 0.000000000000000000e+00
-2.196289270294494944e+00 -7.548591505641563670e-03 0.000000000000000000e+00 1.149553267619847219e-01 1.650530428353243595e+00 0.000000000000000000e+00
-2.285275265588246452e+00 3.251521879330677989e-03 0.000000000000000000e+00 3.016973042754726719e-02 1.760639340749210913e+00 0.000000000000000000e+00
-2.341592659500245865e+00 7.254467919719998631e-03 0.000000000000000000e+00 -8.196632964495764728e-02 1.825816354675905417e+00 0.000000000000000000e+00
-1.975416668456312586e+00 1.793374156548385723e-03 0.000000000000000000e+00 -2.388457088388066252e-01 1.364101851754448980e+00 0.000000000000000000e+00
-1.506657373983971482e+00 -1.784570823810463502e-04 0.000000000000000000e+00 3.220172456742969036e-01 7.049038749260453374e-01 0.000000000000000000e+00
-2.167686440615686827e+00 4.292866586602335499e-03 0.000000000000000000e+00 1.805615903438431147e-01 1.609975778926101109e+00 0.000000000000000000e+00
-2.388139729159909130e+00 5.628852804999889825e-03 0.000000000000000000e+00 3.556302476509259902e-02 1.882165837108499495e+00 0.000000000000000000e+00
-2.321524884130140798e+00 2.240533334627467510e-03 0.000000000000000000e+00 -1.156026519853568385e-01 1.800200377181798039e+00 0.000000000000000000e+00
-1.810767099805456137e+00 2.950400164651138801e-03 0.000000000000000000e+00 -2.833307812454537444e-01 1.142899983580484280e+00 0.000000000000000000e+00
-1.833132350880681161e+00 -4.797386141952237996e-03 0.000000000000000000e+00 2.774487268235412696e-01 1.173691412646779231e+00 0.000000000000000000e+00
-2.328469652178644100e+00 6.151415812678880275e-03 0.000000000000000000e+00 1.180542872230612300e-01 1.808287297713782493e+00 0.000000000000000000e+00
-2.380778548043283038e+00 -8.832453484332883353e-03 0.000000000000000000e+00 -4.097489819649759862e-02 1.873409253617517756e+00 0.000000000000000000e+00
-2.162258589983616197e+00 -3.177228863093864430e-03 0.000000000000000000e+00 -1.796400241962416156e-01 1.603484129250280610e+00 0.000000000000000000e+00
-1.523613785776078533e+00 -1.096080031651150595e-03 0.000000000000000000e+00 -3.209698211858488248e-01 7.308713361656999918e-01 0.000000000000000000e+00
-1.949625857155751207e+00 -2.908298642037843162e-04 0.000000000000000000e+00 2.454326069155386980e-01 1.330318294697436787e+00 0.000000000000000000e+00
-2.324649141606705438e+00 -2.106038685841513103e-03 0.000000000000000000e+00 9.416957989148008745e-02 1.805152745680600690e+00 0.000000000000000000e+00
-2.328396569009491213e+00 7.956434857491118118e-03 0.000000000000000000e+00 -2.333943967925867363e-02 1.811906899836689178e+00 0.000000000000000000e+00
-2.187982732370601369e+00 7.680340047142780041e-03 0.000000000000000000e+00 -1.396235454791514008e-01 1.638601188639895678e+00 0.000000000000000000e+00
-1.805302140130108146e+00 2.150209554102701370e-03 0.000000000000000000e+00 -2.682419521155124387e-01 1.139352301858725713e+00 0.000000000000000000e+00
-1.517156152354899312e+00 -2.760903391721816758e-03 0.000000000000000000e+00 3.124784384666310366e-01 7.249201482369118654e-01 0.000000000000000000e+00
-2.054347173871683196e+00 -4.795696204211517821e-03 0.000000000000000000e+00 1.958688006847265350e-01 1.469233776154709403e+00 0.000000000000000000e+00
-2.294101778671282510e+00 3.002847816848182305e-03 0.000000000000000000e+00 8.167026038152659650e-02 1.769504224437044027e+00 0.000000000000000000e+00
-2.263158012110402240e+00 9.224895296585169935e-04 0.000000000000000000e+00 -1.476115383682820997e-02 1.734500437834403108e+00 0.000000000000000000e+00
-2.216701075518907160e+00 6.797012456483971996e-03 0.000000000000000000e+00 -9.137999656355881573e-02 1.676544346821691178e+00 0.000000000000000000e+00
-2.036778652237704268e+00 -2.471686611729174976e-03 0.000000000000000000e+00 -1.882681699120661301e-01 1.448473758209332107e+00 0.000000000000000000e+00
-1.714414719540684917e+00 -4.391269400986497207e-03 0.000000000000000000e+00 -2.796899280690797185e-01 1.015234432268640186e+00 0.000000000000000000e+00
-1.362592717606304182e+00 -1.801761456280762119e-03 0.000000000000000000e+00 3.052282569202909301e-01 4.841846952089824407e-01 0.000000000000000000e+00
-1.846979551658836538e+00 2.821899937997252028e-03 0.000000000000000000e+00 2.481274904751648858e-01 1.198220465135321877e+00 0.000000000000000000e+00
-2.113232204566307004e+00 6.673798063684295567e-03 0.000000000000000000e+00 1.598838831870270094e-01 1.545881736183972954e+00 0.000000000000000000e+00
