-1.022894264166948730e+00 2.782042264556868795e-04 0.000000000000000000e+00 -5.891294444797277180e-03 6.865668027646176785e-02 0.000000000000000000e+00
-1.098613817549976446e+00 1.657413024496864548e-04 0.000000000000000000e+00 -2.758952748753816173e-02 1.727340136620867383e-01 0.000000000000000000e+00
8.374331461093414974e-01 -3.754543953006037743e-04 0.000000000000000000e+00 5.573129630781568922e-02 3.015146117639749268e-01 0.000000000000000000e+00
8.846760245095086628e-01 5.665253508685529765e-04 0.000000000000000000e+00 -1.648234999877514276e-02 2.207304812801076377e-01 0.000000000000000000e+00
8.806198065764241356e-01 -5.391479282147782805e-04 0.000000000000000000e+00 8.321414845711619379e-02 2.125799570137014705e-01 0.000000000000000000e+00
8.307756613323094008e-01 1.256066500357073392e-04 0.000000000000000000e+00 -2.241869439849229484e-01 2.273197772939815620e-01 0.000000000000000000e+00
6.565626404524116388e-01 -8.543026972588261235e-04 0.000000000000000000e+00 1.224373561573418312e-01 6.817535846516219467e-01 0.000000000000000000e+00
6.706965825764590328e-01 4.351208203734586132e-04 0.000000000000000000e+00 -1.551878130547276746e-01 6.406089904313083672e-01 0.000000000000000000e+00
7.925620308792100666e-01 -3.400218281028877243e-04 0.000000000000000000e+00 2.340059256413823952e-01 3.172807894677067697e-01 0.000000000000000000e+00
7.699706579614091773e-01 -6.237641156724132302e-04 0.000000000000000000e+00 2.977394350903883602e-01 3.244371159848775665e-01 0.000000000000000000e+00
5.133634980085404198e-01 -2.223018371774966064e-03 0.000000000000000000e+00 1.567640586962447680e-01 1.065810049031118645e+00 0.000000000000000000e+00
5.508712085223421706e-01 -3.540935215075373572e-03 0.000000000000000000e+00 -2.837263891875830280e-01 9.247215227722106468e-01 0.000000000000000000e+00
6.552387091850926382e-01 -2.864545215308903978e-03 0.000000000000000000e+00 3.809631296537842049e-01 5.822814990255891221e-01 0.000000000000000000e+00
4.922157850038487714e-01 4.999143328233200331e-03 0.000000000000000000e+00 -1.582387161888470020e-02 1.142775197380315744e+00 0.000000000000000000e+00
6.754335041896168956e-01 -1.452388780791145917e-03 0.000000000000000000e+00 -3.722890642248620763e-01 5.304482824266200103e-01 0.000000000000000000e+00
5.548704843399230313e-01 -1.506233005220226646e-03 0.000000000000000000e+00 2.897260247671585853e-01 9.110525693135660408e-01 0.000000000000000000e+00
5.128444414307006261e-01 3.430187999477253905e-03 0.000000000000000000e+00 -1.276099277171923729e-01 1.071260241491745813e+00 0.000000000000000000e+00
7.079974133913160550e-01 -1.739483697926719891e-03 0.000000000000000000e+00 -3.431903459030937187e-01 4.596939397496541679e-01 0.000000000000000000e+00
6.408780895827889124e-01 2.767597288262320376e-03 0.000000000000000000e+00 3.347051341030377047e-01 6.494761505555163295e-01 0.000000000000000000e+00
5.311329895023805259e-01 9.119946382035327287e-04 0.000000000000000000e+00 1.305098998441266422e-01 1.015854136351598935e+00 0.000000000000000000e+00
5.382030397404531374e-01 2.907714278006576572e-03 0.000000000000000000e+00 -1.781925799644802355e-01 9.876131763807048936e-01 0.000000000000000000e+00
6.740343834132197509e-01 -6.895073951419927044e-04 0.000000000000000000e+00 -3.384926141539846833e-01 5.564584069794800136e-01 0.000000000000000000e+00
7.101045366111942148e-01 -2.163502322176501930e-04 0.000000000000000000e+00 3.382239914161461192e-01 4.575278708754340617e-01 0.000000000000000000e+00
5.228609593351147833e-01 2.084951401708537780e-03 0.000000000000000000e+00 1.517569785463970256e-01 1.037640838840315549e+00 0.000000000000000000e+00
5.393742504291419992e-01 4.578850887570197654e-03 0.000000000000000000e+00 -2.377311198872162357e-01 9.714748902346066473e-01 0.000000000000000000e+00
7.955320264214928994e-01 6.749774276906730236e-05 0.000000000000000000e+00 3.123286978073483988e-01 2.306744389566113829e-01 0.000000000000000000e+00
7.867704220006853655e-01 8.594738715678377876e-04 0.000000000000000000e+00 -3.099717309619371419e-01 2.621137333641818667e-01 0.000000000000000000e+00
5.995923150558171155e-01 1.216413796999776028e-03 0.000000000000000000e+00 3.049173453759986274e-01 7.773054678966564435e-01 0.000000000000000000e+00
5.278547010596053024e-01 3.189610480235775467e-03 0.000000000000000000e+00 6.962634164240866230e-02 1.031485388454864038e+00 0.000000000000000000e+00
5.498002380465312200e-01 8.775710548382716775e-04 0.000000000000000000e+00 -2.086943007297972219e-01 9.476214843888348671e-01 0.000000000000000000e+00
6.924974499379752402e-01 -1.347274410784379470e-03 0.000000000000000000e+00 -3.307590131329070093e-01 5.109694307323291440e-01 0.000000000000000000e+00
7.578181445630391977e-01 5.375905973545678368e-04 0.000000000000000000e+00 3.163967825136482781e-01 3.417089119527089713e-01 0.000000000000000000e+00
4.968663312871383630e-01 -2.389028266076291714e-03 0.000000000000000000e+00 9.430666554496093534e-02 1.124311975319065127e+00 0.000000000000000000e+00
5.980838523261131634e-01 -2.205090252869839479e-03 0.000000000000000000e+00 -3.653714252734633350e-01 7.551632069685754178e-01 0.000000000000000000e+00
5.600186705602627768e-01 2.347097229469883879e-03 0.000000000000000000e+00 3.213763735353070694e-01 8.850566814045011110e-01 0.000000000000000000e+00
5.078145945404168859e-01 -5.011512907293440115e-03 0.000000000000000000e+00 -1.531995696034562648e-01 1.083399501104549856e+00 0.000000000000000000e+00
7.660729992479802242e-01 -5.298629259808951275e-04 0.000000000000000000e+00 3.438659221527062271e-01 2.878443293632941824e-01 0.000000000000000000e+00
7.958387968648467092e-01 -6.443980238714543118e-04 0.000000000000000000e+00 -3.306308106440352113e-01 2.024007736189337436e-01 0.000000000000000000e+00
4.733749890122476156e-01 1.056513123160498103e-03 0.000000000000000000e+00 -1.445273876461843424e-02 1.203902007150395193e+00 0.000000000000000000e+00
7.479402130209700239e-01 -1.925227711699769272e-04 0.000000000000000000e+00 3.719027250846177468e-01 3.137619157085630439e-01 0.000000000000000000e+00
7.982950226871150523e-01 5.836401346122129397e-04 0.000000000000000000e+00 -3.386257143671946857e-01 1.784084360725947116e-01 0.000000000000000000e+00
4.604733250927225963e-01 8.151825046093215746e-04 0.000000000000000000e+00 -1.894559603709073392e-01 1.232807937038800095e+00 0.000000000000000000e+00
5.075345554258342551e-01 -4.757206248832248144e-03 0.000000000000000000e+00 3.842480624183660654e-01 1.025439618047673918e+00 0.000000000000000000e+00
5.601187680845023387e-01 2.910733916952239382e-03 0.000000000000000000e+00 -4.391667118441895945e-01 8.326014085916368934e-01 0.000000000000000000e+00
4.538842586784409550e-01 -1.428828574305733221e-03 0.000000000000000000e+00 8.063084873156342591e-02 1.267310895374443636e+00 0.000000000000000000e+00
6.677355603851524712e-01 1.010767140317656021e-03 0.000000000000000000e+00 4.366180134793302692e-01 5.030742196588173787e-01 0.000000000000000000e+00
4.761162856493514894e-01 -5.494091113549901678e-04 0.000000000000000000e+00 -3.474799627828755177e-01 1.143346597850369850e+00 0.000000000000000000e+00
4.440405739224613235e-01 4.460457352351569933e-03 0.000000000000000000e+00 1.663760789842478327e-01 1.293587158305284923e+00 0.000000000000000000e+00
6.301346481040804859e-01 -1.749835152523495502e-04 0.000000000000000000e+00 4.709997045047351061e-01 5.928816991618622856e-01 0.000000000000000000e+00
4.931977260588145118e-01 2.851664948002035661e-03 0.000000000000000000e+00 -4.341354881846828384e-01 1.053952289929841690e+00 0.000000000000000000e+00
4.250477825844528601e-01 -1.333369300754296514e-03 0.000000000000000000e+00 6.740885713627376222e-03 1.373125092399148262e+00 0.000000000000000000e+00
4.985612733387152495e-01 3.320452515074614683e-03 0.000000000000000000e+00 4.302123561020610443e-01 1.037285184031156771e+00 0.000000000000000000e+00
6.217149924627543012e-01 2.257342111091189055e-03 0.000000000000000000e+00 -4.767144391111844959e-01 6.151843984102017826e-01 0.000000000000000000e+00
4.417828328151285344e-01 4.270857920050861317e-03 0.000000000000000000e+00 -1.804276710166015651e-01 1.299798212653134444e+00 0.000000000000000000e+00
4.743202296495084291e-01 3.087998282207887052e-03 0.000000000000000000e+00 3.402058748099515695e-01 1.151666709964712654e+00 0.000000000000000000e+00
6.777171127374109760e-01 2.255020831202142213e-03 0.000000000000000000e+00 -4.325562903021030192e-01 4.753955621233411089e-01 0.000000000000000000e+00
4.556502887892761033e-01 1.664867879920725255e-03 0.000000000000000000e+00 -7.980101691342422754e-02 1.261255926878185329e+00 0.000000000000000000e+00
5.710375853293278015e-01 2.404010069058493560e-03 0.000000000000000000e+00 4.342626961656664841e-01 8.010658443720058974e-01 0.000000000000000000e+00
5.033283821897786003e-01 1.260156079691533010e-03 0.000000000000000000e+00 -3.641265603917852589e-01 1.046586649893141097e+00 0.000000000000000000e+00
4.661457325572825328e-01 3.879035226485083587e-03 0.000000000000000000e+00 2.094192144085295915e-01 1.210058322949033371e+00 0.000000000000000000e+00
7.158577601119181510e-01 -1.559771704642976507e-03 0.000000000000000000e+00 -3.867812755625307242e-01 3.996811364816240109e-01 0.000000000000000000e+00
4.824051272978069349e-01 -8.139415304924081315e-04 0.000000000000000000e+00 8.621881292645364181e-02 1.171263243557830513e+00 0.000000000000000000e+00
6.564620739221569412e-01 4.265190953711972544e-04 0.000000000000000000e+00 -3.937942961852633483e-01 5.701420257803884173e-01 0.000000000000000000e+00
5.156286351112211452e-01 1.652251217403089868e-03 0.000000000000000000e+00 2.236068516648674898e-01 1.046804858101209490e+00 0.000000000000000000e+00
5.396687407846365581e-01 1.320778052825662997e-03 0.000000000000000000e+00 -3.015551947894463680e-01 9.527639249396985255e-01 0.000000000000000000e+00
5.995775096614943678e-01 2.221545708731401808e-03 0.000000000000000000e+00 3.753960626395491662e-01 7.458688510245703451e-01 0.000000000000000000e+00
4.940131330643333651e-01 -3.479391436188852479e-04 0.000000000000000000e+00 -1.162376242782126312e-01 1.131319320874183187e+00 0.000000000000000000e+00
7.556235322286298794e-01 1.442047219608239049e-03 0.000000000000000000e+00 3.555065454453107954e-01 3.079110091346780043e-01 0.000000000000000000e+00
8.090776206048426733e-01 -3.791696694200375785e-04 0.000000000000000000e+00 -3.226953750546670552e-01 1.626433333901356471e-01 0.000000000000000000e+00
4.641410242615438553e-01 -2.662580703691862921e-04 0.000000000000000000e+00 -1.177222950109754335e-01 1.229220377703144962e+00 0.000000000000000000e+00
5.717886517310100114e-01 -1.780494250163363202e-03 0.000000000000000000e+00 4.292084884655134047e-01 8.014645563422514440e-01 0.000000000000000000e+00
4.980140779983154298e-01 5.257096798849320192e-03 0.000000000000000000e+00 -3.385306437445468886e-01 1.072446405261453073e+00 0.000000000000000000e+00
4.819962271670781284e-01 -2.510129277791142352e-03 0.000000000000000000e+00 2.758590566929558507e-01 1.142934093967498121e+00 0.000000000000000000e+00
6.186141767985828821e-01 -3.429294553256752309e-04 0.000000000000000000e+00 -4.321401322259530442e-01 6.566788283354343392e-01 0.000000000000000000e+00
4.659823711193526452e-01 -4.845111113383237730e-03 0.000000000000000000e+00 8.468477616769284899e-02 1.225633090843361028e+00 0.000000000000000000e+00
7.945676344429211113e-01 4.640947656069655935e-04 0.000000000000000000e+00 3.359862180580567292e-01 1.984470587133027042e-01 0.000000000000000000e+00
7.591356566870079980e-01 1.296981906327875165e-03 0.000000000000000000e+00 -3.554530834323509914e-01 2.965766373257771038e-01 0.000000000000000000e+00
4.898775659744116773e-01 -3.515642818457606622e-03 0.000000000000000000e+00 1.022433979418086586e-01 1.145815798154895093e+00 0.000000000000000000e+00
6.173192666561357900e-01 -1.505825062703761152e-04 0.000000000000000000e+00 -3.870310174488776900e-01 6.879999210452212299e-01 0.000000000000000000e+00
5.296991608716293820e-01 -1.189209335757304004e-03 0.000000000000000000e+00 2.761336029750995902e-01 9.906653102986291426e-01 0.000000000000000000e+00
-9.406229579166786037e-01 1.262519621725992662e-04 0.000000000000000000e+00 -8.473035973681826427e-02 8.417188980271654575e-02 0.000000000000000000e+00
5.220986917443680708e-01 3.334540544417427359e-03 0.000000000000000000e+00 -2.568651590199917401e-01 1.019070322835095244e+00 0.000000000000000000e+00
6.330933854438332009e-01 -1.411661090414961361e-03 0.000000000000000000e+00 3.931427995260777797e-01 6.385159694368134353e-01 0.000000000000000000e+00
4.869968167964703332e-01 1.940335720321800100e-04 0.000000000000000000e+00 -8.815415501922391206e-02 1.156269998869005278e+00 0.000000000000000000e+00
7.515665089690366507e-01 6.187611817140108161e-04 0.000000000000000000e+00 3.617207107561617452e-01 3.138291040565359125e-01 0.000000000000000000e+00
8.085688447949899160e-01 9.394866365910071321e-05 0.000000000000000000e+00 -3.247694473380902114e-01 1.607365758732648697e-01 0.000000000000000000e+00
4.619356046014447825e-01 5.440909595681399022e-03 0.000000000000000000e+00 -1.535138485278302878e-01 1.232679517774348366e+00 0.000000000000000000e+00
5.463746937110880442e-01 2.548919559471101576e-03 0.000000000000000000e+00 4.106476089204705859e-01 8.899082433973628525e-01 0.000000000000000000e+00
5.189440331055605871e-01 -2.751267104793841956e-03 0.000000000000000000e+00 -3.751586043200779708e-01 9.918443878830938143e-01 0.000000000000000000e+00
4.692433589557747364e-01 4.805084780514279341e-03 0.000000000000000000e+00 1.987881400674549326e-01 1.201308900708643046e+00 0.000000000000000000e+00
6.946938366082364702e-01 6.197248053128392997e-04 0.000000000000000000e+00 -3.997480607646487494e-01 4.523680137913661525e-01 0.000000000000000000e+00
4.816132405115186588e-01 2.763366245087528136e-03 0.000000000000000000e+00 8.827845838541760470e-02 1.173663555452137297e+00 0.000000000000000000e+00
6.579218451132358148e-01 1.311999140315224174e-03 0.000000000000000000e+00 -3.956625883284479173e-01 5.645844114516647139e-01 0.000000000000000000e+00
5.114632080753025445e-01 -4.260806340370762620e-03 0.000000000000000000e+00 2.221410236402806271e-01 1.060004615700450792e+00 0.000000000000000000e+00
5.430527259346105140e-01 4.384162364685299795e-03 0.000000000000000000e+00 -3.166660251987918340e-01 9.375165903646849319e-01 0.000000000000000000e+00
5.856652318623797315e-01 -2.941042561715382156e-03 0.000000000000000000e+00 3.732153345446098669e-01 7.877567599618728877e-01 0.000000000000000000e+00
4.962751486096239062e-01 -3.650406018052966377e-04 0.000000000000000000e+00 -1.356463039965490336e-01 1.121970942548396355e+00 0.000000000000000000e+00
7.269391267430251879e-01 -1.485965680620381785e-03 0.000000000000000000e+00 3.748655600875949734e-01 3.772511870520075528e-01 0.000000000000000000e+00
4.644913880027756736e-01 4.106811113189981835e-03 0.000000000000000000e+00 -1.767464985433545577e-01 1.220877736347420361e+00 0.000000000000000000e+00
5.355198789473971654e-01 3.179961202914874385e-03 0.000000000000000000e+00 3.972176038617811211e-01 9.301057254357116832e-01 0.000000000000000000e+00
-9.404516600360790513e-01 -6.488330525545519915e-05 0.000000000000000000e+00 -5.148300539549915955e-02 1.080700128491779016e-01 0.000000000000000000e+00
5.275118822572796295e-01 -1.078654147160979654e-03 0.000000000000000000e+00 -3.904073614428559269e-01 9.584349217810677057e-01 0.000000000000000000e+00
4.664137218589981537e-01 -1.523939084086337048e-03 0.000000000000000000e+00 1.887027918747746502e-01 1.212594522374889516e+00 0.000000000000000000e+00
7.127910116287343723e-01 -5.504648464291460319e-04 0.000000000000000000e+00 -3.852460476569159464e-01 4.105474472700300081e-01 0.000000000000000000e+00
4.893899339488713141e-01 2.573256669686427300e-04 0.000000000000000000e+00 1.168049029630348623e-01 1.146029334850831249e+00 0.000000000000000000e+00
6.119680717355406863e-01 2.886132765894511461e-03 0.000000000000000000e+00 -3.928588537713412210e-01 7.003421740176332122e-01 0.000000000000000000e+00
5.239039250894359512e-01 1.813491245756426902e-03 0.000000000000000000e+00 2.631143920813856507e-01 1.011937564889504149e+00 0.000000000000000000e+00
-9.451253829688817110e-01 -3.113509774726138692e-04 0.000000000000000000e+00 6.117258425545465950e-02 9.424612649092109495e-02 0.000000000000000000e+00
5.280702170248778859e-01 3.118536807594135540e-03 0.000000000000000000e+00 -2.844435136021776778e-01 9.932867583101891995e-01 0.000000000000000000e+00
6.017175442943655250e-01 -1.219697800225703031e-03 0.000000000000000000e+00 3.858413992492836231e-01 7.342418016186094132e-01 0.000000000000000000e+00
4.920611936033231215e-01 -2.695484174356636495e-03 0.000000000000000000e+00 -1.242405977747718937e-01 1.136668872960527876e+00 0.000000000000000000e+00
7.113389809321435386e-01 5.096641880866469021e-04 0.000000000000000000e+00 3.848133989333509808e-01 4.153676027778195889e-01 0.000000000000000000e+00
4.672479832276581480e-01 1.477873477697599566e-04 0.000000000000000000e+00 -1.767400202676810417e-01 1.211575040029887695e+00 0.000000000000000000e+00
5.356612368021288484e-01 -2.168264984884073210e-03 0.000000000000000000e+00 4.029034260326314065e-01 9.272240573261001373e-01 0.000000000000000000e+00
-9.325702912323854399e-01 4.532248610037612445e-04 0.000000000000000000e+00 -9.499346699047335474e-02 9.231505174545054371e-02 0.000000000000000000e+00
5.245292392786808922e-01 -1.357953808860857484e-03 0.000000000000000000e+00 -3.816925191993708610e-01 9.714456416576963127e-01 0.000000000000000000e+00
4.710771055973528298e-01 3.948815378938172992e-03 0.000000000000000000e+00 1.989587208956788977e-01 1.195118399854841140e+00 0.000000000000000000e+00
6.821243466843935899e-01 1.791596615619067343e-04 0.000000000000000000e+00 -4.061857249364649869e-01 4.848643810395001363e-01 0.000000000000000000e+00
4.796561063310159634e-01 -5.029553764485175660e-04 0.000000000000000000e+00 9.284535696477896893e-02 1.179724530133965388e+00 0.000000000000000000e+00
6.688690775620629303e-01 -1.229035518081055336e-03 0.000000000000000000e+00 -3.918355415271047026e-01 5.353795776235957815e-01 0.000000000000000000e+00
5.116527203009191282e-01 3.063045092251109880e-03 0.000000000000000000e+00 2.062421680495046816e-01 1.062650886210933621e+00 0.000000000000000000e+00
5.481729200718379325e-01 -3.502868291382117347e-03 0.000000000000000000e+00 -3.122896286145773748e-01 9.235662040476591006e-01 0.000000000000000000e+00
5.860729392461931919e-01 4.151381441321708339e-04 0.000000000000000000e+00 3.681402836278467872e-01 7.889640033694507171e-01 0.000000000000000000e+00
4.963475104014604122e-01 3.080746826048297998e-03 0.000000000000000000e+00 -1.390101620886761702e-01 1.121300284732388075e+00 0.000000000000000000e+00
7.336939606913310818e-01 -4.469341040410025525e-04 0.000000000000000000e+00 3.700117146054042738e-01 3.612973309188303173e-01 0.000000000000000000e+00
4.638483679913177893e-01 3.759444515017326335e-03 0.000000000000000000e+00 -1.732196408680842792e-01 1.223585738636440379e+00 0.000000000000000000e+00
5.333896184485289460e-01 -2.096593227247908753e-03 0.000000000000000000e+00 4.044995584106210185e-01 9.337587862420181350e-01 0.000000000000000000e+00
-9.402564191959352780e-01 -3.092900388130283545e-04 0.000000000000000000e+00 -5.253643594212410034e-02 1.079151465840414714e-01 0.000000000000000000e+00
5.273412387714671024e-01 -4.296307567336508579e-04 0.000000000000000000e+00 -3.922778484055539083e-01 9.582201579593280227e-01 0.000000000000000000e+00
4.666563517110183801e-01 5.049964037540402746e-03 0.000000000000000000e+00 1.765415739527790295e-01 1.213518368512871870e+00 0.000000000000000000e+00
7.179710737983077129e-01 4.969807953511089227e-04 0.000000000000000000e+00 -3.819211906369754383e-01 3.978861676669243064e-01 0.000000000000000000e+00
4.911340366582823691e-01 -1.870997374206029122e-03 0.000000000000000000e+00 1.242256007670594492e-01 1.139646867161288046e+00 0.000000000000000000e+00
6.061068201839279190e-01 -1.543008923566692100e-03 0.000000000000000000e+00 -3.841183363739872347e-01 7.222919043988027532e-01 0.000000000000000000e+00
5.298738853127851200e-01 3.820753977201437473e-03 0.000000000000000000e+00 2.751738583640556124e-01 9.903628711578973398e-01 0.000000000000000000e+00
-9.453638307538065888e-01 -4.684923995767295460e-04 0.000000000000000000e+00 -6.024628509323798342e-02 9.441038039707613794e-02 0.000000000000000000e+00
5.242606598863732703e-01 -2.417048846363437867e-03 0.000000000000000000e+00 -2.614964745430249371e-01 1.011253453980837769e+00 0.000000000000000000e+00
6.144905698366938118e-01 -2.740665156635669914e-03 0.000000000000000000e+00 3.929620230140576376e-01 6.928942894387335460e-01 0.000000000000000000e+00
4.891652295019294217e-01 -6.942457779249636141e-04 0.000000000000000000e+00 -1.117091812031121983e-01 1.147257623167569296e+00 0.000000000000000000e+00
7.173401931785617913e-01 -1.699040253955538642e-03 0.000000000000000000e+00 3.840339618741497874e-01 3.977814343523152774e-01 0.000000000000000000e+00
4.660913100879633397e-01 -3.777106613969392380e-03 0.000000000000000000e+00 -1.865828875952342258e-01 1.213976834360987578e+00 0.000000000000000000e+00
5.184393486735849876e-01 -3.850233926834697312e-03 0.000000000000000000e+00 3.898224722984139357e-01 9.877847184778463241e-01 0.000000000000000000e+00
5.437176259718549121e-01 -6.725014440331611963e-04 0.000000000000000000e+00 -4.136401189022800295e-01 8.969212472198466735e-01 0.000000000000000000e+00
4.602480006398171897e-01 -6.014480620307790376e-03 0.000000000000000000e+00 1.493585083072402897e-01 1.238944495801991064e+00 0.000000000000000000e+00
7.766113722156453569e-01 -4.160831991306158939e-04 0.000000000000000000e+00 3.584194282473134874e-01 2.314813860655577371e-01 0.000000000000000000e+00
7.575647818359158014e-01 7.020042226211878648e-04 0.000000000000000000e+00 -3.694514609211552170e-01 2.843953683447741909e-01 0.000000000000000000e+00
4.665786463925840621e-01 -2.858330581314853097e-03 0.000000000000000000e+00 -4.586748625414454467e-02 1.225750724711607731e+00 0.000000000000000000e+00
6.488179516243663958e-01 2.276446560294988035e-03 0.000000000000000000e+00 4.260899087789743467e-01 5.695906690787608806e-01 0.000000000000000000e+00
4.756244900210239157e-01 1.748675602786976466e-03 0.000000000000000000e+00 -2.618240625986930636e-01 1.167584398011288549e+00 0.000000000000000000e+00
4.968697278052955912e-01 2.412062444421273193e-03 0.000000000000000000e+00 3.310079890787098744e-01 1.078626014638119024e+00 0.000000000000000000e+00
5.823490649370068883e-01 3.580975528679058995e-04 0.000000000000000000e+00 -4.366576927601206193e-01 7.647041148370912200e-01 0.000000000000000000e+00
4.594333504293154347e-01 -1.171064897729899405e-03 0.000000000000000000e+00 8.351384647428081176e-02 1.248027449821512480e+00 0.000000000000000000e+00
7.161301474208658924e-01 5.281037483670569452e-04 0.000000000000000000e+00 4.055120543737406047e-01 3.797953947638876282e-01 0.000000000000000000e+00
4.656959356349730239e-01 3.542681291899178221e-03 0.000000000000000000e+00 -3.381593946057457334e-01 1.182169263258463499e+00 0.000000000000000000e+00
4.399691483984681240e-01 -1.326360471133923059e-03 0.000000000000000000e+00 1.800656943080113370e-01 1.306449585792064161e+00 0.000000000000000000e+00
6.099953708049892231e-01 -1.240552736940328873e-03 0.000000000000000000e+00 4.816487627028801510e-01 6.488554735407490170e-01 0.000000000000000000e+00
5.048268094561199071e-01 -2.683524173529520246e-03 0.000000000000000000e+00 -4.431461024460634501e-01 1.010587531362455715e+00 0.000000000000000000e+00
4.247038556481774751e-01 -6.604798578673533836e-03 0.000000000000000000e+00 -1.947655684362982823e-02 1.374100666564816997e+00 0.000000000000000000e+00
4.834683043306406969e-01 -2.696773822763270240e-03 0.000000000000000000e+00 4.172616094513739715e-01 1.094141255530375778e+00 0.000000000000000000e+00
6.623098947697787509e-01 -2.427873939304200923e-03 0.000000000000000000e+00 -4.510509275454599454e-01 5.074889666680182376e-01 0.000000000000000000e+00
4.487486244792783796e-01 -6.234787602944294634e-03 0.000000000000000000e+00 -1.596518280097467546e-01 1.277666132280028899e+00 0.000000000000000000e+00
4.882173233989006156e-01 -9.661458451005787776e-04 0.000000000000000000e+00 3.668646724388697766e-01 1.095966370115575295e+00 0.000000000000000000e+00
6.180297828866602172e-01 -2.155601210150279601e-03 0.000000000000000000e+00 -4.538618898170563298e-01 6.436655727211012534e-01 0.000000000000000000e+00
4.486219674068069319e-01 2.306928517321633204e-03 0.000000000000000000e+00 -5.373222814614295878e-02 1.287047851261895026e+00 0.000000000000000000e+00
5.572031035873781235e-01 -2.173068436689636063e-03 0.000000000000000000e+00 4.449468245654898957e-01 8.387717939856450533e-01 0.000000000000000000e+00
5.152780200872491001e-01 -2.711695602350192372e-03 0.000000000000000000e+00 -3.957119939823806609e-01 9.957434755903911139e-01 0.000000000000000000e+00
4.518628429850574113e-01 2.172158002872154325e-03 0.000000000000000000e+00 1.374134701920649571e-01 1.269459066749826448e+00 0.000000000000000000e+00
6.789982152711776520e-01 -7.004413226774988677e-04 0.000000000000000000e+00 4.388090476182063826e-01 4.655645239010364200e-01 0.000000000000000000e+00
4.780817577245159988e-01 -1.612510210348758535e-03 0.000000000000000000e+00 -3.871388723000346310e-01 1.123721221112091273e+00 0.000000000000000000e+00
4.277954554838901968e-01 -6.956511040859150556e-04 0.000000000000000000e+00 7.848959461757215594e-02 1.360726156396710795e+00 0.000000000000000000e+00
5.284692781815329976e-01 -1.936497114394118875e-04 0.000000000000000000e+00 4.693927911537139064e-01 9.191696946487978304e-01 0.000000000000000000e+00
5.667975228386691322e-01 1.035787110876304484e-03 0.000000000000000000e+00 -4.856571046453903029e-01 7.847299620249457153e-01 0.000000000000000000e+00
4.329952735423616694e-01 3.928502350545324054e-03 0.000000000000000000e+00 -1.435051645877618021e-01 1.336204426136287315e+00 0.000000000000000000e+00
4.684517164169857972e-01 -8.539125300926989764e-04 0.000000000000000000e+00 3.556068718390288375e-01 1.167430221688014580e+00 0.000000000000000000e+00
7.100105204068073439e-01 1.383850524143635449e-03 0.000000000000000000e+00 -4.138826440240626070e-01 3.907377601022938296e-01 0.000000000000000000e+00
4.570070871130574863e-01 1.727545835159584320e-04 0.000000000000000000e+00 -1.100789370411822676e-01 1.254307698638874147e+00 0.000000000000000000e+00
5.510745045023994759e-01 -1.502594030178849328e-03 0.000000000000000000e+00 4.275554905599817102e-01 8.670543165032875699e-01 0.000000000000000000e+00
5.152241267622822418e-01 -1.222303334836048749e-03 0.000000000000000000e+00 -3.806951361675875445e-01 1.001771521267315057e+00 0.000000000000000000e+00
4.631311131318637253e-01 1.464962621488870992e-03 0.000000000000000000e+00 1.871928145518245712e-01 1.224027032790669711e+00 0.000000000000000000e+00
8.621340320363521936e-01 -4.616698144458146642e-05 0.000000000000000000e+00 2.572049571818957325e-01 4.405804154573358944e-02 0.000000000000000000e+00
7.350666607970559596e-01 1.577534757434079227e-03 0.000000000000000000e+00 -3.736290058994057861e-01 3.532474402373247946e-01 0.000000000000000000e+00
4.883981008253185929e-01 5.341170227065887913e-03 0.000000000000000000e+00 9.235429885986243259e-02 1.151346804848827343e+00 0.000000000000000000e+00
6.268191283095210231e-01 -2.375795347697915588e-03 0.000000000000000000e+00 -3.893889144947051406e-01 6.590140848161202269e-01 0.000000000000000000e+00
5.223554251906810109e-01 -3.310637274936194425e-03 0.000000000000000000e+00 2.618246999508313522e-01 1.017019442570861631e+00 0.000000000000000000e+00
-9.427606352893722619e-01 3.537583578137423637e-04 0.000000000000000000e+00 7.475757639265549759e-02 8.879870902345404771e-02 0.000000000000000000e+00
5.295919208966223257e-01 -3.623295076961834810e-04 0.000000000000000000e+00 -2.766510081946815247e-01 9.908560220554334386e-01 0.000000000000000000e+00
6.118339380324446797e-01 7.044067648169644036e-04 0.000000000000000000e+00 3.858681808006608205e-01 7.046310492093184052e-01 0.000000000000000000e+00
4.911240956364242294e-01 -4.627392278233180556e-03 0.000000000000000000e+00 -1.036028060845570198e-01 1.141681037513078145e+00 0.000000000000000000e+00
7.402702659043546296e-01 2.393409352342947341e-04 0.000000000000000000e+00 3.680978267362279288e-01 3.427675282235093102e-01 0.000000000000000000e+00
8.482400165138068715e-01 5.127202281082570388e-05 0.000000000000000000e+00 -2.766993026011872470e-01 7.389590197591776322e-02 0.000000000000000000e+00
4.633913173604293778e-01 -3.033916392148967162e-03 0.000000000000000000e+00 -1.717285916017807779e-01 1.225376712915139166e+00 0.000000000000000000e+00
5.246545077055250195e-01 1.176261589814318106e-03 0.000000000000000000e+00 3.921453139103808772e-01 9.668766642004261724e-01 0.000000000000000000e+00
-9.276441197078664214e-01 1.243420652364945339e-04 0.000000000000000000e+00 1.119030760075975517e-01 8.518266903731386286e-02 0.000000000000000000e+00
5.404104942141461088e-01 -3.318515090065853393e-03 0.000000000000000000e+00 -4.078240943808838503e-01 9.099895545215805903e-01 0.000000000000000000e+00
4.601447024599443214e-01 -1.231310134391057527e-03 0.000000000000000000e+00 1.456808002703197102e-01 1.239867519379979965e+00 0.000000000000000000e+00
7.708883438786965359e-01 5.646411355118095138e-04 0.000000000000000000e+00 3.640247781976552188e-01 2.444118221076059250e-01 0.000000000000000000e+00
7.605448672813355238e-01 9.019099709063962966e-05 0.000000000000000000e+00 -3.705999117060605474e-01 2.724771219843298287e-01 0.000000000000000000e+00
4.620513380719216689e-01 2.670216154806242040e-03 0.000000000000000000e+00 -1.031749759390981486e-01 1.237598697099928202e+00 0.000000000000000000e+00
5.800095946455054996e-01 -8.872252351979541610e-04 0.000000000000000000e+00 4.331829586617704786e-01 7.738899767279929787e-01 0.000000000000000000e+00
4.960887501565861557e-01 8.446327624902516019e-04 0.000000000000000000e+00 -3.281429181125602446e-01 1.082085482380795494e+00 0.000000000000000000e+00
4.822048919435766301e-01 2.971479614159762070e-03 0.000000000000000000e+00 2.700765761394263165e-01 1.143614285576190825e+00 0.000000000000000000e+00
6.234291349796685644e-01 -7.203439143531856388e-04 0.000000000000000000e+00 -4.326812147703421596e-01 6.417288452554869016e-01 0.000000000000000000e+00
4.650204835714850105e-01 -3.446769451882415736e-03 0.000000000000000000e+00 7.189810373715582736e-02 1.229736684506206768e+00 0.000000000000000000e+00
7.626894623875383195e-01 -1.097863805255114896e-03 0.000000000000000000e+00 3.664131635381563390e-01 2.705964194965603253e-01 0.000000000000000000e+00
7.712856032893377067e-01 -9.145447522586379677e-05 0.000000000000000000e+00 -3.608174504425246121e-01 2.476758301926182404e-01 0.000000000000000000e+00
4.625292506279299887e-01 3.156846519599891369e-03 0.000000000000000000e+00 -1.075145458317351838e-01 1.235592851031636075e+00 0.000000000000000000e+00
5.780524797445433238e-01 -3.039473302231503714e-03 0.000000000000000000e+00 4.346498010591151595e-01 7.790940783080064769e-01 0.000000000000000000e+00
4.961867322689400006e-01 1.263857033731971384e-03 0.000000000000000000e+00 -3.279098413662755451e-01 1.081830898785812733e+00 0.000000000000000000e+00
4.817235111478397336e-01 -2.790386213658365040e-03 0.000000000000000000e+00 2.798189545605060391e-01 1.142880883353051047e+00 0.000000000000000000e+00
6.215638786577444286e-01 -3.235121031976838368e-03 0.000000000000000000e+00 -4.302185302031324987e-01 6.489987849962317590e-01 0.000000000000000000e+00
4.652700931403361828e-01 -1.631849025180414497e-04 0.000000000000000000e+00 7.151224418779145164e-02 1.228960468817310581e+00 0.000000000000000000e+00
7.686798510474142088e-01 -9.223799355894696933e-04 0.000000000000000000e+00 3.611910421806557858e-01 2.565594821062224806e-01 0.000000000000000000e+00
7.671940501719206607e-01 3.557421681454821672e-04 0.000000000000000000e+00 -3.614616781643024135e-01 2.614754356933302604e-01 0.000000000000000000e+00
4.661530995352765050e-01 2.482180545791744762e-03 0.000000000000000000e+00 -6.225157958802929326e-02 1.226467799969996442e+00 0.000000000000000000e+00
6.372370995962266527e-01 4.847412570266151736e-04 0.000000000000000000e+00 4.301793093814141322e-01 6.016496797654484752e-01 0.000000000000000000e+00
4.784799362228212005e-01 -1.471539441025435796e-03 0.000000000000000000e+00 -2.605315780648833623e-01 1.158282588088580312e+00 0.000000000000000000e+00
4.982408169820041755e-01 2.567372234769330769e-05 0.000000000000000000e+00 3.350806577394640495e-01 1.072880736560012593e+00 0.000000000000000000e+00
5.757568262352318333e-01 2.297721682586662938e-03 0.000000000000000000e+00 -4.349454320945856933e-01 7.860487372837475784e-01 0.000000000000000000e+00
4.609120903238319578e-01 -3.536955734154191046e-03 0.000000000000000000e+00 1.031083252737467759e-01 1.241467366417152496e+00 0.000000000000000000e+00
7.482523169761741144e-01 1.370102755083897964e-03 0.000000000000000000e+00 3.809358187441701515e-01 3.016762399448852383e-01 0.000000000000000000e+00
7.831051381730691485e-01 3.471706887353143839e-04 0.000000000000000000e+00 -3.581762306454079337e-01 2.064179266409547631e-01 0.000000000000000000e+00
4.599717241438877058e-01 -3.893461609165243392e-03 0.000000000000000000e+00 -2.326081935941350931e-01 1.227093381590051324e+00 0.000000000000000000e+00
4.748320274378333705e-01 -3.985391881141202991e-03 0.000000000000000000e+00 3.230295516688245216e-01 1.154825819183967983e+00 0.000000000000000000e+00
6.569204421604190047e-01 -7.711856169220791465e-04 0.000000000000000000e+00 -4.359936198429854581e-01 5.371570131716907337e-01 0.000000000000000000e+00
4.569734182336512851e-01 -3.076914911799238581e-03 0.000000000000000000e+00 -2.731949391746698805e-02 1.258910901747039457e+00 0.000000000000000000e+00
6.066853195030083024e-01 -2.820354448511206216e-03 0.000000000000000000e+00 4.466055633452715723e-01 6.836306742664286507e-01 0.000000000000000000e+00
4.862852193866826767e-01 2.756526354270995380e-03 0.000000000000000000e+00 -3.250878617080567023e-01 1.115504879539910288e+00 0.000000000000000000e+00
4.719453830942968997e-01 -1.436577014195969566e-03 0.000000000000000000e+00 2.637801398163853728e-01 1.179606039558005026e+00 0.000000000000000000e+00
6.663467143134462756e-01 1.453877191067268898e-03 0.000000000000000000e+00 -4.237191006279390493e-01 5.182338298012199029e-01 0.000000000000000000e+00
4.665504678105404368e-01 -3.433241726939571109e-03 0.000000000000000000e+00 3.579225193469955102e-02 1.226169246379219757e+00 0.000000000000000000e+00
7.373593640083535572e-01 -1.622925634019484371e-04 0.000000000000000000e+00 3.844651558328960328e-01 3.339345376258685549e-01 0.000000000000000000e+00
8.120271670691374677e-01 6.675954059562263111e-05 0.000000000000000000e+00 -3.261297257974142827e-01 1.416949558624639727e-01 0.000000000000000000e+00
4.604346119699861406e-01 2.741551777050891571e-03 0.000000000000000000e+00 -2.590496610519288367e-01 1.220203033770669965e+00 0.000000000000000000e+00
4.690623510212961200e-01 -4.253817645822995791e-03 0.000000000000000000e+00 3.053543969570385874e-01 1.179391747970671922e+00 0.000000000000000000e+00
6.853913607672093011e-01 -2.223277645855643771e-04 0.000000000000000000e+00 -4.190431637647156204e-01 4.636904992540389348e-01 0.000000000000000000e+00
4.622593914425043859e-01 2.708922956768215762e-03 0.000000000000000000e+00 -2.250244516831047259e-02 1.240980270789284301e+00 0.000000000000000000e+00
6.515504722008110816e-01 1.180845424523063215e-03 0.000000000000000000e+00 4.306518706878735281e-01 5.578421928852153044e-01 0.000000000000000000e+00
4.762143344770407016e-01 -2.215133629280707610e-03 0.000000000000000000e+00 -2.785169956113384693e-01 1.161720031680056220e+00 0.000000000000000000e+00
4.791617424763495725e-01 -4.584736228196611627e-03 0.000000000000000000e+00 3.071274056271314778e-01 1.144439905172632166e+00 0.000000000000000000e+00
6.314859132261654295e-01 -4.301265795390220997e-04 0.000000000000000000e+00 -4.391822112633386732e-01 6.126978959702067407e-01 0.000000000000000000e+00
4.590799036457003379e-01 5.089704687239863558e-03 0.000000000000000000e+00 1.060876883289295185e-02 1.251889484394531848e+00 0.000000000000000000e+00
6.621495053536874398e-01 2.440326901645485311e-03 0.000000000000000000e+00 4.302824374935498852e-01 5.257081063436424007e-01 0.000000000000000000e+00
4.744095746013705650e-01 8.457366373088963385e-04 0.000000000000000000e+00 -3.058506846317243788e-01 1.160987848692276447e+00 0.000000000000000000e+00
4.640135767733509775e-01 -2.564817363473799721e-03 0.000000000000000000e+00 2.622450792337521763e-01 1.207109195984790606e+00 0.000000000000000000e+00
7.175266655096349533e-01 -4.612505516243287518e-04 0.000000000000000000e+00 -3.926760021706650061e-01 3.886811313817548630e-01 0.000000000000000000e+00
4.725290557084430576e-01 -3.503954177319171595e-03 0.000000000000000000e+00 3.353762096537261927e-02 1.206287906664021747e+00 0.000000000000000000e+00
8.176820408227452042e-01 7.404462878870254894e-04 0.000000000000000000e+00 3.085760462691567452e-01 1.532471309790315872e-01 0.000000000000000000e+00
7.619081360221037214e-01 3.232085740990581820e-04 0.000000000000000000e+00 -3.391388802624549781e-01 3.065277571109299992e-01 0.000000000000000000e+00
5.338977747553192987e-01 -3.158941363711568855e-03 0.000000000000000000e+00 2.324077543871272133e-01 9.891562462867053984e-01 0.000000000000000000e+00
5.242518080924567503e-01 1.508221558771432897e-03 0.000000000000000000e+00 -1.892304779210689236e-01 1.027265813965998920e+00 0.000000000000000000e+00
8.764007110725084981e-01 -1.825123537215432839e-04 0.000000000000000000e+00 2.296595764781154680e-01 5.268872368136162665e-02 0.000000000000000000e+00
7.829197717025503378e-01 -1.146569438134074220e-03 0.000000000000000000e+00 -2.820383800239986138e-01 3.027636203562182882e-01 0.000000000000000000e+00
6.908999304940075525e-01 -1.377170342761828079e-03 0.000000000000000000e+00 -2.722928616870397001e-01 5.484629800542799583e-01 0.000000000000000000e+00
6.098373345979009041e-01 2.349330171367984207e-03 0.000000000000000000e+00 -1.469682286207852351e-01 7.949887357067536575e-01 0.000000000000000000e+00
5.954756259044554634e-01 3.052843640691457749e-03 0.000000000000000000e+00 4.851977325559831550e-02 8.443288925387386623e-01 0.000000000000000000e+00
6.419205114078851970e-01 1.698263257719091063e-03 0.000000000000000000e+00 2.226779146695764267e-01 6.932218579597375641e-01 0.000000000000000000e+00
7.542705800683865425e-01 2.494463145488231420e-04 0.000000000000000000e+00 2.841445821700926411e-01 3.783639254638772043e-01 0.000000000000000000e+00
6.203522026763867991e-01 9.653180388311671800e-05 0.000000000000000000e+00 3.021768265138505827e-01 7.209478147548817883e-01 0.000000000000000000e+00
5.526428068849578157e-01 3.190159705233228289e-03 0.000000000000000000e+00 1.625558329089877851e-01 9.484361176316582487e-01 0.000000000000000000e+00
5.366848285396883522e-01 -4.906836726491428137e-03 0.000000000000000000e+00 -3.100299705746083559e-02 1.007448485446711839e+00 0.000000000000000000e+00
5.688360057901526989e-01 -2.042954413405753678e-04 0.000000000000000000e+00 -2.230540532689078981e-01 8.896977657792743965e-01 0.000000000000000000e+00
6.577466447992512677e-01 1.805400407229111950e-03 0.000000000000000000e+00 -3.205521807261303424e-01 6.108417036614703921e-01 0.000000000000000000e+00
7.856231514050447950e-01 3.279306355698750897e-04 0.000000000000000000e+00 -2.505232970579959195e-01 3.223857040406534202e-01 0.000000000000000000e+00
6.226870928916936609e-01 4.915446672155683941e-04 0.000000000000000000e+00 1.163276317585227281e-02 7.757303455995543384e-01 0.000000000000000000e+00
8.213223574212935585e-01 1.172552730761919609e-03 0.000000000000000000e+00 2.382372848613273364e-01 2.390166584824886531e-01 0.000000000000000000e+00
8.240882027936253795e-01 -7.484854860070710818e-04 0.000000000000000000e+00 -2.263214891020392250e-01 2.430773814585411308e-01 0.000000000000000000e+00
6.597646438165276628e-01 7.252707179463274700e-04 0.000000000000000000e+00 1.292878976724142204e-01 6.727081928028200153e-01 0.000000000000000000e+00
6.661555232791613879e-01 3.074956717031443985e-03 0.000000000000000000e+00 -1.479915079462375271e-01 6.532790473001131026e-01 0.000000000000000000e+00
8.025503841728496290e-01 -8.559961097417950054e-04 0.000000000000000000e+00 2.326647649969558473e-01 2.931901110749772776e-01 0.000000000000000000e+00
6.370377347964788495e-01 2.805198650632200960e-03 0.000000000000000000e+00 3.138400125315383149e-01 6.702507867144106291e-01 0.000000000000000000e+00
5.536492097599821083e-01 1.012280263458302000e-03 0.000000000000000000e+00 1.807238416134245296e-01 9.422775860160436112e-01 0.000000000000000000e+00
5.344151449324634484e-01 -2.646115726602411584e-03 0.000000000000000000e+00 -3.089687813233515240e-02 1.014111289511760994e+00 0.000000000000000000e+00
5.708552600982397252e-01 -1.968423356129732002e-03 0.000000000000000000e+00 -2.328640489531885183e-01 8.814529418159227081e-01 0.000000000000000000e+00
6.779977140455406559e-01 -1.835379369912196190e-03 0.000000000000000000e+00 -3.219341142991147264e-01 5.555481704552325262e-01 0.000000000000000000e+00
8.103822270870664202e-01 1.119449533178299913e-03 0.000000000000000000e+00 -2.172578395228755843e-01 2.855643113899724583e-01 0.000000000000000000e+00
-9.717393417461270833e-01 -1.967647146524005054e-05 0.000000000000000000e+00 4.940819005715874068e-02 5.691609307257101263e-02 0.000000000000000000e+00
7.918120926788955183e-01 -1.076105552398743011e-03 0.000000000000000000e+00 2.188654602441675590e-01 3.297426883695327993e-01 0.000000000000000000e+00
6.808624177820761236e-01 -1.486660171052071704e-03 0.000000000000000000e+00 -2.479876123650248121e-01 5.850472796023762356e-01 0.000000000000000000e+00
6.044867928401810309e-01 -3.364943248502355426e-03 0.000000000000000000e+00 -2.872309063237538790e-02 8.217311717939701499e-01 0.000000000000000000e+00
6.507943455738844918e-01 2.222678907635298150e-03 0.000000000000000000e+00 2.116835101889916193e-01 6.740836242938987866e-01 0.000000000000000000e+00
8.651003116239086577e-01 -8.170669638796375367e-04 0.000000000000000000e+00 -1.032953735832220221e-01 2.338266214288678979e-01 0.000000000000000000e+00
8.288551252454294804e-01 6.324530001890283151e-04 0.000000000000000000e+00 4.813624271614153766e-02 3.193580927448376738e-01 0.000000000000000000e+00
-9.986592189031231470e-01 -2.067313775383713709e-04 0.000000000000000000e+00 9.459649843081186123e-04 5.683405424056950372e-02 0.000000000000000000e+00
8.293427036393565821e-01 -1.448648506345262890e-03 0.000000000000000000e+00 -4.833291050978132108e-02 3.183822473938248132e-01 0.000000000000000000e+00
8.687579936423760474e-01 -7.111733590239519009e-05 0.000000000000000000e+00 1.056089209683907792e-01 2.255979431913640587e-01 0.000000000000000000e+00
8.416387216452426712e-01 -4.293240087961385388e-04 0.000000000000000000e+00 -2.493963648041749581e-01 1.644370916781188185e-01 0.000000000000000000e+00
7.726077659437164957e-01 3.016906617520189252e-04 0.000000000000000000e+00 -2.501091253433934680e-01 3.558071868321932008e-01 0.000000000000000000e+00
6.272596228387834483e-01 -3.667987250447128471e-04 0.000000000000000000e+00 4.626164423941285520e-02 7.629514037302533858e-01 0.000000000000000000e+00
8.336612679391328662e-01 -1.175855719788670246e-03 0.000000000000000000e+00 -1.529378757255061561e-01 2.740029388817073475e-01 0.000000000000000000e+00
7.644539360552915497e-01 4.595514765472511962e-04 0.000000000000000000e+00 -5.988161739898310854e-02 4.478344304657821962e-01 0.000000000000000000e+00
7.969249782457314968e-01 -6.839449389461332157e-04 0.000000000000000000e+00 1.231259560503247114e-01 3.653128792602017283e-01 0.000000000000000000e+00
7.288072026680858517e-01 -1.112102337732587785e-03 0.000000000000000000e+00 5.443671707052839120e-02 5.249437696278878018e-01 0.000000000000000000e+00
7.430112757223319431e-01 1.308688942004379574e-03 0.000000000000000000e+00 -9.048321475698670180e-02 4.887926153885872038e-01 0.000000000000000000e+00
7.990197408799517564e-01 7.422232319540394974e-04 0.000000000000000000e+00 -1.186096574620837396e-01 3.624025326857305274e-01 0.000000000000000000e+00
7.867735690250938774e-01 -1.001628172985129760e-03 0.000000000000000000e+00 1.024560539532870240e-01 3.928041054398722642e-01 0.000000000000000000e+00
7.980385014826050227e-01 -4.243196462209381306e-04 0.000000000000000000e+00 1.462325308961259784e-01 3.542859432636372707e-01 0.000000000000000000e+00
7.483842875478873280e-01 -1.731766975232922447e-03 0.000000000000000000e+00 -1.360860148488859112e-01 4.661806850507652644e-01 0.000000000000000000e+00
7.565909913389412544e-01 -1.608847187416148627e-03 0.000000000000000000e+00 1.484033553511467929e-01 4.441455409031964674e-01 0.000000000000000000e+00
8.192928733373208150e-01 -5.228323931814049530e-04 0.000000000000000000e+00 -1.373320724432519624e-01 3.125670775411050761e-01 0.000000000000000000e+00
7.666354408552196187e-01 -1.911488978547887935e-03 0.000000000000000000e+00 5.923229541214326821e-02 4.433362391161602689e-01 0.000000000000000000e+00
8.654232111059985133e-01 -6.444421365902411325e-04 0.000000000000000000e+00 1.548876115814339371e-01 2.026311678025780327e-01 0.000000000000000000e+00
1.002677069779075447e+00 7.902207596990366498e-04 0.000000000000000000e+00 3.579849053976900120e-01 2.171751855370804285e-01 0.000000000000000000e+00
-1.415980468272711068e+00 -3.197086310134412968e-03 0.000000000000000000e+00 -1.045939197235991047e-01 6.400248202751965820e-01 0.000000000000000000e+00
-1.403227698934095269e+00 -5.187050221298165897e-04 0.000000000000000000e+00 1.118260858749973996e-01 6.204398852490471405e-01 0.000000000000000000e+00
8.605959254670578762e-01 -3.331105045902531129e-04 0.000000000000000000e+00 4.793277260103499804e-03 2.637029909121628712e-01 0.000000000000000000e+00
8.797355743110224502e-01 2.310550395571812909e-05 0.000000000000000000e+00 9.928264131104705403e-02 2.072966323170796765e-01 0.000000000000000000e+00
-1.096161098463002137e+00 -4.011051763485179444e-04 0.000000000000000000e+00 -4.416386836613689360e-02 1.653907469034148758e-01 0.000000000000000000e+00
8.444160050065303569e-01 1.071728391743360931e-03 0.000000000000000000e+00 -1.925687418396200834e-01 2.215292915148683872e-01 0.000000000000000000e+00
7.242205725788017912e-01 -9.758783203590980920e-04 0.000000000000000000e+00 -1.223273498809845372e-01 5.236799915876240163e-01 0.000000000000000000e+00
7.096419921413211762e-01 -2.641300669991908379e-03 0.000000000000000000e+00 8.505861871346176439e-02 5.636133189778894659e-01 0.000000000000000000e+00
8.282087431129481203e-01 3.086342226463669597e-04 0.000000000000000000e+00 1.927142786517606621e-01 2.607115327348248357e-01 0.000000000000000000e+00
8.592875818459400072e-01 -4.871186572246570014e-04 0.000000000000000000e+00 -2.410953946436851791e-01 1.126610637326976028e-01 0.000000000000000000e+00
6.734809961047760751e-01 2.575655460128185165e-03 0.000000000000000000e+00 3.232910838772885542e-01 5.669157125769819228e-01 0.000000000000000000e+00
5.657114028838423625e-01 3.499286261779392324e-03 0.000000000000000000e+00 2.211320374448505488e-01 8.990026728676063783e-01 0.000000000000000000e+00
5.326450166386882401e-01 -3.563518259072475172e-03 0.000000000000000000e+00 1.351692751521430674e-02 1.019651329949849305e+00 0.000000000000000000e+00
5.599837278447767908e-01 -2.164374976580313303e-03 0.000000000000000000e+00 -2.062871242543291572e-01 9.188239653215262148e-01 0.000000000000000000e+00
6.597543964909147185e-01 -2.429566383288587691e-03 0.000000000000000000e+00 -3.227100342038411451e-01 6.042704620505494617e-01 0.000000000000000000e+00
8.482631548652622699e-01 4.706469175823745771e-04 0.000000000000000000e+00 2.527449936781107631e-01 1.346289174117686338e-01 0.000000000000000000e+00
8.256486953094812620e-01 1.161139672225783986e-03 0.000000000000000000e+00 -1.987956979497971788e-01 2.622993631430113326e-01 0.000000000000000000e+00
7.337701041070585628e-01 -2.423991710733947730e-03 0.000000000000000000e+00 -1.404957796167995987e-01 4.975218498133063272e-01 0.000000000000000000e+00
7.028752929213111234e-01 5.766904201400355374e-04 0.000000000000000000e+00 5.459111628473826278e-02 5.826177511989858449e-01 0.000000000000000000e+00
7.972648705515628098e-01 -3.372279093721100053e-04 0.000000000000000000e+00 1.910281855660629358e-01 3.340651260495431929e-01 0.000000000000000000e+00
6.334785699312714957e-01 1.379653273472616730e-03 0.000000000000000000e+00 -1.233368989283418734e-03 7.488787855513230340e-01 0.000000000000000000e+00
7.995819118440464779e-01 -5.158950224451767323e-04 0.000000000000000000e+00 -1.891856885343592420e-01 3.297881462574356881e-01 0.000000000000000000e+00
7.019606860207174837e-01 -6.866127473766706069e-04 0.000000000000000000e+00 -3.674552133760879136e-02 5.860783665295510314e-01 0.000000000000000000e+00
7.508596050580476078e-01 1.345334430437326520e-03 0.000000000000000000e+00 1.602622100555217144e-01 4.528659393290711543e-01 0.000000000000000000e+00
8.071921244897659609e-01 -1.044960217391923199e-03 0.000000000000000000e+00 2.038977508921517301e-01 3.028587938373390465e-01 0.000000000000000000e+00
6.968235575748740196e-01 1.156978709309936220e-03 0.000000000000000000e+00 -2.629218064537813815e-01 5.380436511941057987e-01 0.000000000000000000e+00
6.059125006025050109e-01 3.924654165510455678e-03 0.000000000000000000e+00 -7.212636985105469467e-02 8.153560870209917155e-01 0.000000000000000000e+00
6.308534767550770805e-01 -1.709446925568258203e-03 0.000000000000000000e+00 1.787154878468985297e-01 7.339487103913429067e-01 0.000000000000000000e+00
8.048377542576237165e-01 7.645970840741006525e-05 0.000000000000000000e+00 2.594219012074790998e-01 2.634775172475447569e-01 0.000000000000000000e+00
8.118196525984948675e-01 4.723812344911539410e-04 0.000000000000000000e+00 -2.884975218103111860e-01 2.085693659661637667e-01 0.000000000000000000e+00
6.160348655791747507e-01 -3.280844601643555496e-03 0.000000000000000000e+00 3.167463953613655625e-01 7.265920802675870371e-01 0.000000000000000000e+00
5.377735723635119758e-01 1.186104334671089777e-03 0.000000000000000000e+00 1.267173229756150266e-01 9.968072431288710344e-01 0.000000000000000000e+00
-9.570330018334385347e-01 6.383401163769430661e-05 0.000000000000000000e+00 5.709246940683527019e-03 9.443034274836760444e-02 0.000000000000000000e+00
5.382697670716527494e-01 -3.092588691781946245e-03 0.000000000000000000e+00 -1.266625715710487654e-01 9.953422093559380901e-01 0.000000000000000000e+00
6.174378404386794417e-01 2.182157024723426972e-03 0.000000000000000000e+00 -3.165660281296623912e-01 7.227971949747565850e-01 0.000000000000000000e+00
8.103078176626056228e-01 -1.411426038387371754e-04 0.000000000000000000e+00 2.895584335448491697e-01 2.121583892962427553e-01 0.000000000000000000e+00
8.032923955202211364e-01 6.529454011949039488e-05 0.000000000000000000e+00 -2.641763354227398830e-01 2.630705189656662446e-01 0.000000000000000000e+00
6.460874133009391063e-01 -2.553737967226114673e-03 0.000000000000000000e+00 -2.173816936586305537e-01 6.842415771084817688e-01 0.000000000000000000e+00
5.980837518372839057e-01 6.725009541978573674e-04 0.000000000000000000e+00 -1.439042015737185959e-02 8.387868273135909991e-01 0.000000000000000000e+00
6.350958398858972398e-01 1.416720731200610262e-03 0.000000000000000000e+00 1.983426752372479673e-01 7.179928608118435474e-01 0.000000000000000000e+00
7.769390169135033108e-01 -4.110537452317055383e-05 0.000000000000000000e+00 2.738723087405655066e-01 3.263080826819765301e-01 0.000000000000000000e+00
5.676416009971313459e-01 -3.386634060201188130e-03 0.000000000000000000e+00 2.654234419238364895e-01 8.813911956248793311e-01 0.000000000000000000e+00
5.239188233952991602e-01 -5.067980495531956321e-03 0.000000000000000000e+00 -5.600189225664999049e-03 1.045454121260251279e+00 0.000000000000000000e+00
5.764982520748818118e-01 -1.843478179718774108e-03 0.000000000000000000e+00 -2.748772542380311101e-01 8.531544118067942994e-01 0.000000000000000000e+00
8.690211914954677486e-01 -3.796396032412130330e-04 0.000000000000000000e+00 2.355985662803555258e-01 7.942545213293963902e-02 0.000000000000000000e+00
8.016165936632554390e-01 -1.197177744559213552e-03 0.000000000000000000e+00 -2.462079290249676866e-01 2.843750211663861327e-01 0.000000000000000000e+00
6.219407363614163353e-01 -3.319025096520476694e-03 0.000000000000000000e+00 -2.834602303002542630e-03 7.776709698452834996e-01 0.000000000000000000e+00
7.878258310282655330e-01 -5.664957496257509890e-04 0.000000000000000000e+00 2.506531104811420274e-01 3.166128802403191389e-01 0.000000000000000000e+00
6.353071751247721943e-01 -2.500325294183817354e-03 0.000000000000000000e+00 3.160365151838729347e-01 6.739396705706641733e-01 0.000000000000000000e+00
5.556030390644828287e-01 -3.650914684424274963e-03 0.000000000000000000e+00 1.909750600938454612e-01 9.346145002791835799e-01 0.000000000000000000e+00
5.349948779006638011e-01 -1.284565083718870043e-04 0.000000000000000000e+00 -1.712576920063643010e-02 1.012765944263648521e+00 0.000000000000000000e+00
5.657207032882579645e-01 -4.164102620270250348e-03 0.000000000000000000e+00 -2.121260526067814678e-01 9.011314662880702819e-01 0.000000000000000000e+00
6.575751992833884785e-01 -2.439075489235252754e-03 0.000000000000000000e+00 -3.188536889529526297e-01 6.121891503053542571e-01 0.000000000000000000e+00
8.013771575308566986e-01 -6.649140430812078284e-04 0.000000000000000000e+00 -2.324959568662167131e-01 2.962986997400113287e-01 0.000000000000000000e+00
6.670986433785268677e-01 1.553763113170921091e-03 0.000000000000000000e+00 1.463270162349694647e-01 6.513858363060079926e-01 0.000000000000000000e+00
6.595311570846231763e-01 1.450713654562689383e-03 0.000000000000000000e+00 -1.313068994365088893e-01 6.728833771301843125e-01 0.000000000000000000e+00
8.201626999939266582e-01 6.680955507112479319e-04 0.000000000000000000e+00 2.278429576373596221e-01 2.519894662356201853e-01 0.000000000000000000e+00
8.151592620636358699e-01 -9.312500694529436164e-04 0.000000000000000000e+00 -2.710263694745045360e-01 2.206040057971172530e-01 0.000000000000000000e+00
8.150969231990935482e-01 -1.101358806994814053e-03 0.000000000000000000e+00 -2.038844829943156634e-01 2.839669510980967759e-01 0.000000000000000000e+00
7.646681349789216098e-01 8.457024048927515303e-05 0.000000000000000000e+00 -1.663088789262248679e-01 4.196230242833495772e-01 0.000000000000000000e+00
7.102242149181290376e-01 -1.908665471529586571e-03 0.000000000000000000e+00 6.314270467073652970e-02 5.651876748102026005e-01 0.000000000000000000e+00
8.993588185251527589e-01 3.550764475796481623e-04 0.000000000000000000e+00 1.654133638827429420e-01 1.072189904168994179e-01 0.000000000000000000e+00
1.000692312055591504e+00 2.593055840842019419e-04 0.000000000000000000e+00 3.088078157541240265e-01 1.824474987038847140e-01 0.000000000000000000e+00
-1.421210515812936670e+00 -1.511272608983782809e-03 0.000000000000000000e+00 -1.389767627031473704e-02 6.557562498086946245e-01 0.000000000000000000e+00
-1.297668222664840165e+00 7.504439785533216500e-04 0.000000000000000000e+00 -1.706539804844950659e-01 4.462978523580165557e-01 0.000000000000000000e+00
-1.505313921817074796e+00 1.553444158380473845e-03 0.000000000000000000e+00 -2.819491014095385981e-02 7.726003854456697795e-01 0.000000000000000000e+00
-1.412244464985851655e+00 -3.073429918083701862e-03 0.000000000000000000e+00 1.247783856009006820e-01 6.310106314508330261e-01 0.000000000000000000e+00
-1.757111385675570681e+00 -1.358580433132063059e-03 0.000000000000000000e+00 1.060524818309237227e-01 1.103411238178657605e+00 0.000000000000000000e+00
-1.459011717420824583e+00 -8.962671360073851123e-04 0.000000000000000000e+00 -2.276737442694630187e-01 6.714031206155828269e-01 0.000000000000000000e+00
-1.831886257636951232e+00 4.881537402169371619e-03 0.000000000000000000e+00 1.880356928464491833e-03 1.204442523884980076e+00 0.000000000000000000e+00
-1.469906460371210866e+00 2.042759724745060734e-03 0.000000000000000000e+00 2.258688969315388873e-01 6.880056260711382432e-01 0.000000000000000000e+00
-1.752826079394727232e+00 -2.618526387130174632e-03 0.000000000000000000e+00 -1.113962877991974687e-01 1.097315156228919175e+00 0.000000000000000000e+00
-1.406552888425514958e+00 -2.790471130991803439e-03 0.000000000000000000e+00 1.557022674868793755e-02 6.349721436085423720e-01 0.000000000000000000e+00
-1.108623120455907163e+00 -1.602574885947128866e-04 0.000000000000000000e+00 -7.887150433183826026e-02 1.733454793431384311e-01 0.000000000000000000e+00
9.908507014101585186e-01 -1.259635816388408099e-04 0.000000000000000000e+00 1.424679924917064411e-01 1.701324409067846155e-01 0.000000000000000000e+00
9.024361933265299118e-01 -3.006906754876382051e-04 0.000000000000000000e+00 -8.101363845893103099e-02 1.743381042506905176e-01 0.000000000000000000e+00
9.095996237006189755e-01 3.980153801571052752e-04 0.000000000000000000e+00 8.772203655444804626e-02 1.585665528102970234e-01 0.000000000000000000e+00
9.754433975530611978e-01 -2.860066096070288636e-04 0.000000000000000000e+00 -9.554681028628114747e-02 1.099508818142527350e-01 0.000000000000000000e+00
-1.138739738940678814e+00 6.732536853024424653e-04 0.000000000000000000e+00 1.762362433473668721e-01 1.586523060570773080e-01 0.000000000000000000e+00
-1.102304393806861516e+00 1.473639873205612096e-04 0.000000000000000000e+00 -1.566886738186782924e-01 8.994551545707334117e-02 0.000000000000000000e+00
1.035573930158393274e+00 -1.610258836862704234e-04 0.000000000000000000e+00 -1.266140651363236724e-01 4.042141805828665391e-02 0.000000000000000000e+00
7.994677192288951462e-01 1.513899922193827352e-03 0.000000000000000000e+00 1.021877108349327212e-01 3.664447212638780593e-01 0.000000000000000000e+00
8.554217200318596781e-01 9.243570962298736787e-04 0.000000000000000000e+00 1.592089513241500831e-01 2.219848735310143151e-01 0.000000000000000000e+00
9.074282217127056516e-01 3.690736606959755042e-04 0.000000000000000000e+00 -1.457446641698046177e-02 1.839258821933953958e-01 0.000000000000000000e+00
7.872666817233345826e-01 1.321078652386324919e-03 0.000000000000000000e+00 8.115602072404773382e-02 3.967336776125784947e-01 0.000000000000000000e+00
8.584867568757273970e-01 -1.266174813432686778e-03 0.000000000000000000e+00 -6.684969539483141820e-02 2.590944907855401991e-01 0.000000000000000000e+00
8.752917237517079396e-01 -8.553810771828990710e-04 0.000000000000000000e+00 8.963219463402702369e-02 2.200164528182275425e-01 0.000000000000000000e+00
8.377910454831301035e-01 1.132434715989450759e-04 0.000000000000000000e+00 -2.506230511991265342e-01 1.755269201187414363e-01 0.000000000000000000e+00
7.296038731447176406e-01 -4.259918398878473345e-04 0.000000000000000000e+00 -2.718589193493272660e-01 4.503382070060892861e-01 0.000000000000000000e+00
6.126891120198565410e-01 -3.036122611767192933e-03 0.000000000000000000e+00 -1.055215025658943484e-01 7.941717501085781006e-01 0.000000000000000000e+00
6.216290743495158644e-01 -2.426348117184617958e-04 0.000000000000000000e+00 1.477126074631993635e-01 7.643449781780632390e-01 0.000000000000000000e+00
7.706552930392642775e-01 8.692979902663062336e-04 0.000000000000000000e+00 2.699657736207365932e-01 3.461191839029759132e-01 0.000000000000000000e+00
6.245957404468758245e-01 -8.597943171225370940e-04 0.000000000000000000e+00 3.077424999563339592e-01 7.069570671343646806e-01 0.000000000000000000e+00
5.523941799659384255e-01 6.136349466298466129e-05 0.000000000000000000e+00 1.702962706374395452e-01 9.478188212996259132e-01 0.000000000000000000e+00
5.358930669132515590e-01 -2.997172710217133138e-03 0.000000000000000000e+00 -3.265518336490105811e-02 1.009743044538164547e+00 0.000000000000000000e+00
5.700738415608622711e-01 -2.349699628423282394e-03 0.000000000000000000e+00 -2.256488101080572350e-01 8.855315834050044854e-01 0.000000000000000000e+00
6.651922535030272421e-01 -3.160483875533724035e-04 0.000000000000000000e+00 -3.209610907135085345e-01 5.905531587688608308e-01 0.000000000000000000e+00
7.963204874676814704e-01 -1.396662522271085441e-04 0.000000000000000000e+00 -2.376746779502750540e-01 3.050635314864196812e-01 0.000000000000000000e+00
6.500493369817199607e-01 3.254976632040664300e-03 0.000000000000000000e+00 1.113774838451315197e-01 6.995170642328208954e-01 0.000000000000000000e+00
6.867402632886154823e-01 -1.057879404691498479e-03 0.000000000000000000e+00 -1.853851592099977630e-01 5.935979601346373924e-01 0.000000000000000000e+00
7.421133254987202221e-01 1.173542019510729478e-03 0.000000000000000000e+00 2.300471647233035544e-01 4.428382200918673517e-01 0.000000000000000000e+00
6.422672977167755981e-01 2.066603491552301657e-03 0.000000000000000000e+00 -1.519225490484091834e-01 7.112130029269501108e-01 0.000000000000000000e+00
6.619122335901428400e-01 -2.672124465151713701e-04 0.000000000000000000e+00 1.937012787753469301e-01 6.517363290615072469e-01 0.000000000000000000e+00
7.062364139895624948e-01 6.661777039960467897e-04 0.000000000000000000e+00 -2.302275244096861628e-01 5.297634631122771776e-01 0.000000000000000000e+00
6.467980628307899993e-01 -8.376825988683170993e-04 0.000000000000000000e+00 1.373186113648187656e-01 7.029383074064865511e-01 0.000000000000000000e+00
7.063024241951325610e-01 1.113779961460261954e-03 0.000000000000000000e+00 -2.165644550370428023e-01 5.353326441959362914e-01 0.000000000000000000e+00
6.877008388635734715e-01 7.376875167761775143e-04 0.000000000000000000e+00 1.953245380248799790e-01 5.880788425967939936e-01 0.000000000000000000e+00
6.529630949573272947e-01 -2.584871301856648054e-03 0.000000000000000000e+00 -1.369941630636214991e-01 6.877971042785975264e-01 0.000000000000000000e+00
7.316182071147354637e-01 -1.998450412525620140e-03 0.000000000000000000e+00 2.387168439262431496e-01 4.638255299749255434e-01 0.000000000000000000e+00
