6.338760279768398398e-01 3.600511179201192763e-03 0.000000000000000000e+00 3.128976538592793954e-02 7.472088355468522458e-01 0.000000000000000000e+00
7.627174378797860754e-01 1.722550047345920363e-03 0.000000000000000000e+00 -2.122627917289117427e-01 4.029337756870577936e-01 0.000000000000000000e+00
-1.107027813614767986e+00 9.194876741052170413e-04 0.000000000000000000e+00 1.565783770848386269e-02 1.872744879573799426e-01 0.000000000000000000e+00
8.057760947625515202e-01 1.667244719042042939e-03 0.000000000000000000e+00 3.978117173362654552e-02 3.657142476114967344e-01 0.000000000000000000e+00
8.756898260886143426e-01 -2.923855940372777421e-04 0.000000000000000000e+00 1.327068586736163958e-01 1.961683454424427708e-01 0.000000000000000000e+00
-1.430372287680582222e+00 2.460418091771499061e-03 0.000000000000000000e+00 -5.364453700451188300e-02 6.666406281024119806e-01 0.000000000000000000e+00
-1.210562428355497655e+00 -8.750448570261437978e-04 0.000000000000000000e+00 -1.640071089118794734e-01 3.062793547701101460e-01 0.000000000000000000e+00
-1.406197271077209043e+00 2.103353428102946402e-03 0.000000000000000000e+00 8.911450505336587780e-02 6.283406422735789976e-01 0.000000000000000000e+00
-1.251898473025272907e+00 2.764738798784541207e-04 0.000000000000000000e+00 -7.789422895594570739e-02 4.023263578917988248e-01 0.000000000000000000e+00
-1.279901615313462138e+00 1.027979627300666318e-04 0.000000000000000000e+00 3.153133974489258362e-02 4.504210200854332213e-01 0.000000000000000000e+00
-1.319424377266652737e+00 1.208140882747907232e-03 0.000000000000000000e+00 5.938028881554315713e-02 5.062269584052493387e-01 0.000000000000000000e+00
-1.320725580088130346e+00 2.447420748300168855e-03 0.000000000000000000e+00 -5.645073089259582122e-02 5.084775363697935369e-01 0.000000000000000000e+00
-1.279812739243248121e+00 -1.958882505358992832e-04 0.000000000000000000e+00 -3.551721831223822456e-02 4.499921889663985319e-01 0.000000000000000000e+00
-1.258435894580373304e+00 1.093410625264740546e-03 0.000000000000000000e+00 7.212976076942906323e-02 4.133310590073676627e-01 0.000000000000000000e+00
-1.406131729284636034e+00 2.239564089088235364e-03 0.000000000000000000e+00 -3.428563648762192329e-02 6.336092603907041987e-01 0.000000000000000000e+00
-1.358407472906899560e+00 -2.391803428785361021e-03 0.000000000000000000e+00 -1.337436409973313534e-01 5.502636680480844644e-01 0.000000000000000000e+00
-1.418486545453028880e+00 1.045645516465487125e-03 0.000000000000000000e+00 9.584076236735317167e-02 6.449462094272107038e-01 0.000000000000000000e+00
1.009265320489809437e+00 2.737657735446750160e-05 0.000000000000000000e+00 -1.922636601877912854e-01 1.000900430265618257e-01 0.000000000000000000e+00
8.530910652879453160e-01 1.925703212568279782e-04 0.000000000000000000e+00 -1.948855265231028699e-01 1.973939192020037203e-01 0.000000000000000000e+00
7.840393201136715007e-01 -1.111766439132274090e-03 0.000000000000000000e+00 -1.643073043607536643e-01 3.772286074208806572e-01 0.000000000000000000e+00
7.532008597997243982e-01 3.322362705620201303e-04 0.000000000000000000e+00 1.362918471290010813e-01 4.554446633089800356e-01 0.000000000000000000e+00
7.733601085773962325e-01 -8.775302364332241908e-04 0.000000000000000000e+00 -1.450782610556618502e-01 4.083179021679738119e-01 0.000000000000000000e+00
8.608898874177102201e-01 8.583930267011957715e-04 0.000000000000000000e+00 1.696055029291579919e-01 2.012051598589391366e-01 0.000000000000000000e+00
1.003590595159884913e+00 -2.833878897886515208e-04 0.000000000000000000e+00 3.142791033619134478e-01 1.423585739013978335e-01 0.000000000000000000e+00
-1.417642573660702343e+00 6.249794106790718118e-04 0.000000000000000000e+00 -9.881805959775091797e-02 6.432895935142598498e-01 0.000000000000000000e+00
-1.382805200769257281e+00 1.145461794092354768e-03 0.000000000000000000e+00 1.226782165562826932e-01 5.886628323430370680e-01 0.000000000000000000e+00
-1.195439031059768453e+00 -8.506907774327773092e-04 0.000000000000000000e+00 1.277618101657075345e-01 2.981625172611823693e-01 0.000000000000000000e+00
-1.360781792451683181e+00 -1.742221676544739029e-03 0.000000000000000000e+00 -9.702714931002899210e-03 5.696223471155417162e-01 0.000000000000000000e+00
-1.206833459926167418e+00 -1.938819732783640670e-04 0.000000000000000000e+00 -1.206918323127287862e-01 3.197357644425130596e-01 0.000000000000000000e+00
9.997149781122215417e-01 4.186764009947887936e-04 0.000000000000000000e+00 1.995974041757669348e-01 2.588674453246128104e-01 0.000000000000000000e+00
9.707584383676177708e-01 1.706635608526492509e-04 0.000000000000000000e+00 1.096060078760988654e-01 8.464418472875892552e-02 0.000000000000000000e+00
9.058261038539369148e-01 -3.290296286361455227e-04 0.000000000000000000e+00 -1.222254998800370307e-01 1.413520239189698935e-01 0.000000000000000000e+00
8.750949706280231055e-01 -7.176519837059375934e-04 0.000000000000000000e+00 -1.811060368600440895e-02 2.371532032405146151e-01 0.000000000000000000e+00
8.961380720507483577e-01 2.472410240907671822e-04 0.000000000000000000e+00 9.384051332416160074e-02 1.791395816576805966e-01 0.000000000000000000e+00
9.953578466319896734e-01 -2.275646568989340979e-04 0.000000000000000000e+00 -2.174851169789223382e-01 2.178213341029904271e-01 0.000000000000000000e+00
-1.153323655957092964e+00 -8.592137618265022203e-04 0.000000000000000000e+00 8.950241891720209231e-02 2.437192744934196798e-01 0.000000000000000000e+00
-1.179853552226261648e+00 -1.116271361694651069e-03 0.000000000000000000e+00 -1.044004097887453325e-01 2.817962009365614362e-01 0.000000000000000000e+00
-1.214224790718686275e+00 1.511402630338691197e-03 0.000000000000000000e+00 8.508087599795570444e-02 3.425858395250240829e-01 0.000000000000000000e+00
-1.207080596628821612e+00 5.047110998110150570e-04 0.000000000000000000e+00 -1.264117958068698352e-02 3.418999235048246765e-01 0.000000000000000000e+00
-1.234822822109823193e+00 1.334318923738086159e-03 0.000000000000000000e+00 -4.999594126609379664e-03 3.841143461943490323e-01 0.000000000000000000e+00
-1.169608855382556101e+00 -1.152216185761819299e-03 0.000000000000000000e+00 5.625240641998763280e-02 2.791514702607478804e-01 0.000000000000000000e+00
9.867243526700584244e-01 6.512321169159106162e-06 0.000000000000000000e+00 1.515684223306326128e-01 1.088074579143614301e-01 0.000000000000000000e+00
8.941648416415377554e-01 -6.592438403697337655e-04 0.000000000000000000e+00 -1.293902196906466795e-01 1.595886722119525536e-01 0.000000000000000000e+00
8.015081014024294515e-01 -1.467586674411900348e-03 0.000000000000000000e+00 3.805980467496956898e-02 3.743861262440322801e-01 0.000000000000000000e+00
8.400489913435950085e-01 2.280502873068088101e-04 0.000000000000000000e+00 1.218288490087649223e-01 2.759664006928458369e-01 0.000000000000000000e+00
-9.720263639765950314e-01 -1.416568613190056884e-04 0.000000000000000000e+00 5.604448811974535594e-02 4.957546813512798967e-02 0.000000000000000000e+00
9.014436462082151547e-01 -2.528628906493628203e-04 0.000000000000000000e+00 -9.246594454623845855e-03 1.934962003773069705e-01 0.000000000000000000e+00
8.120193617952260468e-01 -1.481321078625943283e-03 0.000000000000000000e+00 -3.721569452220838820e-02 3.535988002981477751e-01 0.000000000000000000e+00
8.289158717359368378e-01 -9.816539068388460687e-04 0.000000000000000000e+00 -3.211340854222474728e-02 3.211970651753072170e-01 0.000000000000000000e+00
9.555731847267081580e-01 8.464486056097565410e-05 0.000000000000000000e+00 1.252865470373579759e-01 4.453775877873507316e-02 0.000000000000000000e+00
8.906709718707229717e-01 -2.726404488407904812e-04 0.000000000000000000e+00 -1.954930020879530606e-01 7.977884382554634168e-02 0.000000000000000000e+00
6.298349788818421446e-01 2.416799627598877672e-03 0.000000000000000000e+00 -1.502531289859970198e-01 7.428339988203296329e-01 0.000000000000000000e+00
-9.694860521488501970e-01 1.828551082813897107e-04 0.000000000000000000e+00 1.353681875707667993e-02 7.644008682081925021e-02 0.000000000000000000e+00
6.286700420123236821e-01 -3.087274088338143319e-03 0.000000000000000000e+00 1.471884191276386367e-01 7.463985285329901576e-01 0.000000000000000000e+00
8.766995270719917244e-01 -2.121135941388382733e-04 0.000000000000000000e+00 2.081522937753782498e-01 1.090191251353446050e-01 0.000000000000000000e+00
-1.043224246117044229e+00 4.429000297809151249e-05 0.000000000000000000e+00 6.653515686992608757e-02 6.453509708403148970e-02 0.000000000000000000e+00
-1.084532691260733817e+00 4.495576116277145724e-04 0.000000000000000000e+00 -5.433500306402301583e-02 1.431669153205835099e-01 0.000000000000000000e+00
1.000870595277832731e+00 3.969175467035383374e-04 0.000000000000000000e+00 -7.095592093600522343e-02 2.008249906642764482e-01 0.000000000000000000e+00
-1.255730302432734424e+00 6.260908886717153621e-04 0.000000000000000000e+00 -4.933654037366191902e-02 4.125546625094161923e-01 0.000000000000000000e+00
-1.195840073742826304e+00 -1.036041744342190013e-04 0.000000000000000000e+00 1.050301692451348773e-01 3.075030092250543579e-01 0.000000000000000000e+00
8.013360575340559011e-01 -9.939691632726271181e-04 0.000000000000000000e+00 1.026590771291704396e-01 3.623554363261675682e-01 0.000000000000000000e+00
8.596735807921762618e-01 -1.045420166976654755e-03 0.000000000000000000e+00 1.592364029024574412e-01 2.121941949683307793e-01 0.000000000000000000e+00
-1.084238220897803195e+00 2.028488441661641020e-04 0.000000000000000000e+00 1.151331585030519328e-01 1.002756969994293701e-01 0.000000000000000000e+00
-1.088627679265719239e+00 2.381299271713953336e-04 0.000000000000000000e+00 -1.166101802047891378e-01 1.086802055283348223e-01 0.000000000000000000e+00
8.486342662673720394e-01 -2.076990740299770183e-04 0.000000000000000000e+00 -1.967761105585064119e-01 2.069450332210887589e-01 0.000000000000000000e+00
7.892120392861324829e-01 1.313061459266730464e-03 0.000000000000000000e+00 -1.638418121244068493e-01 3.659254802006890461e-01 0.000000000000000000e+00
7.771080873744553585e-01 1.035194094176753767e-03 0.000000000000000000e+00 1.546647917499884561e-01 3.964812352134426954e-01 0.000000000000000000e+00
8.058108236722967277e-01 1.292506717619158231e-03 0.000000000000000000e+00 -1.473781700233116609e-01 3.369148227698671727e-01 0.000000000000000000e+00
7.738061947312100397e-01 -2.304465229327617992e-04 0.000000000000000000e+00 -8.605218276190891580e-02 4.237196564749693417e-01 0.000000000000000000e+00
-9.698678516198202537e-01 5.132004972440660237e-05 0.000000000000000000e+00 -7.579885628012297816e-02 1.449526814710992359e-02 0.000000000000000000e+00
7.821515993959207158e-01 1.667405974551360026e-04 0.000000000000000000e+00 1.023871219873665472e-01 4.024446839621759198e-01 0.000000000000000000e+00
7.777654181289257451e-01 1.043774393093430770e-03 0.000000000000000000e+00 1.302765276926847182e-01 4.037332091364924658e-01 0.000000000000000000e+00
7.205796684420414655e-01 -1.052260079886201127e-03 0.000000000000000000e+00 -4.351017595657694081e-02 5.439729651341957961e-01 0.000000000000000000e+00
8.800317037824958444e-01 -2.408755461581594290e-04 0.000000000000000000e+00 -4.649582866366415435e-02 2.244273734830347089e-01 0.000000000000000000e+00
8.811566066408020870e-01 -7.531067077069927493e-05 0.000000000000000000e+00 3.993487021579530949e-02 2.237183317520194392e-01 0.000000000000000000e+00
8.074553434338259672e-01 8.053454251476487025e-04 0.000000000000000000e+00 1.569904850226831461e-01 3.289490603849696271e-01 0.000000000000000000e+00
8.226265110547011927e-01 2.562895736616609653e-04 0.000000000000000000e+00 2.055551173189999192e-01 2.643366630554747632e-01 0.000000000000000000e+00
8.554978903485142006e-01 -4.260196908512077583e-04 0.000000000000000000e+00 -2.461781113091904560e-01 1.178014620773665949e-01 0.000000000000000000e+00
6.434960410014092247e-01 -2.786149369757171847e-03 0.000000000000000000e+00 3.232108823596472336e-01 6.480877537548137557e-01 0.000000000000000000e+00
5.546609048598967195e-01 1.175902219426473022e-03 0.000000000000000000e+00 1.889280655185727464e-01 9.377273198586142389e-01 0.000000000000000000e+00
5.332727625710642627e-01 6.496229749885723895e-04 0.000000000000000000e+00 -3.265932929874258012e-02 1.017381937280840587e+00 0.000000000000000000e+00
5.701391545170477748e-01 4.083818961321141958e-03 0.000000000000000000e+00 -2.434323080230425540e-01 8.805577490415530395e-01 0.000000000000000000e+00
6.867298177405678494e-01 1.315280920072780385e-03 0.000000000000000000e+00 -3.240007990686785133e-01 5.307710631723518979e-01 0.000000000000000000e+00
8.153747084379083798e-01 7.658837000132133824e-04 0.000000000000000000e+00 -2.094508590510512636e-01 2.790911482357105178e-01 0.000000000000000000e+00
8.647494103738939675e-01 1.689057705030506951e-04 0.000000000000000000e+00 -8.581084918694187325e-02 2.413292678741447428e-01 0.000000000000000000e+00
8.498409066373687759e-01 -9.351998641918641761e-04 0.000000000000000000e+00 3.604686390268013827e-03 2.833043355187368495e-01 0.000000000000000000e+00
8.437988202621217182e-01 1.067046640306676050e-03 0.000000000000000000e+00 5.552375575263792523e-02 2.892900317115292275e-01 0.000000000000000000e+00
8.979510458275896667e-01 -3.285389947912452195e-04 0.000000000000000000e+00 2.261682553139952347e-03 1.992025123555197785e-01 0.000000000000000000e+00
7.756167316183677496e-01 -6.211921107605739012e-04 0.000000000000000000e+00 5.496911233102562411e-02 4.251038904119114892e-01 0.000000000000000000e+00
8.347404721184711329e-01 1.111420972849958694e-03 0.000000000000000000e+00 -8.314292430208988782e-02 3.003464042864338879e-01 0.000000000000000000e+00
8.264384805426172598e-01 -1.609247586292441093e-03 0.000000000000000000e+00 -1.697403193144997671e-02 3.270603769941737293e-01 0.000000000000000000e+00
9.072057981720487163e-01 -4.434610185398164123e-05 0.000000000000000000e+00 1.186601510209418786e-01 1.414913868664419982e-01 0.000000000000000000e+00
9.687013230526473340e-01 -9.768759053529698809e-05 0.000000000000000000e+00 -1.052226639632580646e-01 8.660209268719420983e-02 0.000000000000000000e+00
-1.258979506930188563e+00 1.517971859685975089e-03 0.000000000000000000e+00 -1.782427914364230481e-02 4.199761008465262568e-01 0.000000000000000000e+00
-1.412265437146861924e+00 -4.624349945309066956e-04 0.000000000000000000e+00 -5.125945251504281097e-02 6.411582879745780783e-01 0.000000000000000000e+00
-1.325946163679357692e+00 -2.317604821203293752e-03 0.000000000000000000e+00 -1.341697964919371378e-01 5.015548288489788398e-01 0.000000000000000000e+00
-1.297196419292504510e+00 -1.111696125760293363e-04 0.000000000000000000e+00 1.443559761101819994e-01 4.546835326203827465e-01 0.000000000000000000e+00
-1.415382022955955499e+00 -1.745230923110796528e-03 0.000000000000000000e+00 5.436452083018593340e-02 6.453307807102364180e-01 0.000000000000000000e+00
-1.181629880229412510e+00 -2.554459378583057508e-04 0.000000000000000000e+00 -6.256124858396805433e-02 2.966644095714493501e-01 0.000000000000000000e+00
-1.094448952180031132e+00 1.918393895755988489e-04 0.000000000000000000e+00 8.746003956441916749e-02 1.438626939953935868e-01 0.000000000000000000e+00
-1.034589792345266268e+00 -9.229711768911309441e-06 0.000000000000000000e+00 -7.625386454988461460e-02 2.900591402417881243e-02 0.000000000000000000e+00
-1.125938749498626379e+00 -4.611947120122892457e-04 0.000000000000000000e+00 8.574870890191273187e-02 1.994843094185676513e-01 0.000000000000000000e+00
-1.050284808646752444e+00 -1.243699316837089570e-04 0.000000000000000000e+00 8.560541535352081399e-02 5.617322371200225012e-02 0.000000000000000000e+00
-1.090790525407527856e+00 -6.233985420830709737e-04 0.000000000000000000e+00 -9.299601464727169642e-02 1.335412599562600666e-01 0.000000000000000000e+00
-1.163840284031241179e+00 4.531446238102208694e-04 0.000000000000000000e+00 2.597362357941155470e-02 2.745917223219877523e-01 0.000000000000000000e+00
-1.174991437845515296e+00 7.501685955600082695e-04 0.000000000000000000e+00 1.212012523521372453e-01 2.667470751319082067e-01 0.000000000000000000e+00
-1.418681034317560208e+00 -9.379829213418231122e-04 0.000000000000000000e+00 1.868053656880530877e-01 6.249573245045966230e-01 0.000000000000000000e+00
-1.625884531255963994e+00 2.835488761332473351e-03 0.000000000000000000e+00 8.547912130745705106e-02 9.323798909483682618e-01 0.000000000000000000e+00
-1.661348734856326503e+00 -1.962801822491033743e-03 0.000000000000000000e+00 -3.551060956196058077e-02 9.826969903960198760e-01 0.000000000000000000e+00
-1.527831025229069439e+00 1.240974127353093939e-03 0.000000000000000000e+00 -1.474037009098709272e-01 7.903329828260027279e-01 0.000000000000000000e+00
-1.270647701702508403e+00 7.193656239825995530e-04 0.000000000000000000e+00 -2.030843879884332848e-01 3.877864533653714862e-01 0.000000000000000000e+00
1.010123797746853791e+00 7.390736044529189544e-05 0.000000000000000000e+00 -7.621977347807717962e-02 1.924931935981243902e-01 0.000000000000000000e+00
7.116502139949939520e-01 -1.362828015568142434e-03 0.000000000000000000e+00 -4.394652591191681307e-02 5.637627412435037844e-01 0.000000000000000000e+00
8.151922144569860862e-01 -6.411808290183633810e-04 0.000000000000000000e+00 1.828914196682263904e-01 2.975948846043389162e-01 0.000000000000000000e+00
6.325855826984151387e-01 3.556626840066186984e-03 0.000000000000000000e+00 -1.437501097242944170e-01 7.371460638507434382e-01 0.000000000000000000e+00
6.458195620144719928e-01 2.188933374943924544e-03 0.000000000000000000e+00 1.739531088777302725e-01 6.971770796696400430e-01 0.000000000000000000e+00
7.629047268517332725e-01 1.665638636984786850e-03 0.000000000000000000e+00 -2.294834001992310801e-01 3.928694150314880895e-01 0.000000000000000000e+00
7.116221712610808492e-01 8.118868752636926311e-04 0.000000000000000000e+00 2.023465694293426487e-01 5.281023626175067598e-01 0.000000000000000000e+00
6.412126398674719008e-01 -4.047415726153649751e-04 0.000000000000000000e+00 -6.247130621249388088e-02 7.271201868943431013e-01 0.000000000000000000e+00
9.084913903650635447e-01 -2.286215323689566765e-04 0.000000000000000000e+00 5.649978900066105359e-04 1.827068722322554573e-01 0.000000000000000000e+00
6.253054566065823217e-01 2.148724464768395070e-03 0.000000000000000000e+00 -4.170331991708429997e-02 7.680622884842800424e-01 0.000000000000000000e+00
7.635569415224858769e-01 -1.850165583455189514e-03 0.000000000000000000e+00 2.525768306514737382e-01 3.767982008625355150e-01 0.000000000000000000e+00
7.924135466007218298e-01 -6.926121354897806382e-04 0.000000000000000000e+00 -2.268392743747985330e-01 3.227353592165447815e-01 0.000000000000000000e+00
7.138872692765296790e-01 -4.236911442343374926e-04 0.000000000000000000e+00 2.006586078402550766e-01 5.233587547797899919e-01 0.000000000000000000e+00
6.412600303496778231e-01 9.551293693596460410e-04 0.000000000000000000e+00 -4.269319472897997736e-02 7.284312939854558078e-01 0.000000000000000000e+00
7.942938555082454943e-01 1.032329808446505719e-03 0.000000000000000000e+00 -1.894773340098959702e-01 3.416773395744481800e-01 0.000000000000000000e+00
7.017471259849303866e-01 1.576299034312218621e-03 0.000000000000000000e+00 -4.323366404283972286e-02 5.860615262196021691e-01 0.000000000000000000e+00
7.415090378577751107e-01 -1.605275351244229640e-03 0.000000000000000000e+00 1.526720260557339892e-01 4.763857024019216846e-01 0.000000000000000000e+00
8.190525948798094147e-01 2.512698994957747759e-04 0.000000000000000000e+00 2.006741145264501758e-01 2.766687511109084951e-01 0.000000000000000000e+00
7.443271435995635343e-01 5.782416939246967386e-04 0.000000000000000000e+00 3.098167551177815615e-01 3.850653597182385202e-01 0.000000000000000000e+00
5.406944500105421714e-01 1.605682045121015200e-04 0.000000000000000000e+00 2.090907364127099211e-01 9.741710860220946788e-01 0.000000000000000000e+00
5.261301895091761160e-01 -5.542239662219665408e-04 0.000000000000000000e+00 -1.353103639228857014e-01 1.030094918178045660e+00 0.000000000000000000e+00
6.641244274920281576e-01 -1.677191049928615681e-03 0.000000000000000000e+00 -3.454543958975754836e-01 5.794539592409082562e-01 0.000000000000000000e+00
6.641193411429591187e-01 -1.790125544106433569e-03 0.000000000000000000e+00 3.484685054488063094e-01 5.776597150977766937e-01 0.000000000000000000e+00
5.262966569596047028e-01 4.736658026093192204e-03 0.000000000000000000e+00 1.315576574782568453e-01 1.030020925055398884e+00 0.000000000000000000e+00
5.404151365495508674e-01 1.961640809294010884e-03 0.000000000000000000e+00 -2.136007678755588446e-01 9.740070359555633717e-01 0.000000000000000000e+00
7.497185177718644900e-01 1.174134157652920521e-03 0.000000000000000000e+00 -3.057621464548073709e-01 3.735692418767828094e-01 0.000000000000000000e+00
7.757741108258615625e-01 -1.474582403993942789e-03 0.000000000000000000e+00 -2.523531153504443014e-01 3.460912516198030309e-01 0.000000000000000000e+00
6.214397550849726226e-01 1.242681750886602716e-03 0.000000000000000000e+00 9.257332928298143276e-03 7.788624098558543096e-01 0.000000000000000000e+00
8.007910031122420502e-01 8.980215156206578647e-04 0.000000000000000000e+00 2.468905815462615339e-01 2.858475024881155235e-01 0.000000000000000000e+00
8.752413916938187599e-01 -7.290838369488315818e-05 0.000000000000000000e+00 -2.279451828526363466e-01 6.677666481214850069e-02 0.000000000000000000e+00
5.769190809362136907e-01 1.579210109055588507e-03 0.000000000000000000e+00 2.752165818385502449e-01 8.518132197007710626e-01 0.000000000000000000e+00
5.241880893624683013e-01 1.082333192350140583e-03 0.000000000000000000e+00 1.143306000250873290e-02 1.044644757682144931e+00 0.000000000000000000e+00
5.689339648711561059e-01 -3.610335423372001626e-03 0.000000000000000000e+00 -2.568586431746011089e-01 8.801892625042213592e-01 0.000000000000000000e+00
7.724791209792890578e-01 -1.594685809371599455e-03 0.000000000000000000e+00 -2.787041042346884989e-01 3.341327999750420830e-01 0.000000000000000000e+00
6.468572277042715646e-01 1.751252964114283217e-03 0.000000000000000000e+00 -2.317149908220070831e-01 6.775065343278869889e-01 0.000000000000000000e+00
5.964446412662034458e-01 4.030961364704127581e-03 0.000000000000000000e+00 -5.856484512429607769e-02 8.410930031964847231e-01 0.000000000000000000e+00
6.117112889727984726e-01 1.972858670971595202e-03 0.000000000000000000e+00 1.442405470679622159e-01 7.905733517742408178e-01 0.000000000000000000e+00
6.952989605757982083e-01 -1.334556047736709748e-03 0.000000000000000000e+00 2.750351511126864490e-01 5.357902103661988935e-01 0.000000000000000000e+00
7.873244732753919006e-01 -9.737569512515515877e-04 0.000000000000000000e+00 2.810079801121894150e-01 2.913131607141249413e-01 0.000000000000000000e+00
8.397181009411460728e-01 -3.118324786687896692e-04 0.000000000000000000e+00 -2.728835503115396577e-01 1.299276642869308940e-01 0.000000000000000000e+00
5.254422634642481604e-01 -3.264926744236183558e-03 0.000000000000000000e+00 1.985160402136228464e-01 1.021855016390274873e+00 0.000000000000000000e+00
-9.367304523860351395e-01 -2.137465792019384823e-04 0.000000000000000000e+00 1.055709789402164700e-01 6.782002073218326710e-02 0.000000000000000000e+00
5.320350711138784883e-01 3.547008243658876861e-03 0.000000000000000000e+00 -2.265111580299642990e-01 9.960765655756775860e-01 0.000000000000000000e+00
7.718455538175423847e-01 -4.962504107945620501e-04 0.000000000000000000e+00 3.324886814287500991e-01 2.826935055323893664e-01 0.000000000000000000e+00
7.967765810550762051e-01 4.665319399796905020e-04 0.000000000000000000e+00 -3.257077906886698404e-01 2.066342814119869198e-01 0.000000000000000000e+00
4.836378728767306567e-01 2.773810291392557470e-03 0.000000000000000000e+00 4.736220440529949338e-02 1.169438125481037094e+00 0.000000000000000000e+00
6.741485928896002733e-01 -1.620811160506259972e-03 0.000000000000000000e+00 -3.830391092973860490e-01 5.264111194470518784e-01 0.000000000000000000e+00
5.257700677895106312e-01 -4.097505174181307816e-03 0.000000000000000000e+00 2.469909453330380034e-01 1.010217303170784398e+00 0.000000000000000000e+00
-9.515962165812947848e-01 -2.497051010752246013e-04 0.000000000000000000e+00 1.002512556212352759e-02 1.017504508965242360e-01 0.000000000000000000e+00
5.287089898552543854e-01 -4.348583770921342871e-03 0.000000000000000000e+00 -2.411866676168760160e-01 1.002673106197506048e+00 0.000000000000000000e+00
6.694422308812506550e-01 -7.158124872751001760e-04 0.000000000000000000e+00 3.855134484596376421e-01 5.382447952187956464e-01 0.000000000000000000e+00
4.843901274151861114e-01 -3.769879380167746527e-03 0.000000000000000000e+00 -4.467053616808486227e-02 1.167090907216142170e+00 0.000000000000000000e+00
8.134553601265384071e-01 -1.933928238364310617e-05 0.000000000000000000e+00 3.089456545423707734e-01 1.701507950389988255e-01 0.000000000000000000e+00
7.713502527866100689e-01 -9.893825494346805000e-05 0.000000000000000000e+00 -3.239341401065746195e-01 2.939829107448809209e-01 0.000000000000000000e+00
5.759267044840828964e-01 4.467925150337418924e-04 0.000000000000000000e+00 2.874624318915516286e-01 8.506041593372564158e-01 0.000000000000000000e+00
5.195675588726704763e-01 3.351456173815948666e-03 0.000000000000000000e+00 -1.250489509587674256e-02 1.058417023355087583e+00 0.000000000000000000e+00
5.828371736733763964e-01 9.088263671414584591e-05 0.000000000000000000e+00 -2.986889622125993293e-01 8.269511200131677287e-01 0.000000000000000000e+00
7.492620359647421679e-01 -1.244754857699844133e-03 0.000000000000000000e+00 3.368550195790626089e-01 3.471480986317335704e-01 0.000000000000000000e+00
4.786468543397330855e-01 -4.163436526212182728e-03 0.000000000000000000e+00 -5.927253316385366205e-04 1.186585139472748018e+00 0.000000000000000000e+00
8.478492598811939729e-01 3.010791474605780315e-04 0.000000000000000000e+00 2.716073795896634113e-01 9.281074450932214059e-02 0.000000000000000000e+00
7.609681560706929027e-01 6.038745389996824642e-04 0.000000000000000000e+00 -3.294067884825192527e-01 3.197005539301739918e-01 0.000000000000000000e+00
5.848071412052886497e-01 1.738666772591005751e-03 0.000000000000000000e+00 2.963022882047609552e-01 8.222017869598410300e-01 0.000000000000000000e+00
5.207401362432679814e-01 -2.578938140720726108e-03 0.000000000000000000e+00 1.993770140337289623e-02 1.054799096134016567e+00 0.000000000000000000e+00
5.723674692066159642e-01 -4.027253010627536781e-03 0.000000000000000000e+00 -2.731882622613530653e-01 8.654094209190139608e-01 0.000000000000000000e+00
8.106996799703745094e-01 8.022084868415909134e-04 0.000000000000000000e+00 2.944579843517816098e-01 2.038043361409601351e-01 0.000000000000000000e+00
7.978950197206797768e-01 -1.095013355964177554e-03 0.000000000000000000e+00 -2.774026427423461061e-01 2.647845466755254229e-01 0.000000000000000000e+00
7.250053403498811777e-01 7.066718139050330756e-04 0.000000000000000000e+00 -2.759316662347279236e-01 4.595295633209280917e-01 0.000000000000000000e+00
6.149811098094659645e-01 -3.866396960428379430e-03 0.000000000000000000e+00 -1.312485673458656799e-01 7.843504565193211153e-01 0.000000000000000000e+00
6.080627386530172984e-01 1.095148399073460690e-03 0.000000000000000000e+00 1.014212694760352196e-01 8.066407809945735918e-01 0.000000000000000000e+00
7.016640906008974055e-01 9.674973239689734980e-04 0.000000000000000000e+00 2.677874024520830454e-01 5.233160406781656171e-01 0.000000000000000000e+00
8.860618818802926677e-01 7.372289246859438459e-05 0.000000000000000000e+00 2.051787601899681679e-01 7.626395916007018549e-02 0.000000000000000000e+00
8.726643666913088682e-01 1.006562501156660350e-03 0.000000000000000000e+00 -8.952553603727717024e-02 2.248915509813123603e-01 0.000000000000000000e+00
8.477252452310695130e-01 1.932023621856147899e-04 0.000000000000000000e+00 3.827550967308566976e-02 2.846984664764225514e-01 0.000000000000000000e+00
8.171726776285686000e-01 -7.535209113034838828e-04 0.000000000000000000e+00 6.016709891508244951e-02 3.401617204033376973e-01 0.000000000000000000e+00
8.355664353806260269e-01 -7.499822235040882329e-04 0.000000000000000000e+00 1.226108213961198401e-01 2.848133453682928917e-01 0.000000000000000000e+00
7.640289848684898022e-01 2.036047960646484266e-03 0.000000000000000000e+00 -1.542689051878122219e-01 4.255356531420700916e-01 0.000000000000000000e+00
7.485188387550808509e-01 -1.643039258199098171e-03 0.000000000000000000e+00 1.359688371254596795e-01 4.658535787356045121e-01 0.000000000000000000e+00
7.900406084009323759e-01 -1.540096800702672047e-03 0.000000000000000000e+00 -1.470772289590238646e-01 3.711858631990098134e-01 0.000000000000000000e+00
8.449937949391352898e-01 -6.452456392373167454e-04 0.000000000000000000e+00 -9.199877342612475251e-02 2.774936450336043525e-01 0.000000000000000000e+00
8.232055974319181235e-01 -1.078571983570337112e-03 0.000000000000000000e+00 -1.602115123451424740e-03 3.337351338401697287e-01 0.000000000000000000e+00
8.491742195989173680e-01 5.683461463982068806e-04 0.000000000000000000e+00 9.555152499567887148e-02 2.680499705236383257e-01 0.000000000000000000e+00
7.178482515783314311e-01 -2.118740289727159831e-03 0.000000000000000000e+00 2.658656151616511226e-02 5.510899312390757920e-01 0.000000000000000000e+00
7.923106626213655135e-01 -1.373308124994815881e-03 0.000000000000000000e+00 -1.320925326020597756e-01 3.719263072036134155e-01 0.000000000000000000e+00
7.561270060474796217e-01 -1.697626415744780872e-03 0.000000000000000000e+00 -4.336272456433877542e-02 4.671861137819577348e-01 0.000000000000000000e+00
7.731291885668716279e-01 8.884587581266973353e-04 0.000000000000000000e+00 9.769439971060979444e-02 4.226252378500897633e-01 0.000000000000000000e+00
7.610873489442118167e-01 7.939122065579451437e-04 0.000000000000000000e+00 1.097795037921427130e-01 4.454575659013421118e-01 0.000000000000000000e+00
7.235780945497249927e-01 6.105785962355497233e-04 0.000000000000000000e+00 -9.938212722249102626e-03 5.390383481472610372e-01 0.000000000000000000e+00
7.706035209824220189e-01 -3.231129555898316214e-04 0.000000000000000000e+00 -1.165590663669810456e-01 4.232299067985439978e-01 0.000000000000000000e+00
7.613444164552952698e-01 -2.064996318960685921e-03 0.000000000000000000e+00 -7.318254758492728773e-02 4.523604105053901092e-01 0.000000000000000000e+00
7.559757554374740840e-01 -8.365320037899970362e-04 0.000000000000000000e+00 5.442844799318641291e-02 4.663503400215935901e-01 0.000000000000000000e+00
7.777068055430385041e-01 1.022166880048472164e-03 0.000000000000000000e+00 1.206708481627546958e-01 4.068390565530319858e-01 0.000000000000000000e+00
7.234215642225232390e-01 8.463351557272957848e-04 0.000000000000000000e+00 1.660395709907296069e-02 5.392170453349081072e-01 0.000000000000000000e+00
7.598114662465556002e-01 1.215343025851969242e-03 0.000000000000000000e+00 -1.106154523954308022e-01 4.480024712015689969e-01 0.000000000000000000e+00
7.773806237894005378e-01 6.646913766498393789e-04 0.000000000000000000e+00 -1.030942996190976346e-01 4.123343927118845453e-01 0.000000000000000000e+00
7.588684732086727891e-01 1.226453573668954099e-03 0.000000000000000000e+00 5.062543769569079893e-02 4.606599346779352011e-01 0.000000000000000000e+00
8.006595338530361206e-01 -1.431745434175594675e-03 0.000000000000000000e+00 1.398828458374725137e-01 3.511322357723046239e-01 0.000000000000000000e+00
7.263382288938287079e-01 -1.921194439293102962e-03 0.000000000000000000e+00 -9.373258209530746510e-02 5.247796955317605150e-01 0.000000000000000000e+00
7.904771287901205534e-01 1.530072357717851160e-03 0.000000000000000000e+00 1.726014677047074120e-01 3.590500375087149476e-01 0.000000000000000000e+00
7.372461375282012286e-01 5.646876228050465990e-04 0.000000000000000000e+00 1.954793789659015346e-01 4.704243382084191127e-01 0.000000000000000000e+00
6.525992168371266278e-01 -2.741588543042306966e-04 0.000000000000000000e+00 5.725575284958806660e-02 6.998109566668779813e-01 0.000000000000000000e+00
6.757847376222845259e-01 6.736424125552359712e-04 0.000000000000000000e+00 -1.390623925187747245e-01 6.320761061196925601e-01 0.000000000000000000e+00
8.152057942156889503e-01 -2.180988196099347288e-04 0.000000000000000000e+00 -1.636865268524311245e-01 3.085504897443590577e-01 0.000000000000000000e+00
8.804720104249641466e-01 1.396506059412588180e-04 0.000000000000000000e+00 1.623501455306713970e-01 1.607168979758067939e-01 0.000000000000000000e+00
-1.194188171092340323e+00 7.162526607538861889e-04 0.000000000000000000e+00 4.727655297966018057e-03 3.223946640409086628e-01 0.000000000000000000e+00
9.893285803923903554e-01 -2.144903206101805631e-04 0.000000000000000000e+00 7.895293158986804727e-02 1.899889710869754333e-01 0.000000000000000000e+00
9.393441013858138122e-01 1.132300216401616391e-04 0.000000000000000000e+00 3.899306562195184456e-02 1.377120966389944190e-01 0.000000000000000000e+00
9.487182533277911389e-01 -1.508808211856610751e-04 0.000000000000000000e+00 -4.146653579881877383e-02 1.292872034425480710e-01 0.000000000000000000e+00
9.620795068133982664e-01 2.209112660017924917e-05 0.000000000000000000e+00 -3.387198545282746158e-03 1.326864682670501894e-01 0.000000000000000000e+00
9.538012112364004924e-01 -6.488400351853558512e-05 0.000000000000000000e+00 5.494893915994570471e-02 1.215198338300862158e-01 0.000000000000000000e+00
9.318147985880196327e-01 2.842313009269680467e-04 0.000000000000000000e+00 -5.272090878902020716e-02 1.415641711641542622e-01 0.000000000000000000e+00
-9.965983515457181863e-01 1.306279405177371723e-04 0.000000000000000000e+00 -3.614300080082739029e-03 5.646657222678920507e-02 0.000000000000000000e+00
9.191550597189126481e-01 -3.760555793613706496e-04 0.000000000000000000e+00 3.431568206200916182e-02 1.636515733940824835e-01 0.000000000000000000e+00
9.815216181180117516e-01 3.500252547129515876e-04 0.000000000000000000e+00 -7.838546505864485425e-02 1.411771106348284344e-01 0.000000000000000000e+00
-1.125162496787153410e+00 6.769233374452534452e-04 0.000000000000000000e+00 3.257285789700421069e-02 2.134654382298010189e-01 0.000000000000000000e+00
9.448882611307710677e-01 4.470530873707944004e-04 0.000000000000000000e+00 9.748182466692582870e-02 9.821554384449895925e-02 0.000000000000000000e+00
9.267978181171222518e-01 -3.226331200719824259e-04 0.000000000000000000e+00 -1.051750895999325197e-01 1.167059403015376501e-01 0.000000000000000000e+00
8.794417390971718262e-01 1.045944665383228157e-03 0.000000000000000000e+00 6.814536262757667218e-02 2.199048648859189825e-01 0.000000000000000000e+00
6.252451663062106313e-01 9.402701453642067775e-05 0.000000000000000000e+00 -6.380730363168854447e-02 7.667053481523486980e-01 0.000000000000000000e+00
7.247024601591536275e-01 -2.637090815224875373e-04 0.000000000000000000e+00 2.481032539592619435e-01 4.758792595193330754e-01 0.000000000000000000e+00
6.856391585544154843e-01 7.074637974245311101e-04 0.000000000000000000e+00 -2.395540990186480479e-01 5.765738734845806679e-01 0.000000000000000000e+00
6.128144386800293830e-01 -3.580190603528089072e-03 0.000000000000000000e+00 3.765724731411376758e-02 7.998973987469220059e-01 0.000000000000000000e+00
7.377494096521403089e-01 1.378906622776371327e-04 0.000000000000000000e+00 2.625208731913691307e-01 4.353076374548182637e-01 0.000000000000000000e+00
7.763351889347567258e-01 2.420165420170667086e-04 0.000000000000000000e+00 -2.392714036774936104e-01 3.538761841307271894e-01 0.000000000000000000e+00
6.571805420830179045e-01 1.892436752365164038e-04 0.000000000000000000e+00 1.342481818851345987e-01 6.779874599337372132e-01 0.000000000000000000e+00
6.732940145449520797e-01 1.455281118599801096e-03 0.000000000000000000e+00 -1.686014847124691074e-01 6.308699395051051706e-01 0.000000000000000000e+00
7.517965900838705640e-01 1.244653245061740077e-03 0.000000000000000000e+00 2.344353553420602532e-01 4.169546547711625584e-01 0.000000000000000000e+00
6.503908430392915108e-01 2.575268299258900561e-03 0.000000000000000000e+00 -1.894941505547518834e-01 6.816181437626698258e-01 0.000000000000000000e+00
6.280903220893883088e-01 -2.497221871094323399e-03 0.000000000000000000e+00 1.268151985213177846e-01 7.516050075873208502e-01 0.000000000000000000e+00
8.697317403683149095e-01 3.034009735103874311e-04 0.000000000000000000e+00 -8.979763056015706291e-02 2.303602191824889456e-01 0.000000000000000000e+00
8.484987394620001622e-01 1.217768230937255579e-03 0.000000000000000000e+00 8.986923368871312795e-03 2.856806263298444781e-01 0.000000000000000000e+00
