-1.186668637091098599e+00 -4.784954164429710416e-04 0.000000000000000000e+00 -2.544032935074468094e-02 3.099506381317814752e-01 0.000000000000000000e+00
1.012113409783170104e+00 -6.800119535209933966e-04 0.000000000000000000e+00 4.315042632870912109e-02 1.861245806419187243e-01 0.000000000000000000e+00
-1.100950533166217271e+00 3.891504104854251640e-04 0.000000000000000000e+00 1.565904943736605714e-01 8.574183092708620446e-02 0.000000000000000000e+00
-1.142250810987786691e+00 3.989105644497400820e-04 0.000000000000000000e+00 -1.787948963070864483e-01 1.638688617424191307e-01 0.000000000000000000e+00
1.006031306365639200e+00 -3.455455849498205684e-04 0.000000000000000000e+00 -1.729771269954645807e-01 1.986698420563168255e-01 0.000000000000000000e+00
8.979480631053341488e-01 5.029293309123899873e-04 0.000000000000000000e+00 -1.710039218875302192e-01 1.024480281406732196e-01 0.000000000000000000e+00
7.704906351367479811e-01 1.589831691983233618e-03 0.000000000000000000e+00 -1.624403964455289895e-01 4.081297027531618493e-01 0.000000000000000000e+00
7.343521395457481837e-01 2.352088213079153722e-03 0.000000000000000000e+00 1.132798165090717624e-01 5.031090748273744362e-01 0.000000000000000000e+00
7.966020074637193416e-01 3.224329001689501140e-04 0.000000000000000000e+00 -1.431868081070151733e-01 3.586016880828712394e-01 0.000000000000000000e+00
7.757776758203904777e-01 1.887959406927439479e-03 0.000000000000000000e+00 -9.213842247167311483e-02 4.183391328655781116e-01 0.000000000000000000e+00
-9.910249828990644883e-01 -2.183215110193819199e-04 0.000000000000000000e+00 -1.767247213440279949e-02 5.607844917815117680e-02 0.000000000000000000e+00
7.786557253738071172e-01 3.116188800292396359e-04 0.000000000000000000e+00 9.661413033757951241e-02 4.112709911302082633e-01 0.000000000000000000e+00
7.880700612485034284e-01 -1.059487273674207877e-03 0.000000000000000000e+00 1.386733258947283332e-01 3.787113682459145592e-01 0.000000000000000000e+00
7.229919469197649828e-01 1.603837557002897249e-04 0.000000000000000000e+00 -7.660266739735607788e-02 5.350012057858595238e-01 0.000000000000000000e+00
8.356397349069453195e-01 -3.115229095554060933e-04 0.000000000000000000e+00 1.795851894756548828e-01 2.527055027109782470e-01 0.000000000000000000e+00
8.417335426243774954e-01 5.064752883799199246e-04 0.000000000000000000e+00 -2.567202898886357110e-01 1.523521307368637112e-01 0.000000000000000000e+00
7.020714980119178161e-01 1.617452882504741936e-03 0.000000000000000000e+00 3.229633147429721296e-01 4.901323575275675637e-01 0.000000000000000000e+00
5.643969185046597836e-01 1.506983116624654312e-03 0.000000000000000000e+00 2.337864179169144019e-01 8.995639938141790637e-01 0.000000000000000000e+00
5.289003951239918955e-01 3.306240884022407581e-03 0.000000000000000000e+00 -9.309595383859455009e-03 1.030700170026752405e+00 0.000000000000000000e+00
5.685869782174277631e-01 -3.429969704973082241e-03 0.000000000000000000e+00 -2.412251216108745600e-01 8.856166063400361388e-01 0.000000000000000000e+00
7.111417721285567817e-01 1.168996410038506892e-03 0.000000000000000000e+00 -3.203867184728753092e-01 4.673872231779564457e-01 0.000000000000000000e+00
8.139107311613011930e-01 1.914832701676292583e-04 0.000000000000000000e+00 -2.099320766794466331e-01 2.823921443267221054e-01 0.000000000000000000e+00
8.751844112687445776e-01 6.876478460777941948e-04 0.000000000000000000e+00 -6.507677099996461711e-02 2.286436980755792714e-01 0.000000000000000000e+00
8.936729337351616564e-01 6.882507156916904331e-04 0.000000000000000000e+00 8.808547403795055630e-02 1.865502011725317377e-01 0.000000000000000000e+00
9.997685130804843112e-01 1.207744441818960719e-03 0.000000000000000000e+00 -2.381819196033365948e-01 5.876667546825856125e-02 0.000000000000000000e+00
-1.334132044184842547e+00 1.169586633123321368e-03 0.000000000000000000e+00 7.097773884207814188e-02 5.263900159630116038e-01 0.000000000000000000e+00
-1.235474746636716858e+00 1.040742769285284228e-03 0.000000000000000000e+00 -1.253029194858517603e-01 3.641981883807647313e-01 0.000000000000000000e+00
-1.389967813686141085e+00 -2.937366300725192426e-03 0.000000000000000000e+00 -4.642937335645343222e-02 6.097928888823653804e-01 0.000000000000000000e+00
-1.350318821949750614e+00 1.951673570914958661e-03 0.000000000000000000e+00 -1.438322642392111939e-01 5.356464928118817026e-01 0.000000000000000000e+00
-1.474976429891630136e+00 -2.168990119099772993e-03 0.000000000000000000e+00 4.848262808215245134e-02 7.295590697655514045e-01 0.000000000000000000e+00
-1.175226529817026577e+00 -5.984062576483220597e-04 0.000000000000000000e+00 -1.754733262701079766e-01 2.351860325253887218e-01 0.000000000000000000e+00
-1.487950047830220779e+00 -2.841039403422371962e-03 0.000000000000000000e+00 -4.686379221072972667e-02 7.476824471990852761e-01 0.000000000000000000e+00
-1.393430215429087848e+00 -2.755810921383335110e-03 0.000000000000000000e+00 1.289819138487132144e-01 6.028491556935962059e-01 0.000000000000000000e+00
1.010159153746100991e+00 -3.504295365008093565e-04 0.000000000000000000e+00 -1.787744152752290816e-01 1.056642761603801273e-01 0.000000000000000000e+00
8.554981196291111534e-01 -8.858347015556146571e-04 0.000000000000000000e+00 -2.017431360017208353e-01 1.839320908502735663e-01 0.000000000000000000e+00
7.732707905458193753e-01 -1.702753993620062523e-04 0.000000000000000000e+00 2.160921350641704097e-01 3.758393999700166965e-01 0.000000000000000000e+00
6.322913736282237407e-01 1.605436375586239209e-03 0.000000000000000000e+00 -1.040509618544738918e-01 7.445768734090192353e-01 0.000000000000000000e+00
7.008070490424755938e-01 -1.394911582635985012e-03 0.000000000000000000e+00 2.348550964461398327e-01 5.410463431813616886e-01 0.000000000000000000e+00
6.759949113055088166e-01 1.417605202174318686e-03 0.000000000000000000e+00 -2.195242139988562713e-01 6.083408973690387356e-01 0.000000000000000000e+00
6.283802805344704812e-01 2.539474225038269167e-03 0.000000000000000000e+00 1.041153193485780115e-01 7.543829460407160958e-01 0.000000000000000000e+00
8.338384427849264702e-01 -2.191935347082840657e-04 0.000000000000000000e+00 -1.550550723946690634e-01 2.723989077498925049e-01 0.000000000000000000e+00
7.724109795553262270e-01 1.138174410124784437e-03 0.000000000000000000e+00 -7.886044941599174019e-02 4.280997249111270220e-01 0.000000000000000000e+00
7.989297939806134785e-01 1.947593891065105449e-04 0.000000000000000000e+00 1.217203692990549424e-01 3.615401536876416966e-01 0.000000000000000000e+00
7.328304890686958561e-01 2.145958739701017345e-03 0.000000000000000000e+00 6.518660514775528880e-02 5.148903071727022329e-01 0.000000000000000000e+00
-9.752624039296129421e-01 1.054336138612484185e-04 0.000000000000000000e+00 5.918842138804318587e-02 3.982950095020137971e-02 0.000000000000000000e+00
7.376424398597252186e-01 1.498296011567160513e-03 0.000000000000000000e+00 -7.944329694375154571e-02 5.023652116388129807e-01 0.000000000000000000e+00
8.003964786069712734e-01 -1.228864273439723639e-03 0.000000000000000000e+00 -1.199536960100498761e-01 3.590462914763866697e-01 0.000000000000000000e+00
7.824657014139384525e-01 -1.413303865732305157e-03 0.000000000000000000e+00 9.632986858109648942e-02 4.033388141330315202e-01 0.000000000000000000e+00
8.126352113892638673e-01 -9.178930597503508551e-04 0.000000000000000000e+00 1.519823181087925079e-01 3.201271965971632660e-01 0.000000000000000000e+00
8.475732833919934484e-01 8.385633340303230016e-04 0.000000000000000000e+00 1.982735607987139992e-01 2.083594352742333400e-01 0.000000000000000000e+00
-1.258311826935276656e+00 1.908777067407017858e-03 0.000000000000000000e+00 -2.069709222588758668e-02 4.189048642256342214e-01 0.000000000000000000e+00
-1.399306486577885700e+00 2.253380284233379161e-03 0.000000000000000000e+00 -1.161612775840480463e-02 6.247483988299535884e-01 0.000000000000000000e+00
9.018779291379043217e-01 1.804530433772491820e-04 0.000000000000000000e+00 -5.166367558528725534e-02 1.860334186568501635e-01 0.000000000000000000e+00
-1.001198646594913644e+00 1.368206602764748337e-05 0.000000000000000000e+00 -4.463930354972146797e-02 3.493874624173434751e-02 0.000000000000000000e+00
8.982960082267541502e-01 -3.109355681153638112e-05 0.000000000000000000e+00 6.052548756519701700e-02 1.893441538312954919e-01 0.000000000000000000e+00
-1.391027948314735863e+00 2.437681039976151431e-03 0.000000000000000000e+00 2.294790112421283071e-02 6.126368868874543239e-01 0.000000000000000000e+00
-1.059740364268128232e+00 2.346998253959756316e-04 0.000000000000000000e+00 1.054690086368390428e-01 4.860879551610522431e-02 0.000000000000000000e+00
-1.109872745608598610e+00 -2.802448545491005583e-04 0.000000000000000000e+00 -1.270256186639826812e-01 1.444106531017850248e-01 0.000000000000000000e+00
-1.402503008008893826e+00 1.126179456213690679e-03 0.000000000000000000e+00 -4.408533105299702881e-02 6.278493095600526930e-01 0.000000000000000000e+00
-1.364721002944300654e+00 1.304735738882165097e-03 0.000000000000000000e+00 -1.185248101945466925e-01 5.630480600545173520e-01 0.000000000000000000e+00
-1.314516420722706691e+00 1.436712370635721912e-03 0.000000000000000000e+00 1.429412684396851874e-01 4.817761049310707588e-01 0.000000000000000000e+00
-1.428749408280566291e+00 1.124323303118422712e-03 0.000000000000000000e+00 3.688963297732122948e-02 6.654983781470684701e-01 0.000000000000000000e+00
8.673210943823731478e-01 -7.587545669468301335e-04 0.000000000000000000e+00 -1.720248862899652897e-01 1.836304669907772580e-01 0.000000000000000000e+00
7.321650151908216664e-01 2.043818424887810896e-03 0.000000000000000000e+00 9.141661283763322099e-02 5.123497218689441191e-01 0.000000000000000000e+00
7.596952415332522968e-01 1.215875017617067903e-03 0.000000000000000000e+00 -1.272491160941060240e-01 4.438666008579803535e-01 0.000000000000000000e+00
-1.100959859690714193e+00 -8.734303957504286481e-04 0.000000000000000000e+00 2.869583960321950289e-02 1.762206814914728525e-01 0.000000000000000000e+00
9.375197557460064335e-01 2.160531331813124543e-04 0.000000000000000000e+00 8.993645161773139440e-02 1.138115349278453342e-01 0.000000000000000000e+00
9.346811307195851404e-01 -3.872559961041232082e-04 0.000000000000000000e+00 -9.117245070688012598e-02 1.165982060590585456e-01 0.000000000000000000e+00
9.294203718879705534e-01 3.948243100781690870e-04 0.000000000000000000e+00 8.526354249133191732e-02 1.282668595213347085e-01 0.000000000000000000e+00
9.453938096007019620e-01 4.475952984801107037e-04 0.000000000000000000e+00 -7.978609634346545132e-02 1.127892045840712537e-01 0.000000000000000000e+00
9.345252652790039249e-01 -1.965767704941619176e-04 0.000000000000000000e+00 1.055657062045423089e-01 1.039885910488303616e-01 0.000000000000000000e+00
9.358065866863837234e-01 3.758159592269117062e-04 0.000000000000000000e+00 -1.047511411061489844e-01 1.028680813297179752e-01 0.000000000000000000e+00
8.872361424344296088e-01 -8.876716056750926865e-04 0.000000000000000000e+00 4.593482896864514026e-02 2.120908468263998092e-01 0.000000000000000000e+00
6.364788200769551096e-01 3.010137685809327265e-03 0.000000000000000000e+00 3.978762094286790452e-02 7.403738626153263391e-01 0.000000000000000000e+00
7.419216700855921776e-01 -1.991842517434349452e-03 0.000000000000000000e+00 -2.128087474567615933e-01 4.518022238134147273e-01 0.000000000000000000e+00
7.966572363811001978e-01 2.854771915494595802e-04 0.000000000000000000e+00 2.234199716282782022e-01 3.147939951122826763e-01 0.000000000000000000e+00
7.900369920306400395e-01 -3.049438781659347293e-04 0.000000000000000000e+00 -2.308444281350065796e-01 3.258429400122244690e-01 0.000000000000000000e+00
6.898533500239066862e-01 -1.031278355256465577e-03 0.000000000000000000e+00 1.809473494610297772e-01 5.874802306110097350e-01 0.000000000000000000e+00
6.463750205018514716e-01 1.907843798304737631e-03 0.000000000000000000e+00 -7.786137048000009442e-02 7.129931878672854939e-01 0.000000000000000000e+00
8.546779705624338863e-01 9.023695046988782636e-04 0.000000000000000000e+00 -1.116296753259324037e-01 2.507792471469696416e-01 0.000000000000000000e+00
9.439728407516324582e-01 5.312690526643008837e-05 0.000000000000000000e+00 1.255091146435390326e-01 6.031116648182356654e-02 0.000000000000000000e+00
8.371977236619814189e-01 -9.163557467164575379e-04 0.000000000000000000e+00 -2.369374626973115849e-01 1.953246448677649072e-01 0.000000000000000000e+00
6.248132463593411012e-01 -1.656524601458045191e-03 0.000000000000000000e+00 -1.268820150985173201e-01 7.599448245922403311e-01 0.000000000000000000e+00
6.372569426699317141e-01 3.042969863765681779e-03 0.000000000000000000e+00 1.652477910960181429e-01 7.208305363268422417e-01 0.000000000000000000e+00
8.383227743696017864e-01 9.387157841064235758e-04 0.000000000000000000e+00 -1.500980223565487048e-01 2.654449526713774654e-01 0.000000000000000000e+00
7.575826661626223757e-01 1.611479617239251760e-03 0.000000000000000000e+00 -1.006477471239398784e-02 4.660717136653812487e-01 0.000000000000000000e+00
8.296273929164867944e-01 -1.175479696206883917e-04 0.000000000000000000e+00 1.461173689222572958e-01 2.863395723641057877e-01 0.000000000000000000e+00
6.854861066596631414e-01 2.140760191422386421e-03 0.000000000000000000e+00 1.537254574581327082e-01 6.055289193016029081e-01 0.000000000000000000e+00
6.500360395169524352e-01 2.925826807886599060e-03 0.000000000000000000e+00 -3.439713880840129800e-02 7.075147141916111604e-01 0.000000000000000000e+00
7.187106040985444810e-01 2.055609345011162777e-03 0.000000000000000000e+00 -1.895250279860247744e-01 5.161774737403139746e-01 0.000000000000000000e+00
8.240136797899066945e-01 -4.807876711188138318e-04 0.000000000000000000e+00 -1.496386357032123415e-01 2.966443371564200238e-01 0.000000000000000000e+00
7.607409153618358566e-01 -4.813070753261357825e-04 0.000000000000000000e+00 -4.883794268346125511e-02 4.569570011298169643e-01 0.000000000000000000e+00
7.942395954573895356e-01 1.189203456474440717e-03 0.000000000000000000e+00 1.214871665804917455e-01 3.715071357947604680e-01 0.000000000000000000e+00
7.313932891970088557e-01 -4.845977935452141540e-04 0.000000000000000000e+00 6.062917222974345544e-02 5.185915202056291529e-01 0.000000000000000000e+00
7.385964238448380348e-01 1.423330317752225568e-03 0.000000000000000000e+00 -8.024900595431724848e-02 5.001573477346137331e-01 0.000000000000000000e+00
7.959723934001650125e-01 -6.669877991638730602e-04 0.000000000000000000e+00 -1.192663996209105126e-01 3.685763733011585552e-01 0.000000000000000000e+00
7.709025628386868556e-01 -1.092080553375543786e-03 0.000000000000000000e+00 7.662104446606163299e-02 4.316705654947565751e-01 0.000000000000000000e+00
8.304973218268199009e-01 -4.171021149212300085e-05 0.000000000000000000e+00 1.542599776581078663e-01 2.801396758789129193e-01 0.000000000000000000e+00
6.318078630331804835e-01 3.558003311719595135e-05 0.000000000000000000e+00 3.358080483491333174e-03 7.530080292596379454e-01 0.000000000000000000e+00
8.154154231053267754e-01 6.289336785519784173e-04 0.000000000000000000e+00 -1.735649857141207120e-01 3.027059686423445584e-01 0.000000000000000000e+00
7.576955923463355447e-01 -6.184416621416301101e-04 0.000000000000000000e+00 1.365020419785969441e-01 4.455046141190759368e-01 0.000000000000000000e+00
-9.836332369967950573e-01 -1.039825162011333466e-04 0.000000000000000000e+00 -6.534623449762336569e-03 6.315046156582458659e-02 0.000000000000000000e+00
7.564933556870147013e-01 1.923076699051114863e-04 0.000000000000000000e+00 -1.355801856683993001e-01 4.484283969900141331e-01 0.000000000000000000e+00
8.110972268889855563e-01 -1.365191910005518830e-03 0.000000000000000000e+00 1.733318386902279462e-01 3.125423877375594905e-01 0.000000000000000000e+00
6.448015783220504282e-01 -1.311450646803226892e-03 0.000000000000000000e+00 6.355089493972476689e-02 7.182589471614831966e-01 0.000000000000000000e+00
6.954501154651415717e-01 1.479051531147509979e-03 0.000000000000000000e+00 -1.859756120410954727e-01 5.725002703540214011e-01 0.000000000000000000e+00
7.955050161146481891e-01 -1.170171335009021624e-03 0.000000000000000000e+00 2.295686914239468690e-01 3.132066164045852474e-01 0.000000000000000000e+00
7.848104259662183058e-01 -6.596019191648146845e-04 0.000000000000000000e+00 2.900401525655477708e-01 2.896692866024899171e-01 0.000000000000000000e+00
8.302286746344625934e-01 -6.842507794575175897e-04 0.000000000000000000e+00 -2.842442615411316931e-01 1.476736677736618653e-01 0.000000000000000000e+00
5.172642874513326827e-01 7.455367720573206208e-04 0.000000000000000000e+00 1.729277379016620486e-01 1.051353875338817634e+00 0.000000000000000000e+00
5.428598070535755049e-01 5.546603712306692573e-04 0.000000000000000000e+00 -2.709585534575707499e-01 9.523557021551111168e-01 0.000000000000000000e+00
6.775261070166773703e-01 2.412639977440424015e-03 0.000000000000000000e+00 3.754186354396926162e-01 5.222365358410873126e-01 0.000000000000000000e+00
4.881330057582425330e-01 -2.281578187663352558e-03 0.000000000000000000e+00 -1.117116673778421714e-02 1.155909710737731189e+00 0.000000000000000000e+00
7.051665043756326634e-01 -1.192312350480577779e-03 0.000000000000000000e+00 -3.617119184713659674e-01 4.534128641674260995e-01 0.000000000000000000e+00
5.602678726158389910e-01 -3.215540291069744067e-03 0.000000000000000000e+00 2.895517170985859035e-01 8.952270609342134478e-01 0.000000000000000000e+00
5.147043240138224895e-01 -4.985749190777604908e-03 0.000000000000000000e+00 -8.219871065283129719e-02 1.069993638147687776e+00 0.000000000000000000e+00
6.499352862804619324e-01 7.696336537844528265e-04 0.000000000000000000e+00 -3.557696980819271548e-01 6.128402088746486287e-01 0.000000000000000000e+00
6.259110648305308278e-01 -1.245707229380513259e-03 0.000000000000000000e+00 3.465971929042077626e-01 6.850372351291085238e-01 0.000000000000000000e+00
5.161919209273733156e-01 -2.824883323080672713e-03 0.000000000000000000e+00 7.276353737431601187e-02 1.066212429788159444e+00 0.000000000000000000e+00
5.621396297759426730e-01 1.050185650381656871e-03 0.000000000000000000e+00 -2.800641151658552763e-01 8.928113604684890792e-01 0.000000000000000000e+00
7.377646682924263732e-01 -1.525205155846086000e-03 0.000000000000000000e+00 3.477557885182246955e-01 3.707935997082633106e-01 0.000000000000000000e+00
4.770239902773331653e-01 -4.823014350819646370e-03 0.000000000000000000e+00 -2.148928292739829549e-02 1.191703502295390127e+00 0.000000000000000000e+00
7.635669272240159788e-01 4.273886847622199170e-04 0.000000000000000000e+00 3.574968505506133098e-01 2.792914248443403302e-01 0.000000000000000000e+00
7.821434174263734995e-01 1.885665761540596119e-05 0.000000000000000000e+00 -3.486061802559619616e-01 2.258015693291393067e-01 0.000000000000000000e+00
4.656728398269582847e-01 -2.448663382192220808e-03 0.000000000000000000e+00 -7.512428134297838289e-02 1.227361812354459847e+00 0.000000000000000000e+00
6.147364249592661700e-01 1.273627129302139574e-03 0.000000000000000000e+00 4.320698717577953207e-01 6.684759761427843117e-01 0.000000000000000000e+00
4.852386152460840263e-01 -5.543499924987185280e-03 0.000000000000000000e+00 -2.719449917812788442e-01 1.133012535131715737e+00 0.000000000000000000e+00
4.977914521083187660e-01 2.663498090039091021e-03 0.000000000000000000e+00 3.217088528324889007e-01 1.078407569994990656e+00 0.000000000000000000e+00
5.800423240860413943e-01 -2.932982756476614633e-03 0.000000000000000000e+00 -4.266534785720949019e-01 7.773817146304342618e-01 0.000000000000000000e+00
4.641961322701915194e-01 5.708764968574772322e-03 0.000000000000000000e+00 1.013085555112213654e-01 1.230375989202463494e+00 0.000000000000000000e+00
7.912702097312966920e-01 2.094617606914457933e-04 0.000000000000000000e+00 3.413501649778829528e-01 2.024016384015922820e-01 0.000000000000000000e+00
7.595245786349222872e-01 -1.083983753596739433e-03 0.000000000000000000e+00 -3.582769940509684670e-01 2.918679674097777177e-01 0.000000000000000000e+00
4.813184896430108273e-01 1.870352037129483988e-03 0.000000000000000000e+00 5.298681908750203784e-02 1.176755586740949822e+00 0.000000000000000000e+00
6.841216342188423116e-01 -1.617138996466420398e-03 0.000000000000000000e+00 -3.809562688228676497e-01 4.991259897696007641e-01 0.000000000000000000e+00
5.239778916504664874e-01 -4.160395040217272980e-03 0.000000000000000000e+00 2.394439121793442982e-01 1.017526508691793508e+00 0.000000000000000000e+00
-9.469605080990326496e-01 -1.588409146228053799e-05 0.000000000000000000e+00 5.817410745003624012e-02 9.277732724080771376e-02 0.000000000000000000e+00
5.297949920227282838e-01 -9.473238026013568180e-04 0.000000000000000000e+00 -2.498210846840785426e-01 9.973334830048645738e-01 0.000000000000000000e+00
6.668385612758105374e-01 -4.962193454898129741e-05 0.000000000000000000e+00 3.849065934618454143e-01 5.462498646851356998e-01 0.000000000000000000e+00
4.849547280790530435e-01 5.366530227642473880e-03 0.000000000000000000e+00 -5.232923804879285878e-02 1.164921556183645235e+00 0.000000000000000000e+00
8.480155437121553730e-01 -3.477331788599886953e-04 0.000000000000000000e+00 2.701670521466177921e-01 9.625303407023733104e-02 0.000000000000000000e+00
7.652040270011351009e-01 8.055673110588072727e-04 0.000000000000000000e+00 -3.205281352816891638e-01 3.162047312555121836e-01 0.000000000000000000e+00
6.263433230950780084e-01 1.147496688472500817e-03 0.000000000000000000e+00 3.225812551016447594e-01 6.954756593086791616e-01 0.000000000000000000e+00
5.358872184854928111e-01 -1.443065548940425987e-03 0.000000000000000000e+00 1.337994988818611564e-01 1.001402703477639378e+00 0.000000000000000000e+00
-9.556135364944093880e-01 -2.467839800974732170e-05 0.000000000000000000e+00 2.643441456446116167e-02 9.288673009218723076e-02 0.000000000000000000e+00
5.377340556226445356e-01 -2.800289988989332346e-03 0.000000000000000000e+00 -1.379770069576605196e-01 9.954035137594501315e-01 0.000000000000000000e+00
6.318402899886945701e-01 -2.305187405038654300e-03 0.000000000000000000e+00 -3.242105419207759187e-01 6.795609724545745856e-01 0.000000000000000000e+00
7.615218853786733799e-01 6.063998773354305205e-04 0.000000000000000000e+00 3.215013408000980122e-01 3.260974591007071988e-01 0.000000000000000000e+00
4.852623138261102920e-01 -5.290469184862105559e-03 0.000000000000000000e+00 4.875227448346946407e-02 1.164087666999704673e+00 0.000000000000000000e+00
6.664914816815810106e-01 1.844191009735590171e-03 0.000000000000000000e+00 -3.857289813443358639e-01 5.466661785619052472e-01 0.000000000000000000e+00
5.317170951315017824e-01 3.104047638571786130e-03 0.000000000000000000e+00 2.497969353436286788e-01 9.914912382383511691e-01 0.000000000000000000e+00
-9.387731444641974621e-01 -2.976689416143949189e-04 0.000000000000000000e+00 -9.529423674271506051e-02 7.679119064720577037e-02 0.000000000000000000e+00
5.247876460631827333e-01 -3.969815031702568324e-03 0.000000000000000000e+00 -2.245738172769111141e-01 1.018450001239055158e+00 0.000000000000000000e+00
6.932335158485358750e-01 -1.310800123679144169e-06 0.000000000000000000e+00 3.792135743129707581e-01 4.739796271207650791e-01 0.000000000000000000e+00
4.788775511055078926e-01 -6.264336647589831275e-04 0.000000000000000000e+00 -6.114166381140542783e-02 1.184333442671396064e+00 0.000000000000000000e+00
7.230359475388938861e-01 6.197068646096228622e-04 0.000000000000000000e+00 3.851503106791485109e-01 3.790278705578015717e-01 0.000000000000000000e+00
4.637376297098996236e-01 1.166156504115349948e-03 0.000000000000000000e+00 -2.330671904556975149e-01 1.214042303220022490e+00 0.000000000000000000e+00
4.903119908869756349e-01 2.073065513544128900e-03 0.000000000000000000e+00 3.368950164520760904e-01 1.098533413930082414e+00 0.000000000000000000e+00
6.038179590964598553e-01 1.845508529012343524e-04 0.000000000000000000e+00 -4.479233317195149278e-01 6.916292396184928748e-01 0.000000000000000000e+00
4.537946512417551648e-01 6.303807402781135515e-03 0.000000000000000000e+00 5.900419616302646567e-03 1.270025251877012318e+00 0.000000000000000000e+00
6.253179237096825327e-01 1.191442282143260166e-03 0.000000000000000000e+00 4.462348303828198581e-01 6.265618639245003063e-01 0.000000000000000000e+00
4.837331142348384461e-01 -1.769397998215771137e-04 0.000000000000000000e+00 -3.322026502265669201e-01 1.122012723158533731e+00 0.000000000000000000e+00
4.610311520161369803e-01 1.244672057010954604e-03 0.000000000000000000e+00 2.284687802924961764e-01 1.224248875866136732e+00 0.000000000000000000e+00
8.137667042185569022e-01 6.935855086332384269e-04 0.000000000000000000e+00 3.227399579494746318e-01 1.409121522164109575e-01 0.000000000000000000e+00
7.390902074996099635e-01 1.239058663546693632e-03 0.000000000000000000e+00 -3.806452878075907154e-01 3.326311038208605853e-01 0.000000000000000000e+00
4.706568789412510778e-01 -2.689310061478497951e-03 0.000000000000000000e+00 2.348469420980995453e-03 1.212979793305504650e+00 0.000000000000000000e+00
7.367759120309256282e-01 -2.456860212318630072e-04 0.000000000000000000e+00 3.818361821404588352e-01 3.388228616271389271e-01 0.000000000000000000e+00
8.229453639993091763e-01 -4.188460193020725891e-04 0.000000000000000000e+00 -3.120151309246566584e-01 1.200540314768693273e-01 0.000000000000000000e+00
4.615358302786807254e-01 -1.244914311189067313e-03 0.000000000000000000e+00 -2.399570562446675659e-01 1.220302742572525245e+00 0.000000000000000000e+00
4.778186942085053124e-01 -7.379268438311731987e-04 0.000000000000000000e+00 3.197639971913582846e-01 1.145604475172354864e+00 0.000000000000000000e+00
6.451798628439842087e-01 1.207334919145507113e-03 0.000000000000000000e+00 -4.418808196917473063e-01 5.686652898140009960e-01 0.000000000000000000e+00
4.562240516894009446e-01 -5.075843453067272089e-03 0.000000000000000000e+00 -1.758190921778238214e-02 1.261594332012289765e+00 0.000000000000000000e+00
6.104289390526566050e-01 1.309547322574437095e-03 0.000000000000000000e+00 4.432170160444287021e-01 6.743523998938195652e-01 0.000000000000000000e+00
4.858639044424793996e-01 3.885198451157001812e-03 0.000000000000000000e+00 -3.297574610957469399e-01 1.115517162177208643e+00 0.000000000000000000e+00
4.704526643136517361e-01 1.671567187743070327e-03 0.000000000000000000e+00 2.530493684776248253e-01 1.187019420662652092e+00 0.000000000000000000e+00
6.819205126495149205e-01 -1.680237023297715977e-03 0.000000000000000000e+00 -4.131562407239643964e-01 4.795538866513517906e-01 0.000000000000000000e+00
4.688947824387824648e-01 -4.763962212610500443e-03 0.000000000000000000e+00 4.128027394448363641e-02 1.218100900967188149e+00 0.000000000000000000e+00
7.705962846595005855e-01 -5.173506955276243983e-05 0.000000000000000000e+00 3.564300495960376347e-01 2.563846648048700994e-01 0.000000000000000000e+00
7.697747484078977243e-01 7.464561788581244341e-04 0.000000000000000000e+00 -3.574325810650200719e-01 2.579000739633717787e-01 0.000000000000000000e+00
4.690378321178503285e-01 -2.768551601139158588e-03 0.000000000000000000e+00 -3.200148341617352343e-02 1.217955938576974040e+00 0.000000000000000000e+00
6.795212889565516168e-01 7.065544508928298800e-04 0.000000000000000000e+00 4.149140794865923132e-01 4.853774493973924686e-01 0.000000000000000000e+00
4.701986361050987107e-01 6.614273541767725674e-04 0.000000000000000000e+00 -2.558191111984998156e-01 1.187298958041980379e+00 0.000000000000000000e+00
4.890871645331553164e-01 4.339338628615141587e-03 0.000000000000000000e+00 3.200854782205161397e-01 1.107566890431730400e+00 0.000000000000000000e+00
6.075562199010291486e-01 -9.621484459941560125e-04 0.000000000000000000e+00 -4.434349607541548943e-01 6.830297260817068672e-01 0.000000000000000000e+00
4.561298690624420171e-01 -2.167317952989163479e-03 0.000000000000000000e+00 3.190693972090726666e-02 1.261716867539417253e+00 0.000000000000000000e+00
6.481742928072397048e-01 -1.336969909215371746e-03 0.000000000000000000e+00 4.412056970025256541e-01 5.599573464887146468e-01 0.000000000000000000e+00
4.764833399749149323e-01 3.386884810335505022e-03 0.000000000000000000e+00 -3.241993183732870820e-01 1.148868171438210517e+00 0.000000000000000000e+00
4.605938422747605232e-01 2.590028464420090354e-03 0.000000000000000000e+00 2.348865864617806221e-01 1.224530806528747018e+00 0.000000000000000000e+00
7.981544862602890644e-01 7.241642936469793596e-05 0.000000000000000000e+00 3.414956331712868387e-01 1.734833258534352884e-01 0.000000000000000000e+00
7.442357930625440599e-01 -1.186985301251647536e-03 0.000000000000000000e+00 -3.798331554975185043e-01 3.165971954497809326e-01 0.000000000000000000e+00
4.654924466956175677e-01 -7.208157318568820388e-04 0.000000000000000000e+00 -4.543387823546068960e-02 1.229446712911604234e+00 0.000000000000000000e+00
6.454635598187686840e-01 1.604991404175610571e-03 0.000000000000000000e+00 4.284189034715925049e-01 5.780128071779087051e-01 0.000000000000000000e+00
4.777606674350437510e-01 -4.961892333843712088e-03 0.000000000000000000e+00 -2.580204742102939486e-01 1.161174556974945871e+00 0.000000000000000000e+00
4.946775023280867711e-01 3.679485728409742380e-03 0.000000000000000000e+00 3.235383444795483232e-01 1.088069825290689296e+00 0.000000000000000000e+00
5.878857028869568513e-01 1.400424702759804282e-03 0.000000000000000000e+00 -4.396599103429194022e-01 7.458665672098439003e-01 0.000000000000000000e+00
4.592899207044900400e-01 1.145182542464708367e-03 0.000000000000000000e+00 7.066544555399606464e-02 1.249310108018809373e+00 0.000000000000000000e+00
7.056251571979679227e-01 2.093872536595882405e-04 0.000000000000000000e+00 4.122293702611163346e-01 4.065745188986186198e-01 0.000000000000000000e+00
4.682013988029345430e-01 1.225051370932780589e-03 0.000000000000000000e+00 -3.370923434775280336e-01 1.173773522529350188e+00 0.000000000000000000e+00
4.419071500079708725e-01 5.300997729922924187e-03 0.000000000000000000e+00 1.703297628689797727e-01 1.300676819559439590e+00 0.000000000000000000e+00
6.186665556745130079e-01 1.876373898003193263e-03 0.000000000000000000e+00 4.754402393283659878e-01 6.258741120759249155e-01 0.000000000000000000e+00
4.989770415122587455e-01 3.790558237545634500e-03 0.000000000000000000e+00 -4.476896349860754465e-01 1.028433959161098254e+00 0.000000000000000000e+00
4.243913696455551277e-01 5.129080748079553435e-03 0.000000000000000000e+00 -3.046935273564037316e-02 1.375136775568458036e+00 0.000000000000000000e+00
4.888124057406411094e-01 4.244833455060567293e-03 0.000000000000000000e+00 4.127331474461675143e-01 1.077439521212294915e+00 0.000000000000000000e+00
6.527466507682984087e-01 -1.192397663089260571e-03 0.000000000000000000e+00 -4.580034378947802631e-01 5.318106309854722102e-01 0.000000000000000000e+00
4.462843049534959139e-01 2.712739354486361741e-03 0.000000000000000000e+00 -1.773691189252319111e-01 1.284181871600130087e+00 0.000000000000000000e+00
4.837101418869548253e-01 8.633430017570570963e-04 0.000000000000000000e+00 3.567413144372323930e-01 1.114534111373052250e+00 0.000000000000000000e+00
6.356933790760129765e-01 -2.008597472519118438e-03 0.000000000000000000e+00 -4.499329648644324608e-01 5.918001165956952025e-01 0.000000000000000000e+00
4.500245927645203925e-01 4.162616538191235560e-03 0.000000000000000000e+00 -7.204800663380513115e-02 1.281195730058509508e+00 0.000000000000000000e+00
5.544498028386896094e-01 -1.158719464432643280e-03 0.000000000000000000e+00 4.393854654258617654e-01 8.504141234171300745e-01 0.000000000000000000e+00
5.175398722267281482e-01 -4.823531033106316993e-03 0.000000000000000000e+00 -3.916871592615569497e-01 9.899366347923438392e-01 0.000000000000000000e+00
4.537125312521040899e-01 1.385811335712540046e-03 0.000000000000000000e+00 1.455758428089654888e-01 1.262105559506410568e+00 0.000000000000000000e+00
6.974772415725596364e-01 -1.160225152154579706e-03 0.000000000000000000e+00 4.271320207425390869e-01 4.176173482573737883e-01 0.000000000000000000e+00
4.739226855840137920e-01 -2.690099251916738821e-05 0.000000000000000000e+00 -3.877303359012165274e-01 1.137978105900524506e+00 0.000000000000000000e+00
4.255319821080299492e-01 -2.006330275673457765e-03 0.000000000000000000e+00 7.463821352725330538e-02 1.369305868000340487e+00 0.000000000000000000e+00
5.199746125123136942e-01 2.814124227606859020e-03 0.000000000000000000e+00 4.610143574328271487e-01 9.515446464986789810e-01 0.000000000000000000e+00
5.855029348052145366e-01 -1.197614503160397952e-03 0.000000000000000000e+00 -4.855020704653967289e-01 7.245315423136917676e-01 0.000000000000000000e+00
4.353995209990438320e-01 2.470606281019098807e-03 0.000000000000000000e+00 -1.710330679032723566e-01 1.324210403767909217e+00 0.000000000000000000e+00
4.628554917234947164e-01 3.549981599545354999e-03 0.000000000000000000e+00 3.250547159376604989e-01 1.195775874945195216e+00 0.000000000000000000e+00
7.733967868685110991e-01 5.109392805198323742e-05 0.000000000000000000e+00 3.748056048870422874e-01 2.173802449922046798e-01 0.000000000000000000e+00
7.403170421834284198e-01 -1.016367987673242462e-03 0.000000000000000000e+00 -3.992844411448203124e-01 3.056994188829663672e-01 0.000000000000000000e+00
4.565884612048088931e-01 -4.492481318658082118e-03 0.000000000000000000e+00 -2.211649674762035667e-01 1.240945352242167843e+00 0.000000000000000000e+00
4.746412669170166909e-01 -6.731350377517275781e-04 0.000000000000000000e+00 3.219578022867428668e-01 1.155832229605845862e+00 0.000000000000000000e+00
6.615472482870325965e-01 2.113475724935517941e-03 0.000000000000000000e+00 -4.368331447073835472e-01 5.221442102870487156e-01 0.000000000000000000e+00
4.568013067858647247e-01 4.632265800944054997e-03 0.000000000000000000e+00 -4.733390070056119059e-02 1.258861450108761382e+00 0.000000000000000000e+00
6.030909897783578444e-01 1.577483802879132719e-03 0.000000000000000000e+00 4.414040853746335480e-01 6.980341564415083466e-01 0.000000000000000000e+00
4.877636791581109188e-01 4.798702844620183865e-03 0.000000000000000000e+00 -3.319559445139772524e-01 1.108473557972006418e+00 0.000000000000000000e+00
4.727632977416076909e-01 1.408385445217821223e-03 0.000000000000000000e+00 2.571870911094559231e-01 1.178285189830003965e+00 0.000000000000000000e+00
6.646961505514557000e-01 2.037902942415917296e-03 0.000000000000000000e+00 -4.243661460884142755e-01 5.227336656073675591e-01 0.000000000000000000e+00
4.668810830059974548e-01 -5.161803425574680929e-03 0.000000000000000000e+00 4.181367966920529478e-02 1.224813079670240779e+00 0.000000000000000000e+00
7.480334023213208727e-01 1.377227105618935438e-03 0.000000000000000000e+00 3.756077842511340581e-01 3.090102187424269564e-01 0.000000000000000000e+00
7.928257584605227226e-01 6.424083787297985189e-04 0.000000000000000000e+00 -3.462739887853405474e-01 1.873744404052985479e-01 0.000000000000000000e+00
4.595484451185451458e-01 1.816893079544190659e-03 0.000000000000000000e+00 -2.184797200227140412e-01 1.231192956149498752e+00 0.000000000000000000e+00
4.916115015435884583e-01 4.255634461636940806e-03 0.000000000000000000e+00 3.418482421340361954e-01 1.092625973441029963e+00 0.000000000000000000e+00
6.040933710850973082e-01 3.222805743225407894e-05 0.000000000000000000e+00 -4.501017793906388897e-01 6.893649221517210712e-01 0.000000000000000000e+00
4.521803854573981374e-01 6.159290940090010602e-03 0.000000000000000000e+00 -6.395541692206272583e-03 1.275622804197955595e+00 0.000000000000000000e+00
6.053538000869600477e-01 -3.351457338510176014e-03 0.000000000000000000e+00 4.539427989257993623e-01 6.829012289983088513e-01 0.000000000000000000e+00
4.889800899501297593e-01 5.057759148767810783e-04 0.000000000000000000e+00 -3.466591046640022933e-01 1.099965164390993788e+00 0.000000000000000000e+00
4.593046513880201798e-01 -1.008629007481998130e-03 0.000000000000000000e+00 2.177564802229492724e-01 1.232174855285917303e+00 0.000000000000000000e+00
7.874396672063930236e-01 -1.178217035552138123e-04 0.000000000000000000e+00 3.520650947672731568e-01 1.993599219890705432e-01 0.000000000000000000e+00
7.475709066529203639e-01 2.680721627734807336e-04 0.000000000000000000e+00 -3.787779934298546314e-01 3.066867225470082392e-01 0.000000000000000000e+00
4.643968103434069072e-01 2.898911621682728409e-03 0.000000000000000000e+00 -6.408610755250351843e-02 1.232285129750754216e+00 0.000000000000000000e+00
6.267454888232755206e-01 1.286434758419995571e-03 0.000000000000000000e+00 4.325783574174369428e-01 6.317411113497974906e-01 0.000000000000000000e+00
4.794806906687692494e-01 5.573897330064744166e-03 0.000000000000000000e+00 -2.829412118035981027e-01 1.149545774913966145e+00 0.000000000000000000e+00
4.938609915635105985e-01 -6.731426434114025532e-04 0.000000000000000000e+00 3.243570645420713605e-01 1.090562116967843664e+00 0.000000000000000000e+00
5.868951800073050062e-01 -1.026784515083744090e-03 0.000000000000000000e+00 -4.339453044251408986e-01 7.522525675683907620e-01 0.000000000000000000e+00
4.614617895671930814e-01 3.057665253682631534e-03 0.000000000000000000e+00 8.255025100529722604e-02 1.241141326998223882e+00 0.000000000000000000e+00
7.373492764595723781e-01 -6.539931632748921531e-05 0.000000000000000000e+00 3.896208041807605049e-01 3.279321157494234917e-01 0.000000000000000000e+00
8.006724965854301601e-01 -2.017014699550449168e-04 0.000000000000000000e+00 -3.408338974332920102e-01 1.634893457422494922e-01 0.000000000000000000e+00
4.613826234113200808e-01 -1.629948192372054037e-03 0.000000000000000000e+00 -2.770852120623559789e-01 1.212947839069356881e+00 0.000000000000000000e+00
4.576187785383486473e-01 1.042376825775767017e-03 0.000000000000000000e+00 2.589165548040208154e-01 1.230086232723922812e+00 0.000000000000000000e+00
7.552392328249206699e-01 5.541695890690827644e-04 0.000000000000000000e+00 3.881065665115168706e-01 2.670906338363349120e-01 0.000000000000000000e+00
7.573913931816760314e-01 -1.067907517077507215e-03 0.000000000000000000e+00 -3.862190280280063392e-01 2.618199692443814453e-01 0.000000000000000000e+00
4.571499460704229190e-01 2.123730624001667934e-03 0.000000000000000000e+00 -2.684453775787282725e-01 1.229674509109800695e+00 0.000000000000000000e+00
4.595553505804019223e-01 2.422084779061323828e-03 0.000000000000000000e+00 2.691155361099306642e-01 1.221099006589162705e+00 0.000000000000000000e+00
7.722589485986005586e-01 1.982558456394035995e-04 0.000000000000000000e+00 3.718764787168730157e-01 2.268971171891896732e-01 0.000000000000000000e+00
7.447126536009771591e-01 1.269128151761200404e-03 0.000000000000000000e+00 -3.921423816544549745e-01 2.995468916272814308e-01 0.000000000000000000e+00
4.575130194331432643e-01 -3.478500544412102026e-03 0.000000000000000000e+00 -1.774159609587461217e-01 1.244773548950987241e+00 0.000000000000000000e+00
5.048640066861975750e-01 3.298879067705987739e-03 0.000000000000000000e+00 3.712376348591435726e-01 1.039011858413288580e+00 0.000000000000000000e+00
5.725104930972608752e-01 2.231517200397022029e-03 0.000000000000000000e+00 -4.481523552403066102e-01 7.887643340990445617e-01 0.000000000000000000e+00
4.508698283611027868e-01 -3.014105291372714580e-03 0.000000000000000000e+00 4.521623670719880639e-02 1.279507703181742340e+00 0.000000000000000000e+00
6.234975147610539725e-01 -1.177219800855594696e-03 0.000000000000000000e+00 4.532081195545665242e-01 6.271869521875880205e-01 0.000000000000000000e+00
4.836718850366355515e-01 4.449786753518925053e-03 0.000000000000000000e+00 -3.565043544409563503e-01 1.114672203292049746e+00 0.000000000000000000e+00
4.523883038876343465e-01 -1.007584059065699117e-05 0.000000000000000000e+00 1.954333709801162611e-01 1.260006621622404843e+00 0.000000000000000000e+00
7.017248354606790972e-01 -8.703804663656418764e-05 0.000000000000000000e+00 4.287702889053143784e-01 4.020305631591979401e-01 0.000000000000000000e+00
4.784752772728745329e-01 -5.564944608258588082e-03 0.000000000000000000e+00 -4.054738617003326162e-01 1.115768858985934919e+00 0.000000000000000000e+00
4.193103524904121526e-01 -4.061246151129568188e-03 0.000000000000000000e+00 1.525232768720035520e-02 1.394451255879826101e+00 0.000000000000000000e+00
4.792099871298097225e-01 -4.263871237966987068e-03 0.000000000000000000e+00 4.298802889647511671e-01 1.104067097832970301e+00 0.000000000000000000e+00
6.845125358435557583e-01 1.760109230643494907e-03 0.000000000000000000e+00 -4.424083983150987054e-01 4.443062151488540445e-01 0.000000000000000000e+00
4.496161691215092571e-01 6.166327814938918524e-03 0.000000000000000000e+00 -2.055683249287749981e-01 1.268019273433142802e+00 0.000000000000000000e+00
4.796658215829308070e-01 -3.350336135756079754e-03 0.000000000000000000e+00 3.491484945919535732e-01 1.130646260540768777e+00 0.000000000000000000e+00
6.396524679528267088e-01 2.153218296048209530e-03 0.000000000000000000e+00 -4.497148231353774728e-01 5.796836068916244589e-01 0.000000000000000000e+00
4.525213318954390829e-01 -4.570834801038725984e-03 0.000000000000000000e+00 -4.822032926927930646e-02 1.273610498068792340e+00 0.000000000000000000e+00
5.712902175868841415e-01 1.304536685399322604e-03 0.000000000000000000e+00 4.408305210787853978e-01 7.966975855788500649e-01 0.000000000000000000e+00
5.056290522302695489e-01 -2.473242032103417642e-03 0.000000000000000000e+00 -3.703799901469111422e-01 1.036823730913547958e+00 0.000000000000000000e+00
4.583664638241370382e-01 -5.577994064535810037e-03 0.000000000000000000e+00 1.981003241628149780e-01 1.238618346586155994e+00 0.000000000000000000e+00
7.773556979950428936e-01 -4.432435428870645788e-04 0.000000000000000000e+00 3.610303565812555959e-01 2.245129695947590265e-01 0.000000000000000000e+00
7.526872689729846577e-01 4.878683699562629157e-04 0.000000000000000000e+00 -3.763984391131685037e-01 2.922244069995074689e-01 0.000000000000000000e+00
4.631702739782264100e-01 -3.120670164860277207e-03 0.000000000000000000e+00 -7.851087027192135692e-02 1.235599358728573627e+00 0.000000000000000000e+00
5.979628581766682771e-01 7.659474602650980651e-04 0.000000000000000000e+00 4.343103231928210350e-01 7.181283582321604797e-01 0.000000000000000000e+00
4.890798207501502182e-01 1.155870788897115850e-03 0.000000000000000000e+00 -3.062202776546445460e-01 1.111562501229551803e+00 0.000000000000000000e+00
4.886212194973764689e-01 4.110460169934356325e-03 0.000000000000000000e+00 2.926397505515849762e-01 1.116677593929109591e+00 0.000000000000000000e+00
6.042240538322922738e-01 -2.303434385728778816e-03 0.000000000000000000e+00 -4.329115223311131300e-01 6.998767373489971355e-01 0.000000000000000000e+00
4.629708937801430002e-01 -5.173963702205816237e-03 0.000000000000000000e+00 8.585932430007722771e-02 1.235723958492971342e+00 0.000000000000000000e+00
7.547199773868378259e-01 1.116828336562353339e-03 0.000000000000000000e+00 3.737591266126694123e-01 2.886200212334154580e-01 0.000000000000000000e+00
7.796599437842268721e-01 -6.266870206619304037e-04 0.000000000000000000e+00 -3.583268250869335869e-01 2.199106140210600469e-01 0.000000000000000000e+00
4.601661108687554735e-01 -5.751068330898009319e-03 0.000000000000000000e+00 -1.803201256844350342e-01 1.235117682776242454e+00 0.000000000000000000e+00
5.056024469857209880e-01 -3.805259429632652443e-04 0.000000000000000000e+00 3.754518944853430518e-01 1.035104919086827113e+00 0.000000000000000000e+00
5.680359270764409052e-01 1.092491719150590328e-03 0.000000000000000000e+00 -4.424731008957752953e-01 8.059753632774981913e-01 0.000000000000000000e+00
4.524037243470736547e-01 -2.426338016100483899e-03 0.000000000000000000e+00 6.267254383968687281e-02 1.273447389297062138e+00 0.000000000000000000e+00
6.470588640725497553e-01 2.579748146093604425e-03 0.000000000000000000e+00 4.434536449153896331e-01 5.616243720824374286e-01 0.000000000000000000e+00
4.784165608168562955e-01 4.913072446980984442e-03 0.000000000000000000e+00 -3.516435556825037168e-01 1.134098058968866951e+00 0.000000000000000000e+00
4.486773482135044122e-01 -5.886707845574892795e-03 0.000000000000000000e+00 2.023827919836160838e-01 1.271868390739384846e+00 0.000000000000000000e+00
6.772794749144408488e-01 -3.816530763518727679e-04 0.000000000000000000e+00 4.463290439346747074e-01 4.639255271567993000e-01 0.000000000000000000e+00
4.831753846542039543e-01 -1.257785839979372496e-03 0.000000000000000000e+00 -4.225332455650043784e-01 1.093156247900102684e+00 0.000000000000000000e+00
4.201667225840416409e-01 -5.384983561679290189e-03 0.000000000000000000e+00 3.516405279434745533e-03 1.391252170194304583e+00 0.000000000000000000e+00
4.775503587265029215e-01 -4.743444957833353737e-03 0.000000000000000000e+00 4.243959726559357604e-01 1.111980702783843533e+00 0.000000000000000000e+00
6.892086842797935375e-01 2.345213572205618463e-05 0.000000000000000000e+00 -4.371430089521814999e-01 4.343128564231932276e-01 0.000000000000000000e+00
4.516519971097678332e-01 -3.686581398154025781e-03 0.000000000000000000e+00 -1.822753846299851044e-01 1.264508206667569024e+00 0.000000000000000000e+00
4.852918098155556970e-01 -2.893048156916684134e-03 0.000000000000000000e+00 3.590144600709401779e-01 1.108415087286181322e+00 0.000000000000000000e+00
6.223629607316389922e-01 -1.290597858229328848e-03 0.000000000000000000e+00 -4.518965474700183393e-01 6.316460331519708760e-01 0.000000000000000000e+00
4.501383577179260409e-01 3.529704299648575745e-03 0.000000000000000000e+00 -4.816776677579462373e-02 1.281938656934640264e+00 0.000000000000000000e+00
5.705934371794781912e-01 2.265974230110066445e-03 0.000000000000000000e+00 4.424848602335611503e-01 7.979509487421618807e-01 0.000000000000000000e+00
5.070948804721457925e-01 -1.666482023200355211e-03 0.000000000000000000e+00 -3.803596707157390067e-01 1.028400791214336252e+00 0.000000000000000000e+00
4.548704701004572248e-01 -3.084366987499267097e-03 0.000000000000000000e+00 1.751826054082900042e-01 1.254273817654844692e+00 0.000000000000000000e+00
7.247559748150559367e-01 8.456933641456474554e-04 0.000000000000000000e+00 4.075257009486251691e-01 3.491049897491151910e-01 0.000000000000000000e+00
8.099483076944014037e-01 6.453479614593831369e-04 0.000000000000000000e+00 -3.340725820547483793e-01 1.332374095724059293e-01 0.000000000000000000e+00
4.676820775480399761e-01 -2.219748813723426868e-03 0.000000000000000000e+00 -3.601078297766963088e-01 1.168731769587950442e+00 0.000000000000000000e+00
4.281523418037262996e-01 -2.275874031464089793e-03 0.000000000000000000e+00 1.139612295266555775e-01 1.356878029128110619e+00 0.000000000000000000e+00
5.397020886989464250e-01 1.538002047691954671e-03 0.000000000000000000e+00 4.769708031973923790e-01 8.780949037277296920e-01 0.000000000000000000e+00
-9.264426940353038820e-01 -1.829334033872230981e-04 0.000000000000000000e+00 9.870862578643475882e-02 1.029768961232695179e-01 0.000000000000000000e+00
5.579668786394611502e-01 -7.854623826161859224e-04 0.000000000000000000e+00 -4.846376066344296740e-01 8.140156031591045949e-01 0.000000000000000000e+00
4.312797640464308135e-01 -5.425977839889472437e-04 0.000000000000000000e+00 -1.371685377084360669e-01 1.343221662989660947e+00 0.000000000000000000e+00
4.624513243094638959e-01 -3.062910993764665461e-03 0.000000000000000000e+00 3.507582006496583471e-01 1.189933339302774673e+00 0.000000000000000000e+00
7.787336863711002977e-01 8.113991220434031357e-04 0.000000000000000000e+00 3.698699013095056998e-01 2.038460174380891943e-01 0.000000000000000000e+00
7.355606795533864428e-01 6.447986077028067253e-05 0.000000000000000000e+00 -4.040446035742202291e-01 3.162912148268691714e-01 0.000000000000000000e+00
4.549612770337089218e-01 2.746473184470096460e-03 0.000000000000000000e+00 -2.329469252779100552e-01 1.244535242633078909e+00 0.000000000000000000e+00
4.740950895746278704e-01 1.293553261647041944e-03 0.000000000000000000e+00 3.170456957341145632e-01 1.159055032131228291e+00 0.000000000000000000e+00
6.706623030485997505e-01 -2.244059798149618083e-03 0.000000000000000000e+00 -4.290868617065894952e-01 5.004726896165816452e-01 0.000000000000000000e+00
4.579165921316975529e-01 -5.952422091049667553e-03 0.000000000000000000e+00 -3.180698099421026825e-02 1.255474038734975650e+00 0.000000000000000000e+00
6.051833522149734357e-01 -1.866924303257158808e-03 0.000000000000000000e+00 4.443720857684937409e-01 6.897132498574106707e-01 0.000000000000000000e+00
4.888000940388008697e-01 -4.467709944983242962e-03 0.000000000000000000e+00 -3.128869572591506110e-01 1.110573498552650751e+00 0.000000000000000000e+00
4.742249612614366505e-01 -1.676032305088187395e-03 0.000000000000000000e+00 2.701567412470617935e-01 1.170421140343899324e+00 0.000000000000000000e+00
6.555203997283340911e-01 -8.308094486341316420e-04 0.000000000000000000e+00 -4.271294004999553473e-01 5.484896808745634011e-01 0.000000000000000000e+00
4.648368065730855703e-01 -1.980957709759604592e-03 0.000000000000000000e+00 3.470546518819440235e-02 1.231995400151566056e+00 0.000000000000000000e+00
7.210317122232621223e-01 1.475485901404373357e-04 0.000000000000000000e+00 3.968745652764236187e-01 3.732026717999149534e-01 0.000000000000000000e+00
4.647194150712878336e-01 -1.227794389962294161e-03 0.000000000000000000e+00 -2.940628342584076238e-01 1.197326903594027492e+00 0.000000000000000000e+00
4.547295022042994184e-01 1.768973321936886944e-03 0.000000000000000000e+00 2.403493067303993924e-01 1.243960704425483232e+00 0.000000000000000000e+00
7.225089588219271164e-01 -8.045269522289622000e-04 0.000000000000000000e+00 4.171448500834316064e-01 3.453309570797948314e-01 0.000000000000000000e+00
7.938095703687454430e-01 1.748784040212876187e-04 0.000000000000000000e+00 -3.558919693480355750e-01 1.637287903013379120e-01 0.000000000000000000e+00
4.687192598806707577e-01 3.581674970584258766e-03 0.000000000000000000e+00 -4.025124905153600885e-01 1.151115007533422663e+00 0.000000000000000000e+00
4.196783551009122815e-01 -4.065960681820207472e-03 0.000000000000000000e+00 4.228636313053759505e-02 1.392508133413383975e+00 0.000000000000000000e+00
4.883484063228851757e-01 -2.413558631128480750e-03 0.000000000000000000e+00 4.427505593739502476e-01 1.067112060712766430e+00 0.000000000000000000e+00
6.576956760034728955e-01 8.567667620830914186e-04 0.000000000000000000e+00 -4.614607038141861906e-01 5.129532412787034534e-01 0.000000000000000000e+00
4.459048706080766533e-01 5.565663309402821279e-03 0.000000000000000000e+00 -2.179673815153621574e-01 1.279184066268800324e+00 0.000000000000000000e+00
4.665376591895963321e-01 6.074567648907888695e-04 0.000000000000000000e+00 3.161995238749830683e-01 1.185349372018382752e+00 0.000000000000000000e+00
7.137607910012362389e-01 -5.256686582999110791e-04 0.000000000000000000e+00 -4.041637482171952511e-01 3.888482667890680311e-01 0.000000000000000000e+00
4.621170378669695600e-01 -5.546839238971755168e-03 0.000000000000000000e+00 -4.485356792542416482e-02 1.240771335199250425e+00 0.000000000000000000e+00
6.177615396087112742e-01 -6.634510168954717985e-04 0.000000000000000000e+00 4.380505195356445558e-01 6.553576895742594388e-01 0.000000000000000000e+00
4.827331686292696267e-01 1.596841143469116681e-03 0.000000000000000000e+00 -2.940436423521862741e-01 1.135943522932347349e+00 0.000000000000000000e+00
4.856942048175398874e-01 -2.344141166042536598e-03 0.000000000000000000e+00 3.069889069418853533e-01 1.122596767903596415e+00 0.000000000000000000e+00
6.062229791978952509e-01 2.635192302613590179e-03 0.000000000000000000e+00 -4.413827869959210393e-01 6.884339504881484828e-01 0.000000000000000000e+00
4.607475990395737964e-01 -1.826741223090184996e-03 0.000000000000000000e+00 6.073947684892580523e-02 1.244853237481939212e+00 0.000000000000000000e+00
7.093012115895486192e-01 8.758347708235714527e-04 0.000000000000000000e+00 4.077807760850518104e-01 3.993734135565882304e-01 0.000000000000000000e+00
4.681478102909433781e-01 -2.461751126752302968e-03 0.000000000000000000e+00 -3.205413872110347562e-01 1.178571737114621376e+00 0.000000000000000000e+00
4.451885367429874729e-01 1.651270728051350799e-03 0.000000000000000000e+00 1.959817866841382372e-01 1.285405014347983599e+00 0.000000000000000000e+00
6.454771137608952269e-01 1.733109799396815708e-03 0.000000000000000000e+00 4.653771983663742007e-01 5.486610264254747626e-01 0.000000000000000000e+00
4.906124263616034598e-01 4.350671105249919422e-03 0.000000000000000000e+00 -4.441459468768474417e-01 1.058651815793586692e+00 0.000000000000000000e+00
4.217928654252152132e-01 -5.417324862929370592e-03 0.000000000000000000e+00 -1.456092281441448422e-02 1.385080318137740907e+00 0.000000000000000000e+00
4.776808447439941374e-01 -2.195774647148370645e-03 0.000000000000000000e+00 4.133833415032218128e-01 1.115730501392234952e+00 0.000000000000000000e+00
6.899123553011081711e-01 -1.527878414383162207e-03 0.000000000000000000e+00 -4.344025433053148033e-01 4.347758541041955027e-01 0.000000000000000000e+00
4.521370773942399723e-01 -5.999179781888470953e-03 0.000000000000000000e+00 -1.667224756518166373e-01 1.264866658228428919e+00 0.000000000000000000e+00
4.938676495971470182e-01 1.626066034701566937e-03 0.000000000000000000e+00 3.658543440247858936e-01 1.077330087062254194e+00 0.000000000000000000e+00
6.029203433923047140e-01 -3.382134376192882583e-03 0.000000000000000000e+00 -4.517381584735501443e-01 6.919030833026240668e-01 0.000000000000000000e+00
4.486316396832187303e-01 4.200469794249466621e-03 0.000000000000000000e+00 -2.807355823644460888e-02 1.287782389707032848e+00 0.000000000000000000e+00
5.763378959640335086e-01 1.757193489730550159e-03 0.000000000000000000e+00 4.478658350985982306e-01 7.769517998829678085e-01 0.000000000000000000e+00
5.041082488158368236e-01 5.246975315261262485e-06 0.000000000000000000e+00 -3.832777262902429816e-01 1.037163251845569789e+00 0.000000000000000000e+00
4.533871104532372076e-01 5.072630455179078304e-03 0.000000000000000000e+00 1.556023347581704241e-01 1.261956045675022953e+00 0.000000000000000000e+00
6.981493236218582199e-01 9.887713252493806476e-04 0.000000000000000000e+00 4.273304321195774413e-01 4.152418440735899940e-01 0.000000000000000000e+00
4.735295850681360275e-01 5.146219145116426308e-03 0.000000000000000000e+00 -4.060030914614473074e-01 1.132873368778017475e+00 0.000000000000000000e+00
4.234267520421943765e-01 5.605842742994224942e-03 0.000000000000000000e+00 3.801032123992069411e-02 1.378522237729842281e+00 0.000000000000000000e+00
5.050968993494897585e-01 2.633624346646788739e-03 0.000000000000000000e+00 4.483724480616909647e-01 1.007370233193073394e+00 0.000000000000000000e+00
6.126498758903806685e-01 1.936136312459698500e-03 0.000000000000000000e+00 -4.836039410078520895e-01 6.388945339577862814e-01 0.000000000000000000e+00
4.395726734115590340e-01 5.145070954171849023e-03 0.000000000000000000e+00 -2.005918337801890772e-01 1.304791902997198161e+00 0.000000000000000000e+00
4.605520369628345323e-01 -1.691088394068045869e-03 0.000000000000000000e+00 3.191998116598207536e-01 1.205480022932620798e+00 0.000000000000000000e+00
7.726906466956852126e-01 -4.098744628251772305e-04 0.000000000000000000e+00 3.746983280728590771e-01 2.204665916046989471e-01 0.000000000000000000e+00
7.410264757954436732e-01 -2.827886132681844619e-04 0.000000000000000000e+00 -3.977405627740790983e-01 3.052251221868316766e-01 0.000000000000000000e+00
4.561429230708088367e-01 -1.008187553178930412e-03 0.000000000000000000e+00 -2.131279908481342744e-01 1.243978722986552210e+00 0.000000000000000000e+00
4.833192617294899129e-01 2.901755357990069232e-03 0.000000000000000000e+00 3.342522811248612724e-01 1.122776730444015492e+00 0.000000000000000000e+00
6.291949054554415444e-01 2.886765258806996137e-03 0.000000000000000000e+00 -4.513324226364449077e-01 6.108862262738056215e-01 0.000000000000000000e+00
4.528895041114749942e-01 -2.580299616445048093e-03 0.000000000000000000e+00 -3.006533674739586201e-02 1.272947485401841661e+00 0.000000000000000000e+00
5.868600181970919927e-01 1.841651425495355668e-04 0.000000000000000000e+00 4.463567355396309555e-01 7.450726231662718746e-01 0.000000000000000000e+00
4.968977411805140521e-01 -9.288122677703707607e-04 0.000000000000000000e+00 -3.549122792448589636e-01 1.070928086423589942e+00 0.000000000000000000e+00
4.613379250728064651e-01 -2.559097993427537042e-03 0.000000000000000000e+00 2.163575887910073048e-01 1.225371632233468677e+00 0.000000000000000000e+00
8.339989922121076038e-01 -1.966675548788786093e-04 0.000000000000000000e+00 2.968559582715386003e-01 9.970197422323778813e-02 0.000000000000000000e+00
7.363140028550108074e-01 1.545606542313426521e-03 0.000000000000000000e+00 -3.775385933153870832e-01 3.450933466556255214e-01 0.000000000000000000e+00
4.787807162674367900e-01 -2.295552682007286766e-03 0.000000000000000000e+00 5.600498539894963046e-02 1.184891876374810415e+00 0.000000000000000000e+00
6.988649964059774344e-01 1.397037437903213969e-03 0.000000000000000000e+00 -3.759031649741308434e-01 4.602195915062108345e-01 0.000000000000000000e+00
5.297158154627576998e-01 2.477641250845674138e-03 0.000000000000000000e+00 2.345592322376972572e-01 1.001262314621834459e+00 0.000000000000000000e+00
-9.507186642808408417e-01 4.800818555798112494e-04 0.000000000000000000e+00 -3.377443194651072456e-02 9.820594442887675690e-02 0.000000000000000000e+00
5.266830979177652416e-01 -1.289781315744151571e-03 0.000000000000000000e+00 -2.258419500237504041e-01 1.012454395612250035e+00 0.000000000000000000e+00
7.114005192989480975e-01 -7.250378793739915839e-04 0.000000000000000000e+00 3.710205366516177161e-01 4.275607495432952598e-01 0.000000000000000000e+00
4.751194471929603425e-01 -3.821038657231723597e-04 0.000000000000000000e+00 -7.100877797922579282e-02 1.196136578654111826e+00 0.000000000000000000e+00
6.804343918339165187e-01 1.907357914660699760e-03 0.000000000000000000e+00 4.087720786130834005e-01 4.878041258517244461e-01 0.000000000000000000e+00
4.694872667712118863e-01 5.430989557654760692e-03 0.000000000000000000e+00 -2.312104674796247594e-01 1.194645413466602246e+00 0.000000000000000000e+00
5.081207066382698034e-01 -4.750915903541847764e-03 0.000000000000000000e+00 3.705823129380970693e-01 1.028547140708306440e+00 0.000000000000000000e+00
5.567462630833495130e-01 1.678275617302202316e-04 0.000000000000000000e+00 -4.238397165857493709e-01 8.510767825978131640e-01 0.000000000000000000e+00
4.612836183786610533e-01 4.503401534470524020e-03 0.000000000000000000e+00 1.159559425136421074e-01 1.239039355870477976e+00 0.000000000000000000e+00
7.633821083677139185e-01 9.446572939403770353e-04 0.000000000000000000e+00 3.694692654879057070e-01 2.639375227937358348e-01 0.000000000000000000e+00
7.651644546073534947e-01 1.075495427611340531e-03 0.000000000000000000e+00 -3.699985479909789765e-01 2.567319723531933384e-01 0.000000000000000000e+00
4.601849337227896242e-01 -1.309982220750156336e-03 0.000000000000000000e+00 -1.421794187855787150e-01 1.240137392473342315e+00 0.000000000000000000e+00
5.363102010544738008e-01 -3.751788350660187343e-03 0.000000000000000000e+00 4.157333805078122224e-01 9.194495638470007171e-01 0.000000000000000000e+00
-9.319493941958914007e-01 -1.337233242247972721e-04 0.000000000000000000e+00 -9.529071395992974591e-02 9.352357428370906833e-02 0.000000000000000000e+00
5.232220096398352283e-01 4.600045938361443758e-03 0.000000000000000000e+00 -4.011352013925907900e-01 9.677417382553372693e-01 0.000000000000000000e+00
4.623461566169553283e-01 1.820490211218539316e-04 0.000000000000000000e+00 1.718424068447519104e-01 1.228969210068411533e+00 0.000000000000000000e+00
8.269003646050556711e-01 3.476753268842696330e-04 0.000000000000000000e+00 3.042753917991436463e-01 1.189918625709896760e-01 0.000000000000000000e+00
7.426517309568398950e-01 1.570264804364677330e-03 0.000000000000000000e+00 -3.687842966854870674e-01 3.344784445649703342e-01 0.000000000000000000e+00
4.873864432693839066e-01 5.037349707430471835e-05 0.000000000000000000e+00 9.260479018345360580e-02 1.154673533862659696e+00 0.000000000000000000e+00
6.310000498264367597e-01 -1.259443305950841765e-03 0.000000000000000000e+00 -3.907290564351950657e-01 6.460841283884202202e-01 0.000000000000000000e+00
5.240412651596715321e-01 4.446990451020274571e-03 0.000000000000000000e+00 2.504549745917121206e-01 1.014679981026728406e+00 0.000000000000000000e+00
-9.411957677385229815e-01 -1.459091421007751319e-04 0.000000000000000000e+00 8.211157933683312093e-02 8.554261055435134764e-02 0.000000000000000000e+00
5.306264733676380185e-01 -2.651743515494570450e-03 0.000000000000000000e+00 -2.734226620894381066e-01 9.885769997641346007e-01 0.000000000000000000e+00
6.130861529745719185e-01 -2.164232885863042952e-03 0.000000000000000000e+00 3.888027646403811044e-01 6.993507530288869400e-01 0.000000000000000000e+00
4.904781187357304395e-01 -3.429011000449571842e-04 0.000000000000000000e+00 -1.028888737469396686e-01 1.143881778522211512e+00 0.000000000000000000e+00
7.497551912677432595e-01 -1.062441407316747077e-03 0.000000000000000000e+00 3.621892627135131493e-01 3.191436844066606326e-01 0.000000000000000000e+00
8.125583799664921614e-01 -3.940651678363768246e-04 0.000000000000000000e+00 -3.198459599365077732e-01 1.529740075496651419e-01 0.000000000000000000e+00
4.633461324222271083e-01 -2.523559643829500002e-03 0.000000000000000000e+00 -1.356109397527748839e-01 1.230061462989856080e+00 0.000000000000000000e+00
5.499547666004801494e-01 -4.104614116876407343e-03 0.000000000000000000e+00 4.224282199466996568e-01 8.730507356134038499e-01 0.000000000000000000e+00
5.129882441590181141e-01 -1.262150655391610851e-03 0.000000000000000000e+00 -3.649495219006100299e-01 1.014830046021073517e+00 0.000000000000000000e+00
4.723232919213044556e-01 1.638797596334493501e-03 0.000000000000000000e+00 2.226356843671020991e-01 1.186779910518815040e+00 0.000000000000000000e+00
6.710778232255290021e-01 -1.860770080911551203e-03 0.000000000000000000e+00 -4.131829531640107689e-01 5.124351436164205076e-01 0.000000000000000000e+00
4.742144909111143392e-01 3.165241154776504175e-03 0.000000000000000000e+00 6.885994911908796534e-02 1.199217002119099984e+00 0.000000000000000000e+00
7.204870394410762824e-01 -1.885449855778558240e-03 0.000000000000000000e+00 -3.644203202309808098e-01 4.065612417702644255e-01 0.000000000000000000e+00
5.283439610264460962e-01 -2.288505393874442316e-03 0.000000000000000000e+00 2.324382217487013513e-01 1.005911281746769692e+00 0.000000000000000000e+00
-9.520361230771401395e-01 4.386798592960255896e-04 0.000000000000000000e+00 -2.013771876898109991e-02 9.988307570371213195e-02 0.000000000000000000e+00
5.278935149191928966e-01 -3.049771422390499045e-03 0.000000000000000000e+00 -2.208042413423158823e-01 1.009879008543418166e+00 0.000000000000000000e+00
7.286120719184195904e-01 1.713256102941089487e-03 0.000000000000000000e+00 3.608178028187561948e-01 3.857414501077197078e-01 0.000000000000000000e+00
4.711946735024482580e-01 4.877536898182835423e-03 0.000000000000000000e+00 -9.286975212000504742e-02 1.207576895658434957e+00 0.000000000000000000e+00
6.403842065288264385e-01 2.565409394718048876e-03 0.000000000000000000e+00 4.227717579397316516e-01 5.974193001153105254e-01 0.000000000000000000e+00
4.788175435696412352e-01 -5.467333444049430474e-03 0.000000000000000000e+00 -2.308172172056726090e-01 1.163346944849732889e+00 0.000000000000000000e+00
5.169433992916783183e-01 2.428477506239220748e-03 0.000000000000000000e+00 3.611339608649688504e-01 1.003453175250032414e+00 0.000000000000000000e+00
5.445660760193331562e-01 9.434640062655720236e-04 0.000000000000000000e+00 -4.059396927634685848e-01 8.977666967547375254e-01 0.000000000000000000e+00
4.693074657944788508e-01 -4.688777581487255791e-04 0.000000000000000000e+00 1.749871481022025888e-01 1.204874011170818715e+00 0.000000000000000000e+00
6.947148310295657714e-01 2.033974423653668595e-03 0.000000000000000000e+00 -3.959537443284843472e-01 4.556353109472761620e-01 0.000000000000000000e+00
4.890521648219207096e-01 -1.230235406560998505e-03 0.000000000000000000e+00 1.265032159739397088e-01 1.146085707172651347e+00 0.000000000000000000e+00
6.126402184563390918e-01 -1.680559317296925585e-03 0.000000000000000000e+00 -3.896543051046703621e-01 7.001863985172620541e-01 0.000000000000000000e+00
5.222724769961175628e-01 4.652070833169876310e-03 0.000000000000000000e+00 2.566607077996654329e-01 1.018563600754010867e+00 0.000000000000000000e+00
-9.263563538497135985e-01 2.507091399799657710e-04 0.000000000000000000e+00 1.301562475798624940e-01 5.878913983183864378e-02 0.000000000000000000e+00
5.300316096830894885e-01 4.643437341714436520e-03 0.000000000000000000e+00 -2.960386156473301944e-01 9.838283302227344151e-01 0.000000000000000000e+00
5.932000287826202367e-01 2.663949532148596547e-03 0.000000000000000000e+00 3.773565018607410448e-01 7.635766372630866661e-01 0.000000000000000000e+00
4.931948875225886098e-01 4.256047897711773623e-03 0.000000000000000000e+00 -1.503444075472761265e-01 1.129855610074922190e+00 0.000000000000000000e+00
6.923267974891584853e-01 1.306702204907584253e-03 0.000000000000000000e+00 3.924552119310058540e-01 4.657951916096579881e-01 0.000000000000000000e+00
4.705275246090829810e-01 5.371697078074595330e-03 0.000000000000000000e+00 -1.606388308557982758e-01 1.202665842870163981e+00 0.000000000000000000e+00
5.705222248359128612e-01 1.726027331526972311e-03 0.000000000000000000e+00 4.159465615553867845e-01 8.123256757230552516e-01 0.000000000000000000e+00
4.986829974879013472e-01 3.959313119011550509e-03 0.000000000000000000e+00 -3.214213517558894839e-01 1.075554570348044692e+00 0.000000000000000000e+00
4.966427292778200497e-01 4.878327807213958880e-03 0.000000000000000000e+00 2.957223177021544580e-01 1.089510240964771670e+00 0.000000000000000000e+00
