9.854437745610604704e-01 -6.003923625993957611e-05 0.000000000000000000e+00 2.040600335375684742e-03 1.786994052908598141e-01 0.000000000000000000e+00
-1.101768012300935906e+00 3.406664735884331122e-04 0.000000000000000000e+00 -4.942637252776628520e-02 1.728660557924322494e-01 0.000000000000000000e+00
7.971922541255995753e-01 -6.272783568962991829e-04 0.000000000000000000e+00 -9.463491935208781514e-02 3.731354348558547640e-01 0.000000000000000000e+00
8.716860611832282224e-01 -7.865371021106978486e-04 0.000000000000000000e+00 -4.136889862880892277e-02 2.403375592991685572e-01 0.000000000000000000e+00
-1.143732797607566187e+00 -2.609116345836416662e-04 0.000000000000000000e+00 -1.212592804270541391e-01 2.126874903986773757e-01 0.000000000000000000e+00
-1.144693621563808161e+00 -1.028287114797779914e-03 0.000000000000000000e+00 -9.175604837984804862e-02 2.285867633031982427e-01 0.000000000000000000e+00
9.919189325661714740e-01 -6.861883742179282486e-04 0.000000000000000000e+00 6.446239494537522874e-02 2.249433323671987117e-01 0.000000000000000000e+00
-1.457494228892871613e+00 -8.479077104579413500e-04 0.000000000000000000e+00 1.824227063300047358e-01 6.828792312547655730e-01 0.000000000000000000e+00
-1.671986746011020486e+00 -1.232206115504688726e-03 0.000000000000000000e+00 4.632028516730318790e-02 9.963203554644699533e-01 0.000000000000000000e+00
-1.629141997663613228e+00 -7.595349753197755405e-06 0.000000000000000000e+00 -9.627050528866398782e-02 9.357112114433456806e-01 0.000000000000000000e+00
-1.313326093007465722e+00 1.040815038734231590e-03 0.000000000000000000e+00 -2.102030934491004033e-01 4.545395732297385916e-01 0.000000000000000000e+00
-1.650445483588772966e+00 1.391894656773095401e-03 0.000000000000000000e+00 1.267777296438415968e-01 9.606099032328977438e-01 0.000000000000000000e+00
-1.676368502744033595e+00 -1.330777544106990368e-03 0.000000000000000000e+00 -1.090800341792173139e-01 9.972192167146665120e-01 0.000000000000000000e+00
-1.375323756718648482e+00 1.517299950452796059e-03 0.000000000000000000e+00 2.129913926359695286e-01 5.508713455167553175e-01 0.000000000000000000e+00
-1.708080557876100691e+00 3.707881842007657719e-03 0.000000000000000000e+00 3.920743935366247102e-02 1.044027536858790572e+00 0.000000000000000000e+00
-1.571690904110161435e+00 3.143273927390718286e-03 0.000000000000000000e+00 -1.500845990120285300e-01 8.504663460761801019e-01 0.000000000000000000e+00
-1.329201910980393642e+00 1.970651696049540401e-03 0.000000000000000000e+00 -1.801055183777234836e-01 4.920538479543938859e-01 0.000000000000000000e+00
-1.463348732190399959e+00 1.859896605102861686e-03 0.000000000000000000e+00 -1.153699170934144591e-01 7.056237402134208914e-01 0.000000000000000000e+00
-1.538975664800798393e+00 -3.366851091854018013e-03 0.000000000000000000e+00 -2.469266738465170086e-02 8.188396041725787278e-01 0.000000000000000000e+00
-1.510819477965419821e+00 -1.509212204104430632e-03 0.000000000000000000e+00 7.355993182476264214e-02 7.772010112530521875e-01 0.000000000000000000e+00
-1.386900611774883663e+00 -2.540998060342504472e-03 0.000000000000000000e+00 1.568514512800079364e-01 5.865694518206625574e-01 0.000000000000000000e+00
-1.419137495629811063e+00 2.279284845702316681e-03 0.000000000000000000e+00 1.816390604637415085e-01 6.271907874880905398e-01 0.000000000000000000e+00
-1.585670511790827408e+00 2.269830421896441852e-03 0.000000000000000000e+00 1.059516202921488570e-01 8.760758840293596528e-01 0.000000000000000000e+00
-1.652649259467311449e+00 -6.220596396357379321e-04 0.000000000000000000e+00 1.124748899321318524e-02 9.717926938891690014e-01 0.000000000000000000e+00
-1.612096755755812794e+00 -2.209824900222708000e-03 0.000000000000000000e+00 -8.364588047296185602e-02 9.140926990379171224e-01 0.000000000000000000e+00
-1.467070693401529624e+00 -2.754415896315512771e-03 0.000000000000000000e+00 -1.669835556382460728e-01 7.005521792495804645e-01 0.000000000000000000e+00
-1.331135073326174645e+00 -2.093095206547485390e-03 0.000000000000000000e+00 -1.897379177697652297e-01 4.914393489638348989e-01 0.000000000000000000e+00
-1.422567174204892648e+00 5.042459097275853175e-04 0.000000000000000000e+00 -1.375670329494721733e-01 6.432589677136972828e-01 0.000000000000000000e+00
-1.529042699545584583e+00 -1.486021265070601449e-03 0.000000000000000000e+00 -3.903423459203006485e-02 8.047029884547423073e-01 0.000000000000000000e+00
-1.511197064968928139e+00 -4.702292019615546444e-04 0.000000000000000000e+00 6.769785300858904842e-02 7.782537720933100367e-01 0.000000000000000000e+00
-1.373967112990618800e+00 -2.199365011799465919e-03 0.000000000000000000e+00 1.594766721248134789e-01 5.666581850217435878e-01 0.000000000000000000e+00
-1.546699731537605427e+00 -3.932518822900198802e-03 0.000000000000000000e+00 1.561230459153210015e-01 8.149108302420640104e-01 0.000000000000000000e+00
-1.704582187268832483e+00 4.668434648354874948e-03 0.000000000000000000e+00 -1.068148925595167713e-02 1.040138789286869647e+00 0.000000000000000000e+00
-1.481507025988119342e+00 1.218985168887971871e-03 0.000000000000000000e+00 -1.826182524309586386e-01 7.173453964950120554e-01 0.000000000000000000e+00
1.032557757045838409e+00 -4.873686482609498167e-04 0.000000000000000000e+00 6.020911291663014198e-02 1.204032656476190372e-01 0.000000000000000000e+00
-2.094398910034953154e+00 -1.455953545195287635e-03 0.000000000000000000e+00 1.060105368140787374e-02 1.531139501670547354e+00 0.000000000000000000e+00
-1.993997643747599247e+00 1.174456471621065923e-03 0.000000000000000000e+00 6.380709539873367919e-02 1.406425486615808795e+00 0.000000000000000000e+00
-1.887402407902289525e+00 -5.627660619474852965e-03 0.000000000000000000e+00 1.373204490651110110e-01 1.267353020922605378e+00 0.000000000000000000e+00
-1.689429870924295640e+00 4.359563859503860772e-03 0.000000000000000000e+00 2.238086602965033423e-01 9.954924600305259386e-01 0.000000000000000000e+00
-1.338925995665532387e+00 -8.445304239776598582e-04 0.000000000000000000e+00 2.725943705925036875e-01 4.639620349426681889e-01 0.000000000000000000e+00
-1.546748008508188832e+00 -1.177765824570728426e-03 0.000000000000000000e+00 -2.566634947304314296e-01 7.890978620058586301e-01 0.000000000000000000e+00
-1.802553582867049808e+00 -3.584755665510752642e-03 0.000000000000000000e+00 -1.835342939494513936e-01 1.152446808462622041e+00 0.000000000000000000e+00
-1.950348010467658710e+00 -3.122635953037126988e-03 0.000000000000000000e+00 -1.032908675575775481e-01 1.349711937510384097e+00 0.000000000000000000e+00
-2.027109543493295973e+00 -6.382012434948299007e-03 0.000000000000000000e+00 -3.243545614924758791e-02 1.448395527583505427e+00 0.000000000000000000e+00
-1.325281761890444221e+00 1.558534778484822053e-03 0.000000000000000000e+00 2.051285345917005509e-01 4.759450141969402415e-01 0.000000000000000000e+00
-1.588249473690082736e+00 -2.375717871121511143e-03 0.000000000000000000e+00 1.140456063723715163e-01 8.785599799143488653e-01 0.000000000000000000e+00
-1.670161957718189871e+00 3.586988337806948368e-05 0.000000000000000000e+00 -3.985279279797242225e-03 9.949844671505917448e-01 0.000000000000000000e+00
-1.575945910965734331e+00 -1.092157956463793433e-03 0.000000000000000000e+00 -1.238715685773218167e-01 8.604811110118247841e-01 0.000000000000000000e+00
-1.305425287845945137e+00 -7.256351029754221083e-04 0.000000000000000000e+00 -2.061529422383873156e-01 4.436475212267743107e-01 0.000000000000000000e+00
-1.921769971459998505e+00 -1.462782090873382748e-03 0.000000000000000000e+00 5.683711708340190294e-02 1.316718557253394817e+00 0.000000000000000000e+00
-1.695842807634160732e+00 1.979968686924529764e-03 0.000000000000000000e+00 1.954355993342194453e-01 1.010011245996933704e+00 0.000000000000000000e+00
-1.356990789135034126e+00 -1.716682015989943067e-03 0.000000000000000000e+00 -2.621497338316983727e-01 4.996617971767086663e-01 0.000000000000000000e+00
-1.808887072853193612e+00 -5.387808538624963214e-04 0.000000000000000000e+00 -1.445948987825813048e-01 1.166143191159575210e+00 0.000000000000000000e+00
-1.950757796971657188e+00 -4.364080109178533617e-03 0.000000000000000000e+00 -1.510692050393951102e-02 1.354088574833997249e+00 0.000000000000000000e+00
-1.828180877552845640e+00 2.495984384717694904e-04 0.000000000000000000e+00 1.258985154151828767e-01 1.193084664749706203e+00 0.000000000000000000e+00
-1.385985955439206663e+00 1.976355602846899956e-03 0.000000000000000000e+00 2.590936441251679989e-01 5.476783086745997675e-01 0.000000000000000000e+00
-1.701688235817194084e+00 1.795461367635892147e-04 0.000000000000000000e+00 -1.871140984190568790e-01 1.019368575506176988e+00 0.000000000000000000e+00
-1.920459259704459853e+00 -3.686315590787012098e-04 0.000000000000000000e+00 -4.153516468775306225e-02 1.315646805884236770e+00 0.000000000000000000e+00
-1.768213570102822541e+00 5.391862789001812539e-03 0.000000000000000000e+00 1.322825815369228497e-01 1.115017865805006281e+00 0.000000000000000000e+00
-1.359575678234833607e+00 -7.233829807028581763e-04 0.000000000000000000e+00 -2.495299196852592827e-01 5.102336557402900041e-01 0.000000000000000000e+00
-1.839830286951116944e+00 -3.976905922148707417e-03 0.000000000000000000e+00 -7.502229833590354224e-02 1.212225348748361631e+00 0.000000000000000000e+00
-1.616950378042148806e+00 -2.461587735569856217e-03 0.000000000000000000e+00 1.614261067618532886e-01 9.101951350103560934e-01 0.000000000000000000e+00
-1.695511541696079094e+00 -7.258124496032775097e-04 0.000000000000000000e+00 -1.204521343809948075e-01 1.021232467483208284e+00 0.000000000000000000e+00
-1.170773995278945767e+00 1.281935240209852115e-04 0.000000000000000000e+00 1.919890947401159398e-01 2.127776928304077053e-01 0.000000000000000000e+00
-1.571974800484771784e+00 -5.807620801895584106e-04 0.000000000000000000e+00 1.467607100022021993e-01 8.514337315908733217e-01 0.000000000000000000e+00
-1.702486436473699349e+00 3.259366771700238086e-04 0.000000000000000000e+00 -2.823068045556241176e-02 1.037061094168089115e+00 0.000000000000000000e+00
-1.435870759591356016e+00 -1.503718943890000256e-03 0.000000000000000000e+00 -1.977652502461603734e-01 6.469926064623616746e-01 0.000000000000000000e+00
-1.757112861867464071e+00 -1.407790138895363870e-04 0.000000000000000000e+00 9.970339739470018836e-02 1.103998489730332100e+00 0.000000000000000000e+00
-1.467078583394691993e+00 2.087347858050519339e-03 0.000000000000000000e+00 -2.221795299868958851e-01 6.850616224886882932e-01 0.000000000000000000e+00
-1.823294739433591660e+00 5.601689731574641118e-03 0.000000000000000000e+00 1.469524077737040246e-02 1.193400204008060239e+00 0.000000000000000000e+00
-1.388130760485971837e+00 -1.577900833353747256e-04 0.000000000000000000e+00 2.366858513024374666e-01 5.610528529539731135e-01 0.000000000000000000e+00
-1.778705719164069388e+00 2.800445742762530665e-03 0.000000000000000000e+00 -8.127885663405845507e-02 1.133438928809088919e+00 0.000000000000000000e+00
-1.560640675367049202e+00 3.912171522375394554e-03 0.000000000000000000e+00 1.826060122044109169e-01 8.287820875358604678e-01 0.000000000000000000e+00
-1.727684118230345289e+00 3.637075028579739300e-03 0.000000000000000000e+00 -8.190170878547478606e-02 1.067189464754652928e+00 0.000000000000000000e+00
-1.437924132981557301e+00 -2.320456458035771892e-03 0.000000000000000000e+00 2.086449930873232883e-01 6.466003400943389767e-01 0.000000000000000000e+00
-1.746086969466658090e+00 1.796621533334504146e-03 0.000000000000000000e+00 -1.723228017488043912e-02 1.094085182475526441e+00 0.000000000000000000e+00
-1.290142099923501817e+00 5.054567366756012106e-04 0.000000000000000000e+00 -2.264228590378880024e-01 4.080933268047715057e-01 0.000000000000000000e+00
-1.734372784347672614e+00 -4.736311658601187469e-03 0.000000000000000000e+00 5.497293166630425054e-02 1.077626550154289653e+00 0.000000000000000000e+00
-1.535032502967252022e+00 2.433140312927859275e-03 0.000000000000000000e+00 -1.824509269020351543e-01 7.931182506624852024e-01 0.000000000000000000e+00
-1.766395470423805181e+00 -3.911133747590622017e-03 0.000000000000000000e+00 8.718806383559926654e-02 1.117090262229428754e+00 0.000000000000000000e+00
-1.438754614616316818e+00 -2.537544457817189625e-04 0.000000000000000000e+00 -2.281827235732004633e-01 6.412019945846587632e-01 0.000000000000000000e+00
-1.820366127194143147e+00 3.876902443999277227e-03 0.000000000000000000e+00 9.649480722632315308e-03 1.189709292245633154e+00 0.000000000000000000e+00
-1.386025574201899424e+00 1.353716769189512031e-03 0.000000000000000000e+00 2.367312790664730382e-01 5.577718943265399520e-01 0.000000000000000000e+00
-1.778851117923272662e+00 -1.527420432042346597e-03 0.000000000000000000e+00 -8.031283423069431049e-02 1.133693855205935019e+00 0.000000000000000000e+00
-1.562200759910225223e+00 2.578362185798520508e-03 0.000000000000000000e+00 1.839334308318572031e-01 8.306502040523672248e-01 0.000000000000000000e+00
-1.726614464672622695e+00 -6.305519039893747041e-04 0.000000000000000000e+00 -9.173987786222964624e-02 1.064987298432511276e+00 0.000000000000000000e+00
-1.463452907134354941e+00 2.760529829348724526e-03 0.000000000000000000e+00 2.040730707472481198e-01 6.854080622718355942e-01 0.000000000000000000e+00
-1.742356870982316064e+00 2.553652465259396986e-03 0.000000000000000000e+00 -2.275801409668190903e-02 1.089148824694168294e+00 0.000000000000000000e+00
-1.274031454379987105e+00 1.429420827991555783e-03 0.000000000000000000e+00 -2.252342467819185012e-01 3.812803531696248860e-01 0.000000000000000000e+00
-1.731114869816727353e+00 -3.165938135235810483e-03 0.000000000000000000e+00 5.646665135494335908e-02 1.073304984307247523e+00 0.000000000000000000e+00
-1.542841009392839746e+00 -1.938205410801988049e-04 0.000000000000000000e+00 -1.798327597468122596e-01 8.046245168276840998e-01 0.000000000000000000e+00
-1.788227091959794013e+00 -3.780094419428628449e-05 0.000000000000000000e+00 8.722040020068366761e-02 1.145274023964611088e+00 0.000000000000000000e+00
-1.337211776938860952e+00 -3.448882190162285560e-04 0.000000000000000000e+00 -2.432849768761441711e-01 4.771935838616175873e-01 0.000000000000000000e+00
-1.828223460493798580e+00 -4.352628863488537496e-03 0.000000000000000000e+00 -3.946932047148838524e-02 1.199122053984533531e+00 0.000000000000000000e+00
-1.577940939621689687e+00 -1.471568060747580065e-04 0.000000000000000000e+00 1.938416894181620442e-01 8.502275387427290498e-01 0.000000000000000000e+00
-1.702729188902893931e+00 3.105239894361379316e-03 0.000000000000000000e+00 -1.373893560280509130e-01 1.028632673341683734e+00 0.000000000000000000e+00
-1.927978357558523426e+00 6.092846932335350268e-03 0.000000000000000000e+00 5.277079486027298760e-02 1.324679990186866219e+00 0.000000000000000000e+00
-1.719628299555667095e+00 1.229701393350018934e-03 0.000000000000000000e+00 1.856112048420586191e-01 1.043452675231534066e+00 0.000000000000000000e+00
-1.304130332617553956e+00 -5.972577448126047302e-04 0.000000000000000000e+00 -2.596901280001166490e-01 4.123452232802720108e-01 0.000000000000000000e+00
-1.793922911969247691e+00 3.969444450052550706e-03 0.000000000000000000e+00 -1.490797385794067620e-01 1.146254855717542709e+00 0.000000000000000000e+00
-1.946539334893590878e+00 -2.808513688022078875e-03 0.000000000000000000e+00 -1.994707150926189332e-02 1.348763162909250024e+00 0.000000000000000000e+00
-1.822892671444466650e+00 1.775664696517104124e-03 0.000000000000000000e+00 1.254208558542968532e-01 1.186357467890602591e+00 0.000000000000000000e+00
-1.351107391764550414e+00 3.847490949401809190e-04 0.000000000000000000e+00 2.581990617888535455e-01 4.921449264361168474e-01 0.000000000000000000e+00
-1.727379752097829346e+00 -1.818721773661352570e-03 0.000000000000000000e+00 -1.747476185689917361e-01 1.055561658680325809e+00 0.000000000000000000e+00
-1.922915334335458137e+00 5.373658056856727566e-03 0.000000000000000000e+00 -1.833067714355221881e-02 1.319262657083847490e+00 0.000000000000000000e+00
-1.784603108303824959e+00 -3.648699702696683866e-03 0.000000000000000000e+00 1.339215948913304310e-01 1.136072308380063234e+00 0.000000000000000000e+00
-1.222552528217612178e+00 -2.631983672650465775e-04 0.000000000000000000e+00 -2.408333072388887108e-01 2.751290660047674974e-01 0.000000000000000000e+00
-1.804986735234220374e+00 -4.420261054611650253e-03 0.000000000000000000e+00 -1.267704568280251243e-01 1.163203392420170346e+00 0.000000000000000000e+00
-1.936362023048011860e+00 -1.482325163650592692e-03 0.000000000000000000e+00 2.795857303467835786e-02 1.335910626409127389e+00 0.000000000000000000e+00
-1.757038526438290837e+00 -9.803024317613408256e-04 0.000000000000000000e+00 1.668598771180709039e-01 1.095765412785982384e+00 0.000000000000000000e+00
-1.109443444182416805e+00 8.236832242668494161e-05 0.000000000000000000e+00 1.814912640957728196e-01 6.167965840593866989e-02 0.000000000000000000e+00
-1.193681289441914206e+00 -9.340996733851417849e-04 0.000000000000000000e+00 -2.350467880760598316e-01 2.196939825853179151e-01 0.000000000000000000e+00
-1.770151388615262666e+00 2.894479820172428386e-03 0.000000000000000000e+00 -1.595955710344136858e-01 1.113956247454145565e+00 0.000000000000000000e+00
-1.939312559187530649e+00 1.653301759402897586e-03 0.000000000000000000e+00 -2.241491013291466855e-02 1.339701891098771691e+00 0.000000000000000000e+00
-1.811460420557326367e+00 5.145610931585452123e-03 0.000000000000000000e+00 1.285313379745508522e-01 1.171345655073922298e+00 0.000000000000000000e+00
-1.280346823846945536e+00 1.488142485799527365e-03 0.000000000000000000e+00 2.532640228981633546e-01 3.746357658558303605e-01 0.000000000000000000e+00
-1.762396437361614776e+00 -1.531313876287250519e-03 0.000000000000000000e+00 -1.537060454074849758e-01 1.104679390538050754e+00 0.000000000000000000e+00
-1.922730028911301847e+00 3.024615330432224580e-03 0.000000000000000000e+00 6.094275723017733917e-03 1.319137902938342100e+00 0.000000000000000000e+00
-1.752713666821746230e+00 -5.363545473439500222e-03 0.000000000000000000e+00 1.554919938769764309e-01 1.091796542318030694e+00 0.000000000000000000e+00
-1.307755054465065570e+00 4.551083532394939370e-04 0.000000000000000000e+00 -2.555667694661455935e-01 4.211547736884461157e-01 0.000000000000000000e+00
-1.816950500068337693e+00 4.934231485426012614e-03 0.000000000000000000e+00 -1.202226388288981651e-01 1.179279578959203212e+00 0.000000000000000000e+00
-1.942252415081948680e+00 -3.294638828238143774e-03 0.000000000000000000e+00 2.010742303830771391e-02 1.343412559601514289e+00 0.000000000000000000e+00
-1.778516131045510651e+00 -2.817936581697329246e-03 0.000000000000000000e+00 1.566505124345403122e-01 1.125255555465589419e+00 0.000000000000000000e+00
-1.241910395087954200e+00 7.591047683711167615e-05 0.000000000000000000e+00 2.498883887391464276e-01 3.057072759065943002e-01 0.000000000000000000e+00
-1.742701919437933622e+00 8.931784573763812407e-04 0.000000000000000000e+00 -1.741486792451480692e-01 1.075829005437590968e+00 0.000000000000000000e+00
-1.933584712750342050e+00 -3.126042735231870928e-03 0.000000000000000000e+00 -3.977078755299183477e-02 1.332141495322407776e+00 0.000000000000000000e+00
-1.786899604322054191e+00 -5.642125616448119552e-03 0.000000000000000000e+00 1.195745729039945360e-01 1.140647324366912407e+00 0.000000000000000000e+00
-1.273349983150675602e+00 7.506828764951116451e-04 0.000000000000000000e+00 -2.477733049222616835e-01 3.658147560995589909e-01 0.000000000000000000e+00
-1.823589663737080313e+00 2.738556404053828219e-03 0.000000000000000000e+00 -9.488223598216906363e-02 1.190084302328682897e+00 0.000000000000000000e+00
1.029155479047525246e+00 7.976745367863091480e-05 0.000000000000000000e+00 2.359830872437926330e-02 1.358016122498011402e-01 0.000000000000000000e+00
-2.045908518957907596e+00 -7.260658009827204717e-03 0.000000000000000000e+00 2.283593630542231356e-02 1.471700167830485739e+00 0.000000000000000000e+00
-1.979753354429266698e+00 3.070513962795277940e-03 0.000000000000000000e+00 9.190035119002923358e-02 1.387187021918238283e+00 0.000000000000000000e+00
-1.868498634987679985e+00 -3.723832607865792260e-03 0.000000000000000000e+00 1.557841052033098750e-01 1.241163161263460601e+00 0.000000000000000000e+00
-1.686431881579520065e+00 8.497914303227547747e-04 0.000000000000000000e+00 2.271562229176944669e-01 9.906936268688089076e-01 0.000000000000000000e+00
-1.395016666505697334e+00 -2.325920386975306384e-03 0.000000000000000000e+00 2.749782642668939792e-01 5.542992099030332742e-01 0.000000000000000000e+00
-1.456592620971742802e+00 -2.845097542351559053e-03 0.000000000000000000e+00 -2.733505902938143106e-01 6.504752069535548742e-01 0.000000000000000000e+00
-1.723231859469019245e+00 -3.122873367998511840e-03 0.000000000000000000e+00 -2.173155128181761819e-01 1.042114778085499793e+00 0.000000000000000000e+00
-1.891461247382975275e+00 -3.010575033118693261e-03 0.000000000000000000e+00 -1.486905945624006353e-01 1.271214272275039470e+00 0.000000000000000000e+00
-1.993570496031502159e+00 1.136105877353972560e-03 0.000000000000000000e+00 -7.719118230813019899e-02 1.405228380183259462e+00 0.000000000000000000e+00
-2.059043833847515437e+00 4.314983838707361907e-03 0.000000000000000000e+00 -1.762895398287569332e-02 1.487873159791867295e+00 0.000000000000000000e+00
1.043585539584877875e+00 2.473357648993669924e-04 0.000000000000000000e+00 -1.007101446503138042e-01 8.489651860469032973e-02 0.000000000000000000e+00
-1.313719875251066371e+00 2.287767675480459340e-04 0.000000000000000000e+00 -1.807505529510462505e-01 4.676649188687439507e-01 0.000000000000000000e+00
-1.475356590210995300e+00 1.034415378619295972e-04 0.000000000000000000e+00 -1.027975076148814199e-01 7.244441591542478687e-01 0.000000000000000000e+00
-1.536418542358761297e+00 -4.774623258172322471e-04 0.000000000000000000e+00 2.778251462010702943e-03 8.157221226318498442e-01 0.000000000000000000e+00
-1.467478567345191109e+00 3.518720054527798430e-03 0.000000000000000000e+00 1.106254211487345263e-01 7.122161015746981683e-01 0.000000000000000000e+00
-1.306899124482310715e+00 1.486065563827762212e-03 0.000000000000000000e+00 1.836464300398545357e-01 4.557725924154453212e-01 0.000000000000000000e+00
-2.032167195043714347e+00 -5.456443423096583867e-03 0.000000000000000000e+00 2.370765366516533815e-02 1.454790125970445214e+00 0.000000000000000000e+00
-1.958751635299186278e+00 -3.299100721795115987e-03 0.000000000000000000e+00 9.554341934736734765e-02 1.360780825745571798e+00 0.000000000000000000e+00
-1.821866727038508493e+00 -3.780136689475965817e-03 0.000000000000000000e+00 1.723478689699462774e-01 1.179136272970213728e+00 0.000000000000000000e+00
-1.588453724384836452e+00 -8.623795854794356897e-04 0.000000000000000000e+00 2.481590625903241643e-01 8.507535782615809339e-01 0.000000000000000000e+00
-1.239390453990382390e+00 -8.706296319265730693e-04 0.000000000000000000e+00 -2.585587982922062933e-01 2.933826262215858405e-01 0.000000000000000000e+00
-1.637884223230553715e+00 9.507084473841789438e-04 0.000000000000000000e+00 -2.363170793113434365e-01 9.224948418734225664e-01 0.000000000000000000e+00
-1.851617307080274610e+00 4.788587325979205833e-03 0.000000000000000000e+00 -1.581887958360651547e-01 1.219302802767753935e+00 0.000000000000000000e+00
-1.975051770002586693e+00 6.447630226327126512e-03 0.000000000000000000e+00 -8.010758049929672664e-02 1.382084526401020197e+00 0.000000000000000000e+00
-2.045235215786462835e+00 2.152144010172218902e-03 0.000000000000000000e+00 -1.710568616149711618e-02 1.470937650895081994e+00 0.000000000000000000e+00
-1.661875225739051443e+00 -4.386678838195372243e-03 0.000000000000000000e+00 1.426928550176870536e-01 9.736698998995074739e-01 0.000000000000000000e+00
-1.653900320869194918e+00 1.518239762680201332e-03 0.000000000000000000e+00 -1.485350877642944156e-01 9.621220636337888266e-01 0.000000000000000000e+00
-1.953399895986039247e+00 -3.323454329582226086e-04 0.000000000000000000e+00 4.376984103459680142e-02 1.356757211881815861e+00 0.000000000000000000e+00
-1.791097120921568697e+00 -1.124001860360619026e-03 0.000000000000000000e+00 1.624273508458501103e-01 1.140773718324377350e+00 0.000000000000000000e+00
-1.367220052906317651e+00 5.702887312215507154e-05 0.000000000000000000e+00 2.648716739538589104e-01 5.148533502789025551e-01 0.000000000000000000e+00
-1.657320683232318625e+00 1.998792317739320201e-03 0.000000000000000000e+00 -2.130464046224149754e-01 9.545590709302071986e-01 0.000000000000000000e+00
-1.905725938077024395e+00 -3.725628738904751547e-03 0.000000000000000000e+00 -9.654187383270707024e-02 1.294230277252823136e+00 0.000000000000000000e+00
-2.009818745125093287e+00 5.449414656114454081e-03 0.000000000000000000e+00 1.240648241000445740e-02 1.427387872087299892e+00 0.000000000000000000e+00
-1.920620856259644071e+00 5.455129776580405418e-03 0.000000000000000000e+00 1.048386907899850062e-01 1.312337157493558948e+00 0.000000000000000000e+00
-1.715508685166813763e+00 -3.126332548933567768e-03 0.000000000000000000e+00 2.011393705947344401e-01 1.035105219389256259e+00 0.000000000000000000e+00
-1.255869334404120519e+00 -9.512207789552085124e-04 0.000000000000000000e+00 2.582522962815777534e-01 3.258451301409088785e-01 0.000000000000000000e+00
-1.661873285233866682e+00 1.062194164161596455e-03 0.000000000000000000e+00 -2.196872342301729730e-01 9.592249229224072415e-01 0.000000000000000000e+00
-1.896374161246946466e+00 1.751223431350784621e-03 0.000000000000000000e+00 -1.170149897521677307e-01 1.280730368057008794e+00 0.000000000000000000e+00
-1.996124396042437521e+00 1.456289512436384492e-03 0.000000000000000000e+00 -2.034408517433122093e-02 1.410362066600411746e+00 0.000000000000000000e+00
-1.853015448309222268e+00 3.834615783081092577e-03 0.000000000000000000e+00 1.050405182232809487e-01 1.226804743961676492e+00 0.000000000000000000e+00
-1.455391449126682391e+00 1.228259757759239679e-03 0.000000000000000000e+00 2.500853504246790537e-01 6.579751298217617617e-01 0.000000000000000000e+00
-1.678397722645936785e+00 3.666409000809944807e-03 0.000000000000000000e+00 -1.904904459555452068e-01 9.876465583615986477e-01 0.000000000000000000e+00
-1.912135738406144814e+00 -7.563545553759057349e-04 0.000000000000000000e+00 -4.024861894294296666e-02 1.305249463434323243e+00 0.000000000000000000e+00
-1.766949046490141839e+00 -1.184154416410669597e-03 0.000000000000000000e+00 1.311531507087819182e-01 1.113503518769073608e+00 0.000000000000000000e+00
-1.359561149382949363e+00 1.577276535961003728e-03 0.000000000000000000e+00 -2.493822282524160439e-01 5.102946642732014704e-01 0.000000000000000000e+00
-1.840018306376340451e+00 2.771986784662505698e-03 0.000000000000000000e+00 -7.435562408817164570e-02 1.212507738324488216e+00 0.000000000000000000e+00
-1.545859249724511386e+00 -3.974976493298209429e-04 0.000000000000000000e+00 1.759598176846737250e-01 8.096905071158114753e-01 0.000000000000000000e+00
-1.728378387287653473e+00 3.520000669150300833e-03 0.000000000000000000e+00 -5.139269029860567273e-02 1.070001983982268756e+00 0.000000000000000000e+00
-1.204062176268309248e+00 -5.570998620665751615e-04 0.000000000000000000e+00 2.156051966610731951e-01 2.597631579568178140e-01 0.000000000000000000e+00
-1.733559151510089880e+00 -1.513884113706502610e-03 0.000000000000000000e+00 3.919403741075290493e-02 1.077255035159941920e+00 0.000000000000000000e+00
-1.518004752176823180e+00 2.683152268411972616e-03 0.000000000000000000e+00 -1.839936751537028514e-01 7.688383230778315092e-01 0.000000000000000000e+00
-1.765184902931194788e+00 3.386236685041517369e-03 0.000000000000000000e+00 9.527526871365958605e-02 1.114864717083924539e+00 0.000000000000000000e+00
-1.439541948269151383e+00 -4.899936381855532139e-04 0.000000000000000000e+00 -2.288410285918464349e-01 6.421488708264078138e-01 0.000000000000000000e+00
-1.823011405468792923e+00 4.973228203351454275e-03 0.000000000000000000e+00 7.547974282371092483e-03 1.193107705005979291e+00 0.000000000000000000e+00
-1.410673717094503399e+00 -5.787747512476185824e-04 0.000000000000000000e+00 2.332853191531087389e-01 5.970393129592883597e-01 0.000000000000000000e+00
-1.773295379618091250e+00 9.218112094066394091e-05 0.000000000000000000e+00 -8.666221070411875282e-02 1.126054038136277580e+00 0.000000000000000000e+00
-1.550066573916141444e+00 -2.781761105419433815e-03 0.000000000000000000e+00 1.798533150222120791e-01 8.146982107484348479e-01 0.000000000000000000e+00
-1.731148629987745657e+00 -2.519218546965268368e-03 0.000000000000000000e+00 -7.361716918089181161e-02 1.072312323095145459e+00 0.000000000000000000e+00
-1.378034114246258879e+00 -1.322152730602599302e-05 0.000000000000000000e+00 2.209641089124971813e-01 5.519203497471004694e-01 0.000000000000000000e+00
-1.749154344752294588e+00 -4.053742349862467925e-03 0.000000000000000000e+00 -6.088756610569805508e-03 1.098187865392098672e+00 0.000000000000000000e+00
-1.353298104701525340e+00 2.466703696434743853e-03 0.000000000000000000e+00 -2.230023092956824327e-01 5.125275458606883827e-01 0.000000000000000000e+00
-1.732968712833630409e+00 -2.190735278988136490e-03 0.000000000000000000e+00 6.560733651339574479e-02 1.075202071675709137e+00 0.000000000000000000e+00
-1.543445388918429639e+00 -4.427920340954530354e-04 0.000000000000000000e+00 -1.830115065598659774e-01 8.047577614515426525e-01 0.000000000000000000e+00
-1.769702069581005954e+00 -1.220935353680202562e-03 0.000000000000000000e+00 8.698868777964839649e-02 1.121383960225997622e+00 0.000000000000000000e+00
-1.424651045497990598e+00 -2.598630793463514721e-03 0.000000000000000000e+00 -2.319317256156529505e-01 6.187159589778687963e-01 0.000000000000000000e+00
-1.821272818037569019e+00 5.416795738737274768e-03 0.000000000000000000e+00 6.267337238759723358e-03 1.190898806337093774e+00 0.000000000000000000e+00
-1.408256607829717177e+00 -9.968620059552617263e-04 0.000000000000000000e+00 2.330079883152375853e-01 5.934701085818021582e-01 0.000000000000000000e+00
-1.774343125752048778e+00 3.492438041550471883e-03 0.000000000000000000e+00 -8.170227266273349942e-02 1.127783133193701381e+00 0.000000000000000000e+00
-1.555400169282172174e+00 -2.314074420191707983e-03 0.000000000000000000e+00 1.804569246991263309e-01 8.219813635681783026e-01 0.000000000000000000e+00
-1.729872546107560805e+00 -1.328759264129328321e-03 0.000000000000000000e+00 -8.071965036462637466e-02 1.070135761131622232e+00 0.000000000000000000e+00
-1.421534255143898529e+00 6.567139516067792282e-04 0.000000000000000000e+00 2.139406875682306475e-01 6.205121926106084151e-01 0.000000000000000000e+00
-1.748114773436034053e+00 -4.416667863520636061e-03 0.000000000000000000e+00 -1.874892436364541254e-02 1.096699585422195478e+00 0.000000000000000000e+00
-1.295921673425141307e+00 2.027327180411982871e-03 0.000000000000000000e+00 -2.263031091899930791e-01 4.178997257575754465e-01 0.000000000000000000e+00
-1.736670613849483402e+00 -1.885200859778647653e-03 0.000000000000000000e+00 5.579293450263431153e-02 1.080571624209874848e+00 0.000000000000000000e+00
-1.527499950061470102e+00 1.488465441919131077e-03 0.000000000000000000e+00 -1.862066271656040994e-01 7.816766696231365330e-01 0.000000000000000000e+00
-1.757754746964694803e+00 -5.491503510895841267e-03 0.000000000000000000e+00 8.594464588647586500e-02 1.106004182418763193e+00 0.000000000000000000e+00
-1.471979036024331222e+00 -3.604496194489228110e-04 0.000000000000000000e+00 -2.190642577174741756e-01 6.932229543396555282e-01 0.000000000000000000e+00
-1.810650465757638550e+00 -4.854028535786043819e-03 0.000000000000000000e+00 2.199066858875755454e-02 1.177138440218329807e+00 0.000000000000000000e+00
-1.254306140411617365e+00 2.119341152778259074e-04 0.000000000000000000e+00 2.356329894891983634e-01 3.397227758094338301e-01 0.000000000000000000e+00
-1.798254768082031330e+00 5.208095812106261838e-03 0.000000000000000000e+00 -4.643519320910419190e-02 1.160545081498591369e+00 0.000000000000000000e+00
-1.527839410335126269e+00 2.103133869924527465e-03 0.000000000000000000e+00 2.026377122808761255e-01 7.780599877032570166e-01 0.000000000000000000e+00
-1.738926940659902165e+00 4.837137321211965046e-03 0.000000000000000000e+00 -9.552949341262371996e-02 1.080734071860957712e+00 0.000000000000000000e+00
-1.487284076169447022e+00 -3.515008230213653717e-03 0.000000000000000000e+00 1.905428167904240633e-01 7.235732272037980195e-01 0.000000000000000000e+00
-1.732431399389929405e+00 -3.532969247962633452e-04 0.000000000000000000e+00 -2.031232288360541177e-02 1.076311044423562624e+00 0.000000000000000000e+00
-1.354152850911507278e+00 1.838564099707217306e-03 0.000000000000000000e+00 -2.195664339107470941e-01 5.153511177862728498e-01 0.000000000000000000e+00
-1.706435013403019951e+00 5.709558434274092376e-04 0.000000000000000000e+00 8.521443419683809306e-02 1.039128026296417318e+00 0.000000000000000000e+00
-1.605207609193952223e+00 -1.590120477573592206e-03 0.000000000000000000e+00 -1.531697628599792971e-01 8.956990510750080237e-01 0.000000000000000000e+00
1.025323577945733700e+00 -3.574836820844297554e-04 0.000000000000000000e+00 -1.092727850222606489e-01 9.275868100426090668e-02 0.000000000000000000e+00
-1.114909651117863110e+00 1.233247428746801332e-04 0.000000000000000000e+00 -2.044031277978025640e-02 1.991392300458257048e-01 0.000000000000000000e+00
-1.103338520089136798e+00 -8.038864019932663325e-04 0.000000000000000000e+00 4.269025644112119100e-02 1.772034578145494643e-01 0.000000000000000000e+00
-1.065288385515275937e+00 1.814996610581521251e-04 0.000000000000000000e+00 6.459719124057061723e-02 1.062698037041208826e-01 0.000000000000000000e+00
-1.072807601354942353e+00 3.758543128266553235e-04 0.000000000000000000e+00 -6.204563700516047692e-02 1.205473978470527063e-01 0.000000000000000000e+00
8.046524326317191500e-01 -1.086844339759281694e-03 0.000000000000000000e+00 3.521921500648410308e-02 3.684441168395632404e-01 0.000000000000000000e+00
8.953676382428144009e-01 -9.995490027266606611e-05 0.000000000000000000e+00 1.331153123906421987e-01 1.540203613760665335e-01 0.000000000000000000e+00
9.842382361671832003e-01 -2.319380700341583509e-04 0.000000000000000000e+00 -1.450680062068628873e-01 9.418163618164154816e-02 0.000000000000000000e+00
9.443996652794821589e-01 7.732579241326981677e-05 0.000000000000000000e+00 -1.274843810382704778e-01 5.536759494761232803e-02 0.000000000000000000e+00
7.993807382630185865e-01 1.640736332082793833e-03 0.000000000000000000e+00 1.060406238815710805e-02 3.804523965351037651e-01 0.000000000000000000e+00
9.112979097683868712e-01 -4.869070694516280072e-04 0.000000000000000000e+00 1.309550388020961076e-01 1.215639148361535998e-01 0.000000000000000000e+00
9.705640752124162773e-01 -3.201227219712385395e-04 0.000000000000000000e+00 -1.202409426177833279e-01 6.853302066984058583e-02 0.000000000000000000e+00
-1.384545770460579028e+00 -1.510941466907106748e-03 0.000000000000000000e+00 2.157805650599076142e-02 6.034436899555254419e-01 0.000000000000000000e+00
-1.140403334934311008e+00 3.802792457544132074e-05 0.000000000000000000e+00 1.338340140488243901e-01 1.988694759929796885e-01 0.000000000000000000e+00
-1.368744138513422470e+00 2.626491493323111423e-03 0.000000000000000000e+00 -1.411228312245212980e-02 5.810213753361839206e-01 0.000000000000000000e+00
-1.241966287785261525e+00 -7.668998804308269079e-04 0.000000000000000000e+00 -9.573644040665538202e-02 3.831635316571438965e-01 0.000000000000000000e+00
-1.275801155203561077e+00 5.763590365451924658e-04 0.000000000000000000e+00 1.331110090488553735e-02 4.452829034138994224e-01 0.000000000000000000e+00
-1.344455403729965859e+00 1.208047553518129189e-03 0.000000000000000000e+00 4.481260178864202720e-02 5.443112947343484720e-01 0.000000000000000000e+00
-1.254301598272112184e+00 -1.419946714641528301e-04 0.000000000000000000e+00 -1.128174709653270713e-01 3.977491705213638262e-01 0.000000000000000000e+00
-1.247992089649156755e+00 3.468948933675781998e-04 0.000000000000000000e+00 1.980404739318604168e-01 3.521159728735347993e-01 0.000000000000000000e+00
-1.572806458094043291e+00 -8.692517177148603377e-04 0.000000000000000000e+00 1.491561320494199094e-01 8.521669874837266567e-01 0.000000000000000000e+00
-1.705899042782387687e+00 -3.308552509726187668e-03 0.000000000000000000e+00 -3.656673399736551366e-02 1.041278352343408597e+00 0.000000000000000000e+00
-1.398186726917087563e+00 2.327088021007646737e-03 0.000000000000000000e+00 -2.064388275546885088e-01 5.880967129680306771e-01 0.000000000000000000e+00
-1.682597121198849965e+00 -4.930357219466496854e-03 0.000000000000000000e+00 1.083094552653076914e-01 1.005562573505623281e+00 0.000000000000000000e+00
-1.642406895143412981e+00 -3.680681971818733009e-03 0.000000000000000000e+00 -1.390319402289705020e-01 9.481584525057424884e-01 0.000000000000000000e+00
-1.395392803328255882e+00 -9.203820567182767476e-04 0.000000000000000000e+00 -1.437239905394704365e-01 6.023918269900161437e-01 0.000000000000000000e+00
-1.522084430690483714e+00 -1.183475294700886762e-03 0.000000000000000000e+00 -1.849441555267890974e-02 7.959250068104881670e-01 0.000000000000000000e+00
-1.449266255719931618e+00 1.434354206314478186e-03 0.000000000000000000e+00 1.128923738822271983e-01 6.861153950127891754e-01 0.000000000000000000e+00
-1.257829678682575558e+00 -2.836889729149957851e-04 0.000000000000000000e+00 1.904389070410817952e-01 3.729004179291938725e-01 0.000000000000000000e+00
1.004627947243586394e+00 -4.190703159934431742e-04 0.000000000000000000e+00 -1.828389611333168241e-01 2.335460920960498732e-01 0.000000000000000000e+00
9.016379628211380615e-01 -2.754936807041591905e-04 0.000000000000000000e+00 -1.669335513394603621e-01 9.786744802909849716e-02 0.000000000000000000e+00
7.360196105095956343e-01 -2.090937935804079370e-03 0.000000000000000000e+00 -1.357371086169661401e-01 4.938076371800074194e-01 0.000000000000000000e+00
7.155770867984458938e-01 1.159873766112551503e-03 0.000000000000000000e+00 9.080997878570076787e-02 5.493618716836647931e-01 0.000000000000000000e+00
8.885704454466791802e-01 4.028839327738960308e-04 0.000000000000000000e+00 1.723572403343214821e-01 1.282175521260247586e-01 0.000000000000000000e+00
-1.328747828962695943e+00 1.002704456195741001e-03 0.000000000000000000e+00 7.572510161169519749e-02 5.178295398752972289e-01 0.000000000000000000e+00
-1.246691565571111937e+00 -3.629268798789261896e-04 0.000000000000000000e+00 -1.220464820251136173e-01 3.830663666026306036e-01 0.000000000000000000e+00
-1.393761439343418784e+00 -1.705435334812856196e-03 0.000000000000000000e+00 -5.129785807587972091e-02 6.148424452756223735e-01 0.000000000000000000e+00
-1.370253364740205981e+00 -3.083815984275713185e-04 0.000000000000000000e+00 -1.151017174775167129e-01 5.718890553689620626e-01 0.000000000000000000e+00
-1.296958041866033362e+00 -1.812345765162700489e-03 0.000000000000000000e+00 1.472973484217871276e-01 4.534471715495865807e-01 0.000000000000000000e+00
-1.429818931640760793e+00 -1.896398442498854059e-03 0.000000000000000000e+00 3.964724100437109350e-02 6.668663355237132162e-01 0.000000000000000000e+00
8.678320325341172259e-01 -7.147603595646077369e-04 0.000000000000000000e+00 -1.661249932507351257e-01 1.878288924317981778e-01 0.000000000000000000e+00
8.079824118023569701e-01 -1.379379622236146527e-03 0.000000000000000000e+00 1.632181432478659322e-01 3.248466205455902145e-01 0.000000000000000000e+00
7.283678480293507285e-01 -1.846442477448180172e-04 0.000000000000000000e+00 1.933869817349539999e-01 4.920895488538503115e-01 0.000000000000000000e+00
6.511838363551036846e-01 2.272252097743778995e-03 0.000000000000000000e+00 4.443226672106356800e-02 7.041982016930881105e-01 0.000000000000000000e+00
6.799377267517345835e-01 1.757349524693753787e-03 0.000000000000000000e+00 -1.482152458798089989e-01 6.201115549930342752e-01 0.000000000000000000e+00
8.258798456027035551e-01 -1.027593207737048306e-03 0.000000000000000000e+00 -1.516950691315525068e-01 2.915852170863616477e-01 0.000000000000000000e+00
7.655577463964372553e-01 -8.305569463586820467e-04 0.000000000000000000e+00 -6.473345745722491884e-02 4.448417915303846670e-01 0.000000000000000000e+00
7.911742957548655308e-01 -2.775394647325053407e-04 0.000000000000000000e+00 1.169880015081488228e-01 3.794343149985455188e-01 0.000000000000000000e+00
7.434521237714060149e-01 2.339100326703954028e-03 0.000000000000000000e+00 8.716397398829744958e-02 4.884376207897602740e-01 0.000000000000000000e+00
7.286332932099693904e-01 -1.822539440358230539e-03 0.000000000000000000e+00 -4.792865615903380005e-02 5.259603414820761547e-01 0.000000000000000000e+00
7.869151319533043143e-01 1.889149390971023475e-03 0.000000000000000000e+00 -1.216995348314057063e-01 3.869776329857055330e-01 0.000000000000000000e+00
7.528074193715778017e-01 1.628257227613066557e-03 0.000000000000000000e+00 9.230248518169836824e-03 4.761772182646449858e-01 0.000000000000000000e+00
7.932311884630178778e-01 1.664924988090923236e-03 0.000000000000000000e+00 1.284163103169082554e-01 3.713387458051045087e-01 0.000000000000000000e+00
7.194393049411109686e-01 4.929639180861773023e-04 0.000000000000000000e+00 5.164842354333214897e-03 5.482624558318698327e-01 0.000000000000000000e+00
7.855871877561444450e-01 -1.347836668225421003e-03 0.000000000000000000e+00 -1.280277722999500212e-01 3.877700911578317866e-01 0.000000000000000000e+00
