9.890490718114468560e-01 1.441455458903520559e-04 0.000000000000000000e+00 7.699305357662784843e-02 1.908549870738502907e-01 0.000000000000000000e+00
9.519083812556905499e-01 -5.596053127111659010e-04 0.000000000000000000e+00 7.708920559440791964e-02 1.143962218859065350e-01 0.000000000000000000e+00
9.165861234941975466e-01 -2.983185476949879941e-05 0.000000000000000000e+00 -8.582332970843364883e-02 1.511812302727074120e-01 0.000000000000000000e+00
9.732148575397662205e-01 -1.217924729108657025e-04 0.000000000000000000e+00 1.312350289614453436e-01 6.238327070835906346e-02 0.000000000000000000e+00
9.107096489821682184e-01 2.485871143357940710e-04 0.000000000000000000e+00 -1.404311481147388907e-01 1.161882985781699795e-01 0.000000000000000000e+00
-9.980555734945325552e-01 -2.608341426385632229e-04 0.000000000000000000e+00 1.797866253060778630e-02 6.243433219935594358e-02 0.000000000000000000e+00
8.943602737473629327e-01 5.573140529847916275e-04 0.000000000000000000e+00 1.425946724245315267e-01 1.508708668664742736e-01 0.000000000000000000e+00
9.776092720709455008e-01 -5.438392030200292363e-06 0.000000000000000000e+00 -1.301063006764821561e-01 8.159358013137173182e-02 0.000000000000000000e+00
9.592904109393107781e-01 6.342570132776192884e-04 0.000000000000000000e+00 1.397760565220387136e-02 1.355716041526419668e-01 0.000000000000000000e+00
9.391343035145922613e-01 6.199743632499684319e-04 0.000000000000000000e+00 3.782781795263916863e-02 1.419672936910701400e-01 0.000000000000000000e+00
9.364218270035061797e-01 -7.218167832115170331e-04 0.000000000000000000e+00 -3.712954155049896093e-02 1.448721969208472404e-01 0.000000000000000000e+00
9.658846650157312252e-01 6.387250033049465207e-04 0.000000000000000000e+00 -2.412220595336402387e-02 1.359288252164991273e-01 0.000000000000000000e+00
-1.159563250795866640e+00 -1.245039976823354710e-03 0.000000000000000000e+00 8.552099061236952127e-02 2.573151240690139119e-01 0.000000000000000000e+00
-1.365542317836212938e+00 -2.471412986934202419e-03 0.000000000000000000e+00 -1.476289302005369120e-01 5.582482456576753904e-01 0.000000000000000000e+00
-1.500945675399470325e+00 3.089712019491354378e-03 0.000000000000000000e+00 2.611111292349402313e-02 7.672982304450202129e-01 0.000000000000000000e+00
-1.255698844319040663e+00 -1.712938508584612579e-03 0.000000000000000000e+00 1.767910543106241406e-01 3.773463074639471504e-01 0.000000000000000000e+00
-1.465267109387766276e+00 -1.354249649733109406e-03 0.000000000000000000e+00 -3.739956833170342276e-02 7.173865059090618335e-01 0.000000000000000000e+00
-1.179283341446429434e+00 1.068322245778765417e-03 0.000000000000000000e+00 1.703802779253585920e-01 2.485347536470092766e-01 0.000000000000000000e+00
-1.466263842694577768e+00 2.771023160120752657e-03 0.000000000000000000e+00 2.177172209289666288e-02 7.194207669921421910e-01 0.000000000000000000e+00
-1.266562681622184661e+00 -1.770454636123051234e-03 0.000000000000000000e+00 -1.717189106428698986e-01 3.973612382054065306e-01 0.000000000000000000e+00
-1.491408354881145870e+00 -3.148469366398842784e-03 0.000000000000000000e+00 1.080414967309248873e-02 7.545165162392415414e-01 0.000000000000000000e+00
-1.187700161041898461e+00 1.202556598478643837e-03 0.000000000000000000e+00 1.761308561684949425e-01 2.601515166844485805e-01 0.000000000000000000e+00
-1.480081771372819377e+00 -3.104394802294378405e-03 0.000000000000000000e+00 -2.735648529304286064e-02 7.384240345200064892e-01 0.000000000000000000e+00
-1.240789199497196238e+00 -1.296306673873671598e-03 0.000000000000000000e+00 1.716402382720577102e-01 3.551126453435156649e-01 0.000000000000000000e+00
-1.470119720355187010e+00 -1.581516731349565802e-03 0.000000000000000000e+00 -7.802274579218610243e-03 7.250658498507975835e-01 0.000000000000000000e+00
-1.207397370252852209e+00 8.746504529304893749e-05 0.000000000000000000e+00 -1.723627351179471412e-01 2.978123810000280480e-01 0.000000000000000000e+00
-1.472653234577132153e+00 -1.697676216720837850e-03 0.000000000000000000e+00 2.976536036421062459e-02 7.280182210076203697e-01 0.000000000000000000e+00
-1.236207107908827707e+00 7.017531455121355996e-04 0.000000000000000000e+00 -1.765374788368122561e-01 3.450002361452628175e-01 0.000000000000000000e+00
-1.496150076137002127e+00 1.865263591823457245e-03 0.000000000000000000e+00 -8.949578206632974320e-03 7.610803770788437950e-01 0.000000000000000000e+00
-1.290233967540891147e+00 1.879090512429124234e-03 0.000000000000000000e+00 1.686163764091723472e-01 4.364632195050436314e-01 0.000000000000000000e+00
-1.457944129967116531e+00 -1.055794732768721225e-03 0.000000000000000000e+00 -1.946972920310010430e-02 7.078935845293913287e-01 0.000000000000000000e+00
-1.249592860379816095e+00 2.841065872318023627e-04 0.000000000000000000e+00 -1.664582021813926782e-01 3.720527462727017953e-01 0.000000000000000000e+00
-1.448669176858252694e+00 1.969049831615972759e-03 0.000000000000000000e+00 6.305557712072931698e-02 6.923462418110035710e-01 0.000000000000000000e+00
-1.379185342876213971e+00 4.168067155014502229e-04 0.000000000000000000e+00 1.916378989227218999e-01 5.653876876766728010e-01 0.000000000000000000e+00
-1.562868447072571332e+00 -3.444510205345766019e-03 0.000000000000000000e+00 1.206753657930959706e-01 8.436748650100103220e-01 0.000000000000000000e+00
-1.651480912410701718e+00 -3.522916216572490045e-03 0.000000000000000000e+00 2.739288386388491481e-02 9.704441902605367432e-01 0.000000000000000000e+00
-1.630718645365008879e+00 4.076365615551715699e-03 0.000000000000000000e+00 -6.332040961429066805e-02 9.411589733543972436e-01 0.000000000000000000e+00
-1.500962656459001510e+00 1.962763640779043722e-03 0.000000000000000000e+00 -1.532696998695119162e-01 7.523089533121897210e-01 0.000000000000000000e+00
-1.327900118331719170e+00 -4.452392069952929195e-04 0.000000000000000000e+00 -1.960308064626821722e-01 4.849134189589540123e-01 0.000000000000000000e+00
-1.449208234180044297e+00 -2.071127965110677871e-04 0.000000000000000000e+00 -7.840696691259703421e-02 6.915330466931156606e-01 0.000000000000000000e+00
-1.371596787600779521e+00 -9.139562504013737376e-04 0.000000000000000000e+00 1.330260895776139707e-01 5.708272686410569285e-01 0.000000000000000000e+00
-1.335413846619032174e+00 -4.111160620405632238e-04 0.000000000000000000e+00 8.298709894601941084e-02 5.274652602137532842e-01 0.000000000000000000e+00
-1.181334566829745469e+00 -6.073457352527217908e-04 0.000000000000000000e+00 -1.429023133144649016e-01 2.688421183355196864e-01 0.000000000000000000e+00
-1.365859406881086979e+00 -1.493926476631494277e-03 0.000000000000000000e+00 -6.109637711101323365e-02 5.746552125397740296e-01 0.000000000000000000e+00
-1.220908810708992043e+00 6.180712708582641879e-04 0.000000000000000000e+00 1.970090471678425104e-01 3.066993308532558471e-01 0.000000000000000000e+00
-1.982696068839481462e+00 -1.067535585761683614e-03 0.000000000000000000e+00 4.104025312317858415e-02 1.393626040479317263e+00 0.000000000000000000e+00
-1.859724498217548927e+00 -1.814941293226242369e-03 0.000000000000000000e+00 1.403454313292568922e-01 1.232224757197029064e+00 0.000000000000000000e+00
-1.582505243225562186e+00 4.113842470885007568e-03 0.000000000000000000e+00 2.444755979276556357e-01 8.440782936099215927e-01 0.000000000000000000e+00
-1.406488289218371213e+00 -2.735219669797292388e-04 0.000000000000000000e+00 -2.688540182848211391e-01 5.762015117824430543e-01 0.000000000000000000e+00
-1.775665015370536448e+00 -2.612115149285262894e-03 0.000000000000000000e+00 -1.829959677070362445e-01 1.117995791011398232e+00 0.000000000000000000e+00
-1.948720146851369961e+00 -6.656096646595360822e-03 0.000000000000000000e+00 -8.403198745714277051e-02 1.349395670757042698e+00 0.000000000000000000e+00
-2.050940162341546191e+00 7.154172345183652804e-03 0.000000000000000000e+00 5.205166430549953982e-03 1.478377874417611260e+00 0.000000000000000000e+00
-1.946580395905536776e+00 3.423941106362581727e-04 0.000000000000000000e+00 7.953080085069212657e-02 1.346981884584945943e+00 0.000000000000000000e+00
-1.769459270196771072e+00 -2.377638601385571177e-03 0.000000000000000000e+00 1.815049185471793725e-01 1.110138706976172118e+00 0.000000000000000000e+00
-1.384134283698746692e+00 -2.202806340242459068e-03 0.000000000000000000e+00 2.684902872094114268e-01 5.411044824434918521e-01 0.000000000000000000e+00
-1.604419833799235917e+00 -6.563053464098897449e-04 0.000000000000000000e+00 -2.367769451712561923e-01 8.767770374391685717e-01 0.000000000000000000e+00
-1.872116967113772734e+00 5.520913038558544067e-03 0.000000000000000000e+00 -1.295980954230888937e-01 1.249172062104809910e+00 0.000000000000000000e+00
-1.986955648487557458e+00 6.616124179699501943e-03 0.000000000000000000e+00 -2.802237906641381893e-02 1.399241821038754718e+00 0.000000000000000000e+00
-1.732043723353322573e+00 -2.550251097086439489e-04 0.000000000000000000e+00 1.305468991185247951e-01 1.068510170832329464e+00 0.000000000000000000e+00
-1.516731740210789159e+00 -1.491586461236996120e-03 0.000000000000000000e+00 -2.181673232496404158e-01 7.586793745672033573e-01 0.000000000000000000e+00
-1.843188404979972272e+00 -2.215269534395908346e-03 0.000000000000000000e+00 2.070534564439056868e-03 1.219217527468924755e+00 0.000000000000000000e+00
-1.493409340723455436e+00 3.352961800700843958e-03 0.000000000000000000e+00 2.250840392284903235e-01 7.231364591603540726e-01 0.000000000000000000e+00
-1.741936750678141799e+00 -4.561857018101148076e-04 0.000000000000000000e+00 -1.254973774568277634e-01 1.082043042184788639e+00 0.000000000000000000e+00
-2.092367714274852908e+00 2.892963222400875625e-04 0.000000000000000000e+00 4.534603876648455982e-03 1.529020109621240353e+00 0.000000000000000000e+00
-1.942944617078326441e+00 -5.331433396952068443e-03 0.000000000000000000e+00 6.989826159959591778e-02 1.342984226600573372e+00 0.000000000000000000e+00
-1.755439180538927113e+00 2.730595658924361846e-04 0.000000000000000000e+00 1.850945934467719822e-01 1.091190708986957913e+00 0.000000000000000000e+00
-1.313117164524567171e+00 1.060794980461486625e-03 0.000000000000000000e+00 2.667554595293760156e-01 4.246513017655925148e-01 0.000000000000000000e+00
-1.663112809111401802e+00 4.363675548363338264e-03 0.000000000000000000e+00 -2.148283203075148085e-01 9.625233749023878183e-01 0.000000000000000000e+00
-1.904190598146112023e+00 2.090727200947883890e-03 0.000000000000000000e+00 -1.049735350983498350e-01 1.292018231966139075e+00 0.000000000000000000e+00
-1.999580336973173278e+00 -6.515755490722641152e-03 0.000000000000000000e+00 -9.825528863363616749e-03 1.415111311141431294e+00 0.000000000000000000e+00
-1.900461676553255375e+00 5.471215794558698109e-04 0.000000000000000000e+00 1.015026714918062234e-01 1.287593992986963531e+00 0.000000000000000000e+00
-1.641563444952578887e+00 5.835000663050940450e-04 0.000000000000000000e+00 2.208152235386856010e-01 9.318814752306672222e-01 0.000000000000000000e+00
-1.394276065923857999e+00 1.400348209036936242e-03 0.000000000000000000e+00 -2.648209117245375332e-01 5.589432145335173630e-01 0.000000000000000000e+00
-1.800025690612907514e+00 4.733198570785121517e-04 0.000000000000000000e+00 -1.605324344977634154e-01 1.153035520270411673e+00 0.000000000000000000e+00
-1.957863670960937164e+00 8.954349652458368919e-05 0.000000000000000000e+00 -4.288519646496272153e-02 1.362711326778512477e+00 0.000000000000000000e+00
-1.663736490753701780e+00 1.184642251745054997e-03 0.000000000000000000e+00 1.487804980544138456e-01 9.757454920619418326e-01 0.000000000000000000e+00
-1.652167002772597648e+00 -1.701754732124180491e-03 0.000000000000000000e+00 -1.549505376120405564e-01 9.593027412604360205e-01 0.000000000000000000e+00
-1.883611069173980246e+00 1.289599134785646833e-03 0.000000000000000000e+00 6.243067186546630287e-02 1.268840731639803376e+00 0.000000000000000000e+00
-1.558611176008017019e+00 8.066960469190788408e-05 0.000000000000000000e+00 2.262714925076095562e-01 8.156908585466178252e-01 0.000000000000000000e+00
-1.630190155348438363e+00 -2.207163580969562222e-03 0.000000000000000000e+00 -2.065890570466351606e-01 9.196620226276095433e-01 0.000000000000000000e+00
-1.899064563085803625e+00 3.948734939807067856e-03 0.000000000000000000e+00 -3.682290199015426230e-02 1.289312057959865143e+00 0.000000000000000000e+00
-1.748672334915071458e+00 5.078756061288098103e-03 0.000000000000000000e+00 1.440648338131227946e-01 1.088541792379355000e+00 0.000000000000000000e+00
-1.425681772507735756e+00 9.623105806045445521e-04 0.000000000000000000e+00 -2.437945664926914613e-01 6.165004470186272734e-01 0.000000000000000000e+00
-1.852743283979857214e+00 1.406159103164894737e-03 0.000000000000000000e+00 -5.694341439151092560e-02 1.230028802971657287e+00 0.000000000000000000e+00
-1.677761040108768142e+00 6.183146852737214649e-04 0.000000000000000000e+00 1.567600245510987200e-01 9.932042617986707178e-01 0.000000000000000000e+00
-1.612006623406762706e+00 2.379248981272938379e-03 0.000000000000000000e+00 -1.834251877078419690e-01 8.998331500749503498e-01 0.000000000000000000e+00
-1.836717047291867910e+00 3.320152139447450808e-03 0.000000000000000000e+00 4.261476608086504914e-02 1.210246567776593674e+00 0.000000000000000000e+00
-1.368201730506908298e+00 -1.154770002409110513e-03 0.000000000000000000e+00 2.440709013304568908e-01 5.275312537624028408e-01 0.000000000000000000e+00
-1.782226822214147299e+00 7.890561455475564312e-04 0.000000000000000000e+00 -1.007886195698294296e-01 1.136856603247951014e+00 0.000000000000000000e+00
-1.442884546666722390e+00 9.689432637754180622e-04 0.000000000000000000e+00 -6.618914885555648997e-02 6.839230299959793147e-01 0.000000000000000000e+00
-1.245876468701276885e+00 8.167368531928551056e-04 0.000000000000000000e+00 1.665766675602225189e-01 3.659105956735072551e-01 0.000000000000000000e+00
-1.455294528459238457e+00 1.349950321221559703e-03 0.000000000000000000e+00 2.482830119624262338e-02 7.040319651368535103e-01 0.000000000000000000e+00
-1.282080971371751588e+00 -1.432195174942488269e-03 0.000000000000000000e+00 -1.738383555822055893e-01 4.214304173586221891e-01 0.000000000000000000e+00
-1.504051442202693156e+00 -1.152737187167851562e-03 0.000000000000000000e+00 -1.807331352433762597e-02 7.718053165908700386e-01 0.000000000000000000e+00
-1.360668999033264104e+00 -1.654804507800056081e-03 0.000000000000000000e+00 1.487627979270228495e-01 5.506997537410815990e-01 0.000000000000000000e+00
-1.248079610991179589e+00 -6.975524358071904032e-04 0.000000000000000000e+00 3.786238790330595516e-02 4.035670052483839032e-01 0.000000000000000000e+00
-1.156656061950772862e+00 -5.797988372588727679e-04 0.000000000000000000e+00 6.858351843149365634e-02 2.577398933334672515e-01 0.000000000000000000e+00
-1.175816408879788000e+00 -6.196595469552092575e-04 0.000000000000000000e+00 -3.966314687535070493e-02 2.933760800615695663e-01 0.000000000000000000e+00
1.001632849825252469e+00 -1.168562910000306388e-04 0.000000000000000000e+00 1.437988086524757958e-02 1.521571590136077123e-01 0.000000000000000000e+00
-1.126789963355557145e+00 2.667174617744325765e-04 0.000000000000000000e+00 -7.008903705997027167e-02 2.094362888790879396e-01 0.000000000000000000e+00
9.983680168737577576e-01 -8.586631564687922024e-04 0.000000000000000000e+00 -1.005505892664817769e-01 1.608397874566688812e-01 0.000000000000000000e+00
-9.888183623403516975e-01 -1.038103955574377131e-04 0.000000000000000000e+00 -6.318087252480600324e-02 2.464715067183880642e-02 0.000000000000000000e+00
-1.108980849728022466e+00 -8.156780984703345533e-04 0.000000000000000000e+00 -8.375379385844147068e-03 1.933878884637305062e-01 0.000000000000000000e+00
9.140364977392826384e-01 -6.859071361044587894e-04 0.000000000000000000e+00 9.457062461769244477e-02 1.501637769314981830e-01 0.000000000000000000e+00
9.525148617940413232e-01 -3.227378141217279554e-04 0.000000000000000000e+00 -8.426616837784876857e-02 1.089325779131841143e-01 0.000000000000000000e+00
8.490238957688340804e-01 -1.087095635481389461e-03 0.000000000000000000e+00 -1.718150822525916777e-01 2.294977566365352106e-01 0.000000000000000000e+00
8.215622392413043373e-01 1.039097550950500827e-03 0.000000000000000000e+00 1.698861338240720831e-01 2.927505148111674838e-01 0.000000000000000000e+00
6.258126925704767807e-01 2.141449939365019494e-03 0.000000000000000000e+00 -9.929471368831799261e-02 7.621683484745923609e-01 0.000000000000000000e+00
6.871856695448588237e-01 2.074076156171355580e-03 0.000000000000000000e+00 2.297352294970946840e-01 5.776321337376570941e-01 0.000000000000000000e+00
6.884543670869004428e-01 -2.005129008918914244e-03 0.000000000000000000e+00 -2.305544270130973628e-01 5.741732122519664916e-01 0.000000000000000000e+00
6.262024418107543511e-01 -9.919932430496581320e-04 0.000000000000000000e+00 9.861801701538862319e-02 7.612804609649748144e-01 0.000000000000000000e+00
8.165494731529652217e-01 4.677178317813307507e-04 0.000000000000000000e+00 -1.759381193763395190e-01 3.004464999426817995e-01 0.000000000000000000e+00
7.665951303280571505e-01 -5.566134236418360942e-04 0.000000000000000000e+00 1.488909663894250890e-01 4.230344451481125589e-01 0.000000000000000000e+00
-9.849580337969978672e-01 -2.093249698094118037e-04 0.000000000000000000e+00 -1.706899290887854692e-02 6.795006599286222693e-02 0.000000000000000000e+00
7.627915872757761173e-01 -1.268976969010036492e-03 0.000000000000000000e+00 -1.471349024340243561e-01 4.320053891532947832e-01 0.000000000000000000e+00
7.979076459977711977e-01 -9.637756519521492159e-04 0.000000000000000000e+00 1.726700674851415207e-01 3.439166069133323678e-01 0.000000000000000000e+00
7.062871204140601655e-01 7.717122107732546712e-04 0.000000000000000000e+00 1.791517297391020391e-01 5.499206698713814401e-01 0.000000000000000000e+00
6.496613879039916384e-01 -2.219798158583606573e-03 0.000000000000000000e+00 3.012771594049326596e-02 7.093320146205683852e-01 0.000000000000000000e+00
6.799713843804146007e-01 -2.728696312286114575e-03 0.000000000000000000e+00 -1.441712876825708700e-01 6.217693940921521500e-01 0.000000000000000000e+00
7.880059914525584519e-01 -1.761303326451830499e-03 0.000000000000000000e+00 -1.830658747127431041e-01 3.609001454193385694e-01 0.000000000000000000e+00
7.034410725802866526e-01 -3.879512485435937866e-05 0.000000000000000000e+00 3.159021459766395146e-02 5.838909922939261588e-01 0.000000000000000000e+00
8.501969447705801652e-01 -4.855782749298288674e-04 0.000000000000000000e+00 1.877434766358607732e-01 2.137998110121111517e-01 0.000000000000000000e+00
1.008607301889311803e+00 4.490422110624462488e-04 0.000000000000000000e+00 2.032999101579969214e-01 1.002327948501604143e-01 0.000000000000000000e+00
-1.429051741708391443e+00 2.434658443177049880e-03 0.000000000000000000e+00 -6.839796985522547668e-02 6.641906605015286402e-01 0.000000000000000000e+00
-1.149190691192162994e+00 -8.527624360281423760e-04 0.000000000000000000e+00 1.624543055845849571e-01 1.968824356339798354e-01 0.000000000000000000e+00
-1.434567219731886834e+00 -1.064723118306069860e-03 0.000000000000000000e+00 6.001259277858838476e-02 6.727821282587269636e-01 0.000000000000000000e+00
8.629714872770462009e-01 -3.991096771075256780e-04 0.000000000000000000e+00 -1.705182385718433391e-01 1.980750844856002946e-01 0.000000000000000000e+00
8.099851334341425790e-01 1.306591419897573051e-03 0.000000000000000000e+00 1.667666305337481281e-01 3.201409212419781269e-01 0.000000000000000000e+00
6.807584865022038301e-01 1.990489186344623559e-03 0.000000000000000000e+00 1.496840907086566808e-01 6.185983474933840487e-01 0.000000000000000000e+00
6.486629675891779634e-01 2.398018583135139159e-03 0.000000000000000000e+00 -3.605016266316418694e-02 7.114730040251078247e-01 0.000000000000000000e+00
7.150299735301552939e-01 -1.758959039389667786e-04 0.000000000000000000e+00 -1.883657110528612066e-01 5.262198274501046491e-01 0.000000000000000000e+00
8.103413238303855959e-01 9.986907052465417156e-04 0.000000000000000000e+00 -1.615567121729711009e-01 3.220221179203504036e-01 0.000000000000000000e+00
8.421499297108052673e-01 1.116599792406866489e-03 0.000000000000000000e+00 -8.925756167091589144e-02 2.858171753861579178e-01 0.000000000000000000e+00
-9.821462287719289197e-01 -1.116674009442520559e-05 0.000000000000000000e+00 7.021839581433819699e-02 1.625720055309248790e-02 0.000000000000000000e+00
8.303385664068776428e-01 1.376158879183665045e-03 0.000000000000000000e+00 6.792334012037393176e-02 3.144209014481889053e-01 0.000000000000000000e+00
8.172216357558221844e-01 1.104195860069633875e-03 0.000000000000000000e+00 1.178747728354251484e-01 3.262242120500584153e-01 0.000000000000000000e+00
7.318316629280725572e-01 2.327220735658090071e-03 0.000000000000000000e+00 7.716748336801403096e-02 5.163966069471287446e-01 0.000000000000000000e+00
-9.863309434187808034e-01 -3.126558426780538628e-04 0.000000000000000000e+00 2.934745100082701563e-02 6.268124611983480476e-02 0.000000000000000000e+00
7.347263090975670874e-01 1.665201988289498683e-03 0.000000000000000000e+00 -8.594835575384729420e-02 5.086671244345335463e-01 0.000000000000000000e+00
8.159064179115249615e-01 1.403280174441355263e-03 0.000000000000000000e+00 -1.174695006150039689e-01 3.290813354467323482e-01 0.000000000000000000e+00
8.281959039504631637e-01 -7.702845298260614822e-04 0.000000000000000000e+00 -6.811572721160588650e-02 3.185552990934253925e-01 0.000000000000000000e+00
-1.007261409962897147e+00 -9.390207942973566660e-06 0.000000000000000000e+00 4.716383637999230476e-04 6.612148670451145627e-02 0.000000000000000000e+00
8.281327461159913028e-01 8.570541197579356618e-04 0.000000000000000000e+00 6.792756911495045902e-02 3.187184686169616255e-01 0.000000000000000000e+00
8.175829419941181841e-01 -1.365365475445079035e-03 0.000000000000000000e+00 1.187699038785874628e-01 3.251527947355579706e-01 0.000000000000000000e+00
7.254788861223622209e-01 -1.718229199562470218e-03 0.000000000000000000e+00 6.246984338667754821e-02 5.322938528974017203e-01 0.000000000000000000e+00
7.434727410349872834e-01 1.522104784997754118e-03 0.000000000000000000e+00 -1.021839309176234417e-01 4.864934653232254047e-01 0.000000000000000000e+00
8.128873852753714102e-01 7.684061893304099805e-04 0.000000000000000000e+00 -1.171083938320195972e-01 3.354443748992909091e-01 0.000000000000000000e+00
8.529162680399884344e-01 8.344538954887731688e-04 0.000000000000000000e+00 -5.518288730286642629e-02 2.740486720123354591e-01 0.000000000000000000e+00
-1.257751175550424261e+00 1.019964307652568292e-03 0.000000000000000000e+00 -1.608488132773408519e-02 4.194697889549706682e-01 0.000000000000000000e+00
8.717013630094037069e-01 2.842393037889730766e-04 0.000000000000000000e+00 -1.748014017242188467e-01 1.729582400146148502e-01 0.000000000000000000e+00
7.256796518487886871e-01 2.523454116039371749e-03 0.000000000000000000e+00 8.317067725505129794e-02 5.290059784781163676e-01 0.000000000000000000e+00
7.621950287793467504e-01 -1.498895369135486155e-04 0.000000000000000000e+00 -1.314433152147553574e-01 4.383382000842201975e-01 0.000000000000000000e+00
8.553924082064722212e-01 4.114053553664119654e-04 0.000000000000000000e+00 -7.532724127873380304e-02 2.645194525890838255e-01 0.000000000000000000e+00
8.545012621913320450e-01 1.237095269546988801e-03 0.000000000000000000e+00 7.316852216229968731e-02 2.668054078278193630e-01 0.000000000000000000e+00
8.625468648318741494e-01 -1.663556182379005190e-04 0.000000000000000000e+00 1.652622634584829386e-01 2.034619987700691524e-01 0.000000000000000000e+00
-1.425896031660692342e+00 2.257136183093158555e-03 0.000000000000000000e+00 -9.425337776504806586e-02 6.565307375054679762e-01 0.000000000000000000e+00
-1.378295753460960338e+00 9.906578070573851535e-04 0.000000000000000000e+00 1.274479947885979458e-01 5.819252849422171803e-01 0.000000000000000000e+00
-1.319230739199143798e+00 1.674805795961973112e-03 0.000000000000000000e+00 9.244529278911417514e-02 5.019789275647746907e-01 0.000000000000000000e+00
-1.242179022648482345e+00 1.700000401287159874e-03 0.000000000000000000e+00 -1.287445854817198254e-01 3.750282885179800907e-01 0.000000000000000000e+00
-1.384479508199824238e+00 9.711207422704241747e-04 0.000000000000000000e+00 -4.888387203215767418e-02 6.025722795669475884e-01 0.000000000000000000e+00
-1.303651211624241135e+00 2.229704545757854595e-03 0.000000000000000000e+00 -1.721409247845246959e-01 4.562389690550445742e-01 0.000000000000000000e+00
-1.508404193883335243e+00 1.779458627104699153e-03 0.000000000000000000e+00 -3.633189977393549985e-02 7.771538145162877331e-01 0.000000000000000000e+00
-1.439428850531667692e+00 1.910645901471989816e-03 0.000000000000000000e+00 1.145403782293417383e-01 6.725945779221886855e-01 0.000000000000000000e+00
-1.304014784965248808e+00 4.903413512904984672e-04 0.000000000000000000e+00 1.952957280747903979e-01 4.473964209717773977e-01 0.000000000000000000e+00
-1.494833325756877329e+00 -1.829409172947604745e-03 0.000000000000000000e+00 1.632562144813001215e-01 7.415636574992212626e-01 0.000000000000000000e+00
-1.655306080135077185e+00 4.699067077777792367e-03 0.000000000000000000e+00 5.472153120098596779e-02 9.743629408534074665e-01 0.000000000000000000e+00
-1.643929348080865438e+00 -3.068486377560630807e-03 0.000000000000000000e+00 -6.956220950100466816e-02 9.583091943381097932e-01 0.000000000000000000e+00
-1.458973499221488890e+00 1.949771516046912984e-04 0.000000000000000000e+00 -1.770233566186674989e-01 6.871648745537148883e-01 0.000000000000000000e+00
-1.409946681410065406e+00 1.138323969604812351e-03 0.000000000000000000e+00 -1.390445445648557654e-01 6.254753619216428806e-01 0.000000000000000000e+00
-1.527281455331379156e+00 3.672497794264026338e-03 0.000000000000000000e+00 -1.491989371113863760e-02 8.037343160560594946e-01 0.000000000000000000e+00
-1.459206019103641783e+00 2.947355391721865475e-03 0.000000000000000000e+00 1.106539161597973608e-01 7.012528380720853827e-01 0.000000000000000000e+00
-1.262362735143083281e+00 1.861065360260649726e-03 0.000000000000000000e+00 1.911298804922558214e-01 3.814373710799614514e-01 0.000000000000000000e+00
1.008380497088315231e+00 -6.617985767923918522e-05 0.000000000000000000e+00 -1.871082959857306993e-01 1.323108485724600880e-01 0.000000000000000000e+00
8.604965074675721137e-01 -1.556389206259977884e-04 0.000000000000000000e+00 -2.080337359304268996e-01 1.654481589110237683e-01 0.000000000000000000e+00
6.823703795840008191e-01 -1.369430251942509863e-03 0.000000000000000000e+00 1.673892506612235098e-01 6.101850717810621827e-01 0.000000000000000000e+00
6.461501750057030424e-01 1.617863307613787507e-03 0.000000000000000000e+00 -6.225743764889101611e-02 7.157808231850347758e-01 0.000000000000000000e+00
7.681619674092903249e-01 -8.519114596198511941e-04 0.000000000000000000e+00 -2.006145365000796821e-01 3.974706789875417368e-01 0.000000000000000000e+00
7.293954321652056372e-01 -1.682509877377438064e-03 0.000000000000000000e+00 -1.509631588738400976e-01 5.053531596738776166e-01 0.000000000000000000e+00
6.912974758542855813e-01 -8.710970195267841998e-05 0.000000000000000000e+00 2.472641509988097140e-03 6.122316376853338404e-01 0.000000000000000000e+00
7.315923560893442534e-01 2.218924839717752520e-03 0.000000000000000000e+00 1.538473216036685964e-01 4.994948424792298169e-01 0.000000000000000000e+00
7.654073296990238084e-01 7.157536298031119681e-04 0.000000000000000000e+00 2.004485430985697980e-01 4.039388348333364243e-01 0.000000000000000000e+00
6.480850260346584513e-01 -2.175836913080920337e-03 0.000000000000000000e+00 6.842755980628779933e-02 7.104996571677870687e-01 0.000000000000000000e+00
6.767533406840168242e-01 1.953626396672744538e-03 0.000000000000000000e+00 -1.565522598890419226e-01 6.264806813211256653e-01 0.000000000000000000e+00
9.090818406209728586e-01 -3.116754084031420069e-04 0.000000000000000000e+00 1.737442625000550356e-01 6.265193120646372904e-02 0.000000000000000000e+00
-1.259319872101811288e+00 -1.725789330596785333e-03 0.000000000000000000e+00 -7.850800916598153073e-03 4.220433971333893419e-01 0.000000000000000000e+00
9.926667636033539299e-01 -1.618353876791454437e-04 0.000000000000000000e+00 6.741538365098981300e-02 2.377290483362550222e-01 0.000000000000000000e+00
-1.153854282710103707e+00 1.061139037731360793e-03 0.000000000000000000e+00 8.641449278677847123e-03 2.622743725824885908e-01 0.000000000000000000e+00
9.841621321687972213e-01 1.743353904168767421e-04 0.000000000000000000e+00 1.374136413006382118e-01 1.090325552076350790e-01 0.000000000000000000e+00
8.889023410327185903e-01 6.960746811428344949e-04 0.000000000000000000e+00 -1.283296439638905162e-01 1.744361043414150991e-01 0.000000000000000000e+00
8.985954941115740224e-01 2.434540755436344350e-04 0.000000000000000000e+00 1.293021183720587941e-01 1.536672576391861500e-01 0.000000000000000000e+00
9.692314097140170004e-01 -1.316978574443357581e-04 0.000000000000000000e+00 -1.099652288270352718e-01 8.758044788143204418e-02 0.000000000000000000e+00
9.773167671345326379e-01 4.324137691096262281e-04 0.000000000000000000e+00 -3.608045999045940422e-02 1.485196149330241799e-01 0.000000000000000000e+00
-1.121679090253700828e+00 -3.924256681617620951e-04 0.000000000000000000e+00 4.434144819768556789e-02 2.083507662612964217e-01 0.000000000000000000e+00
9.903962352998980645e-01 -9.186643314406946854e-04 0.000000000000000000e+00 -6.620690163943759865e-02 2.075475384646275068e-01 0.000000000000000000e+00
-1.098567302279416680e+00 7.199075008776714690e-04 0.000000000000000000e+00 1.017887797907393033e-01 1.456733855065791006e-01 0.000000000000000000e+00
-1.065408534313823541e+00 2.544948338160351719e-04 0.000000000000000000e+00 -9.808609859826311617e-02 8.294065748975079644e-02 0.000000000000000000e+00
9.952880085779273189e-01 7.401119001145834569e-04 0.000000000000000000e+00 2.419111758521492739e-01 1.874895950489290919e-01 0.000000000000000000e+00
8.838861359606289270e-01 7.911923205572879859e-04 0.000000000000000000e+00 -1.192314890800117988e-01 1.907444683639379079e-01 0.000000000000000000e+00
8.207141461775144808e-01 -1.398015944548761103e-03 0.000000000000000000e+00 2.141583458379853894e-02 3.394349102508201765e-01 0.000000000000000000e+00
8.176250549482810825e-01 -6.612833108428171208e-04 0.000000000000000000e+00 6.490188049141290549e-02 3.399454689375135397e-01 0.000000000000000000e+00
8.258982047130266624e-01 -1.029210149876174860e-03 0.000000000000000000e+00 1.232326450111508875e-01 3.062863984234264203e-01 0.000000000000000000e+00
7.158609490776026707e-01 1.376886989464329823e-03 0.000000000000000000e+00 -7.791711397635867065e-02 5.515990538883901451e-01 0.000000000000000000e+00
7.904188358829076222e-01 1.377733921068230276e-03 0.000000000000000000e+00 1.787576158958500971e-01 3.576325984747953379e-01 0.000000000000000000e+00
6.963245984626311724e-01 -3.472930798746175912e-04 0.000000000000000000e+00 1.684855105123501673e-01 5.766975560301131898e-01 0.000000000000000000e+00
6.498132528546359810e-01 -4.194272036697234418e-05 0.000000000000000000e+00 1.551949196802763359e-02 7.094456556330921426e-01 0.000000000000000000e+00
6.831983059032978867e-01 -1.271541817953287298e-03 0.000000000000000000e+00 -1.490002321809544283e-01 6.129678712932187246e-01 0.000000000000000000e+00
7.824548488273890268e-01 -1.684902767967792064e-03 0.000000000000000000e+00 -1.848786192101156689e-01 3.725691504435265644e-01 0.000000000000000000e+00
6.988134369706596738e-01 1.861813882369761815e-03 0.000000000000000000e+00 7.066723938749105375e-04 5.951648997274645581e-01 0.000000000000000000e+00
7.831762959284875869e-01 -3.779522339458700302e-04 0.000000000000000000e+00 1.862025945566670448e-01 3.702738488527272942e-01 0.000000000000000000e+00
6.753324375405294067e-01 -1.867460209989802930e-03 0.000000000000000000e+00 1.393381356757276424e-01 6.339217799496900119e-01 0.000000000000000000e+00
6.503691055985831859e-01 1.413500712741653717e-03 0.000000000000000000e+00 -4.010260984536019591e-02 7.071333355504549889e-01 0.000000000000000000e+00
7.125409212620174015e-01 -8.689750144689747588e-04 0.000000000000000000e+00 -1.841551182090029326e-01 5.335453970701686810e-01 0.000000000000000000e+00
7.953316549936835234e-01 2.452000986347471767e-05 0.000000000000000000e+00 -1.736140417153508309e-01 3.491945747889676488e-01 0.000000000000000000e+00
7.491343133988161984e-01 1.995219556240500174e-03 0.000000000000000000e+00 1.335599811045689589e-01 4.663180330912443106e-01 0.000000000000000000e+00
-9.754836817233905055e-01 2.190844885384705606e-04 0.000000000000000000e+00 6.139690576279580037e-02 4.789565350595351156e-02 0.000000000000000000e+00
7.609170339506223790e-01 1.186915104909128452e-03 0.000000000000000000e+00 -1.421549889754846197e-01 4.377849647433766922e-01 0.000000000000000000e+00
8.362733044193436660e-01 -1.299710295079445832e-04 0.000000000000000000e+00 1.772550140291739296e-01 2.548679362220934719e-01 0.000000000000000000e+00
8.240121912017106531e-01 -2.888710155815716295e-04 0.000000000000000000e+00 -2.705708323992864761e-01 1.954260619714660585e-01 0.000000000000000000e+00
7.701810547055989442e-01 -4.522213805971744827e-04 0.000000000000000000e+00 3.035310350335003182e-01 3.200046730527124073e-01 0.000000000000000000e+00
8.673384891231465943e-01 2.789010494524454126e-04 0.000000000000000000e+00 -2.454405684701582713e-01 6.375695919288129621e-02 0.000000000000000000e+00
5.022175640488917292e-01 1.781510113691930040e-03 0.000000000000000000e+00 1.220485937636740098e-01 1.105277396868645123e+00 0.000000000000000000e+00
5.723907713788871643e-01 -2.600997634880825721e-03 0.000000000000000000e+00 -3.394586462783182323e-01 8.422126394138966798e-01 0.000000000000000000e+00
5.874469662743587728e-01 3.178235436932398857e-03 0.000000000000000000e+00 3.555006417519751549e-01 7.913379553057728888e-01 0.000000000000000000e+00
4.985762526561177133e-01 -5.360951799669591913e-04 0.000000000000000000e+00 -9.755691939012500757e-02 1.119116962580340768e+00 0.000000000000000000e+00
7.463949460502752320e-01 3.384067002551805273e-04 0.000000000000000000e+00 -3.252021261782260253e-01 3.677229581117386070e-01 0.000000000000000000e+00
6.827238175533362208e-01 -5.507501057015152732e-04 0.000000000000000000e+00 3.362557151650215070e-01 5.350313950212400860e-01 0.000000000000000000e+00
5.465762392234965183e-01 -2.322322305704982090e-04 0.000000000000000000e+00 2.024398772456129647e-01 9.588828459205194221e-01 0.000000000000000000e+00
5.271792440877627328e-01 -4.753982931481793087e-03 0.000000000000000000e+00 -7.661129207556038878e-02 1.033446016714037352e+00 0.000000000000000000e+00
6.022961486152123012e-01 -2.310851496112604608e-03 0.000000000000000000e+00 -3.098133025636866655e-01 7.684326949253810213e-01 0.000000000000000000e+00
7.769534412521935662e-01 1.039113683587995600e-03 0.000000000000000000e+00 3.177299038657901420e-01 2.854783956972388737e-01 0.000000000000000000e+00
8.034874172019732530e-01 -9.564827340995439922e-04 0.000000000000000000e+00 -3.165493164403990756e-01 1.987347648801017219e-01 0.000000000000000000e+00
4.968255752099094424e-01 9.820115270764663215e-04 0.000000000000000000e+00 1.150406720523317328e-01 1.122973934633250348e+00 0.000000000000000000e+00
5.859493950908247761e-01 -3.551645262044496321e-04 0.000000000000000000e+00 -3.646340086757158261e-01 7.915867676982665246e-01 0.000000000000000000e+00
5.570170519202295445e-01 -1.204600277861203996e-03 0.000000000000000000e+00 3.308831222075383494e-01 8.910743695987315416e-01 0.000000000000000000e+00
5.046373487548236891e-01 3.433301546274266855e-03 0.000000000000000000e+00 -1.725134154088972249e-01 1.090914858088872119e+00 0.000000000000000000e+00
7.342697582000616841e-01 1.574756571906479712e-03 0.000000000000000000e+00 3.667789919056650971e-01 3.641840131734632169e-01 0.000000000000000000e+00
4.646139512030844632e-01 -1.355103618630481774e-03 0.000000000000000000e+00 -1.448319877693493574e-01 1.225121122183615796e+00 0.000000000000000000e+00
5.541765427482039374e-01 4.470463208179707021e-04 0.000000000000000000e+00 4.180452053799600942e-01 8.625422596383462981e-01 0.000000000000000000e+00
5.076350581548336738e-01 1.766833934604268314e-03 0.000000000000000000e+00 -3.584843139317422933e-01 1.034947621706840515e+00 0.000000000000000000e+00
4.754038457726876832e-01 -4.320579607391353966e-03 0.000000000000000000e+00 2.526168376236140878e-01 1.170724649068519918e+00 0.000000000000000000e+00
6.383542129075345795e-01 -5.078322135102248530e-04 0.000000000000000000e+00 -4.286737486189580171e-01 6.001791800562503720e-01 0.000000000000000000e+00
4.685730843106951649e-01 -1.561358302130640488e-03 0.000000000000000000e+00 7.876504447527785113e-02 1.217815552280343550e+00 0.000000000000000000e+00
7.460351421826947327e-01 -1.516025039380789266e-03 0.000000000000000000e+00 -3.497062827318497824e-01 3.455902384243352277e-01 0.000000000000000000e+00
5.363601379657302326e-01 -2.166216326403701264e-03 0.000000000000000000e+00 2.435410798822466028e-01 9.796049089274956323e-01 0.000000000000000000e+00
5.215322285218022547e-01 -5.069473651731773271e-03 0.000000000000000000e+00 -1.688361550136192046e-01 1.039445707551468256e+00 0.000000000000000000e+00
7.588182591433207946e-01 2.442650478550398296e-04 0.000000000000000000e+00 -3.045643292594023555e-01 3.509561608099533991e-01 0.000000000000000000e+00
7.825957477339238189e-01 -1.012774879384980339e-03 0.000000000000000000e+00 -2.449260035699341864e-01 3.358064606241591976e-01 0.000000000000000000e+00
6.401745996875785050e-01 -2.081420113211621993e-03 0.000000000000000000e+00 9.919424229657329561e-02 7.263144394122160730e-01 0.000000000000000000e+00
7.048113417450598828e-01 1.644132907060335234e-03 0.000000000000000000e+00 -2.103223731226610271e-01 5.423175431734971186e-01 0.000000000000000000e+00
-9.559242027978706036e-01 7.650228623452435747e-05 0.000000000000000000e+00 -9.494662415460999871e-02 3.513446651889663708e-02 0.000000000000000000e+00
7.226640573440179516e-01 3.441570252827141733e-04 0.000000000000000000e+00 2.226947179517393682e-01 4.942607345598880597e-01 0.000000000000000000e+00
6.383910347749337522e-01 -3.409287172587674181e-03 0.000000000000000000e+00 -1.092545126968009761e-01 7.292794632314205661e-01 0.000000000000000000e+00
7.277407998975472525e-01 1.759032548473643889e-05 0.000000000000000000e+00 2.444714596054393674e-01 4.714057394878142793e-01 0.000000000000000000e+00
6.639487676112738601e-01 1.776765960717595350e-03 0.000000000000000000e+00 -2.179214115211116354e-01 6.397071583215936386e-01 0.000000000000000000e+00
6.177240735851217135e-01 -2.336187183866821494e-03 0.000000000000000000e+00 8.810643226742764789e-02 7.840393285890578934e-01 0.000000000000000000e+00
8.116831818524204989e-01 -8.027854550843142867e-06 0.000000000000000000e+00 2.511427954647129646e-01 2.546477420462266994e-01 0.000000000000000000e+00
8.101192927726443838e-01 -2.623459652697866101e-04 0.000000000000000000e+00 -2.612879768221618160e-01 2.486864940984584438e-01 0.000000000000000000e+00
6.376739394641836034e-01 6.090851472831983193e-04 0.000000000000000000e+00 -2.049193945106324577e-01 7.102338326149740810e-01 0.000000000000000000e+00
5.988495811152032555e-01 1.364092712983553182e-03 0.000000000000000000e+00 2.242378379483630710e-02 8.372002991823180862e-01 0.000000000000000000e+00
6.567167017090926873e-01 -1.304863983347431117e-03 0.000000000000000000e+00 2.360861086757501393e-01 6.515715930661046817e-01 0.000000000000000000e+00
8.723509409656232672e-01 2.498700304777654035e-04 0.000000000000000000e+00 2.187407014773148917e-01 1.098493017824613421e-01 0.000000000000000000e+00
9.052472894909114887e-01 4.977864184597618038e-04 0.000000000000000000e+00 5.545630573670952933e-03 1.903980650218761173e-01 0.000000000000000000e+00
8.877575629036131843e-01 4.528184926319367767e-04 0.000000000000000000e+00 -5.801003399430339907e-02 2.106187916678785577e-01 0.000000000000000000e+00
9.410079201897578738e-01 5.559121052415502695e-04 0.000000000000000000e+00 8.324095157611990925e-02 1.190582887165235748e-01 0.000000000000000000e+00
9.242749715869615912e-01 -2.883023302925700332e-05 0.000000000000000000e+00 -8.816608344830617616e-02 1.377987417437254725e-01 0.000000000000000000e+00
9.463250208735702884e-01 -4.282469383327500070e-04 0.000000000000000000e+00 1.076619157117804926e-01 9.124182704776649666e-02 0.000000000000000000e+00
9.172332559221076931e-01 -3.230551123234151525e-04 0.000000000000000000e+00 -1.238428708488534813e-01 1.207644961320495369e-01 0.000000000000000000e+00
8.249695898264201022e-01 -6.507431054595018763e-04 0.000000000000000000e+00 4.126515597016124082e-02 3.293556842414098185e-01 0.000000000000000000e+00
