8.474170727368849354e-01 5.502581508472787625e-04 0.000000000000000000e+00 2.037714262305128088e-01 2.058373734420028967e-01 0.000000000000000000e+00
1.011750306690154311e+00 -1.137671384178343473e-05 0.000000000000000000e+00 1.806611708957630569e-01 7.860976483457600417e-02 0.000000000000000000e+00
-1.429103170069770279e+00 1.397495927841534841e-03 0.000000000000000000e+00 -6.206186806688716862e-02 6.648782276733246066e-01 0.000000000000000000e+00
-1.179704492994275267e+00 -5.141136857010077631e-04 0.000000000000000000e+00 -1.658910956054317487e-01 2.523227295986766316e-01 0.000000000000000000e+00
-1.414395651881139138e+00 1.057104350924334413e-03 0.000000000000000000e+00 8.318686498933824947e-02 6.416600001291615785e-01 0.000000000000000000e+00
-1.168713567018253574e+00 1.383041403591050988e-04 0.000000000000000000e+00 9.155874130515337384e-02 2.700731613761078176e-01 0.000000000000000000e+00
-1.212757829195657555e+00 -3.425140478656918050e-04 0.000000000000000000e+00 -7.816642672302084871e-02 3.434269195455512125e-01 0.000000000000000000e+00
-1.129879198297199405e+00 8.323545035150133140e-04 0.000000000000000000e+00 1.215388352865392901e-01 1.900402392879174118e-01 0.000000000000000000e+00
-1.171554681101222739e+00 7.087340198743390801e-04 0.000000000000000000e+00 -8.271374933600883494e-02 2.774517064477990402e-01 0.000000000000000000e+00
8.391343495607443970e-01 1.049937567685837710e-03 0.000000000000000000e+00 1.352605939409726732e-01 2.734274659507676120e-01 0.000000000000000000e+00
6.381583887672062083e-01 -2.188404069409283573e-03 0.000000000000000000e+00 5.384723502794548644e-02 7.360268181270710475e-01 0.000000000000000000e+00
7.121613790431948754e-01 2.392518508143064247e-03 0.000000000000000000e+00 -2.069170303115638321e-01 5.260265589581850643e-01 0.000000000000000000e+00
7.729962993157941664e-01 1.375121489372026391e-03 0.000000000000000000e+00 2.309294557755239841e-01 3.689317176052830938e-01 0.000000000000000000e+00
6.606585601204613134e-01 -4.779885263342473906e-04 0.000000000000000000e+00 -2.236884173434238177e-01 6.459811876324230706e-01 0.000000000000000000e+00
6.071727676178697575e-01 1.263651797741526667e-03 0.000000000000000000e+00 4.046672569696608407e-02 8.149175791558025406e-01 0.000000000000000000e+00
7.076098761541018689e-01 -2.228577136693529141e-03 0.000000000000000000e+00 2.645901022402954439e-01 5.109572256407559632e-01 0.000000000000000000e+00
7.593916115656511590e-01 -8.049849057450097177e-04 0.000000000000000000e+00 -2.479641464370996029e-01 3.915572515509009310e-01 0.000000000000000000e+00
6.376048483917045040e-01 -1.565503575348076680e-03 0.000000000000000000e+00 9.895616934553988497e-02 7.327078312630586066e-01 0.000000000000000000e+00
7.178523946952232171e-01 5.761854691407782003e-04 0.000000000000000000e+00 -2.186135124427192600e-01 5.076026495022185614e-01 0.000000000000000000e+00
-9.771769231444865644e-01 -2.740833239824329477e-05 0.000000000000000000e+00 6.585084904081033724e-03 7.592004242323113772e-02 0.000000000000000000e+00
7.158831756911412381e-01 -1.763121639477963076e-03 0.000000000000000000e+00 2.180289043964083739e-01 5.125761361171499164e-01 0.000000000000000000e+00
6.376715462125994716e-01 2.667474316028407844e-03 0.000000000000000000e+00 -9.815041546111437365e-02 7.326416630437833089e-01 0.000000000000000000e+00
7.638000533689388583e-01 -6.911737101268759266e-04 0.000000000000000000e+00 2.484664927412662261e-01 3.802989160566343507e-01 0.000000000000000000e+00
7.333694449895337142e-01 -1.590657207004603224e-03 0.000000000000000000e+00 -2.638705290603828857e-01 4.466881491790385406e-01 0.000000000000000000e+00
6.110569228226675476e-01 -2.756293516926480291e-03 0.000000000000000000e+00 -2.881532127429903278e-02 8.054228452196283694e-01 0.000000000000000000e+00
6.893781212570736505e-01 2.128471607670389537e-03 0.000000000000000000e+00 2.437771956533026640e-01 5.663782889543544918e-01 0.000000000000000000e+00
7.207323297318390942e-01 -1.546246201715101038e-03 0.000000000000000000e+00 -2.505734535694526532e-01 4.854882013523118545e-01 0.000000000000000000e+00
6.208456278201577305e-01 -1.737178633251592469e-03 0.000000000000000000e+00 5.702312626226734016e-02 7.789992277988322389e-01 0.000000000000000000e+00
8.660702395420771804e-01 1.409590205197162058e-04 0.000000000000000000e+00 2.157561411753897984e-01 1.374560516029782464e-01 0.000000000000000000e+00
-1.194361646683474998e+00 5.369751417046257636e-04 0.000000000000000000e+00 7.181583463285802493e-02 3.162577366994538952e-01 0.000000000000000000e+00
-1.226638852843807914e+00 8.903779204396528035e-06 0.000000000000000000e+00 -6.274247866049174893e-02 3.678480595685555965e-01 0.000000000000000000e+00
-1.317622792667871412e+00 5.287431599502248614e-04 0.000000000000000000e+00 6.862689499036131457e-02 5.034097276350355532e-01 0.000000000000000000e+00
-1.326096416378471865e+00 -1.062263168218310081e-03 0.000000000000000000e+00 -6.001835649327783018e-02 5.169435671625700612e-01 0.000000000000000000e+00
-1.280802267426076391e+00 -4.330399134011755219e-04 0.000000000000000000e+00 -9.910681229569739265e-03 4.538728465502979148e-01 0.000000000000000000e+00
-1.253614678651891801e+00 1.174281305593495930e-03 0.000000000000000000e+00 9.446913304746906714e-02 4.026670187283329927e-01 0.000000000000000000e+00
-1.353311198076401212e+00 6.654111839932710069e-04 0.000000000000000000e+00 2.939559673096010795e-02 5.590655952646865767e-01 0.000000000000000000e+00
-1.250502460769064239e+00 3.123142309126210065e-04 0.000000000000000000e+00 -1.148517556662169981e-01 3.924937377486785728e-01 0.000000000000000000e+00
1.063456133787297642e+00 -9.308692573701480557e-05 0.000000000000000000e+00 1.440554590886465869e-01 2.602460120467021271e-02 0.000000000000000000e+00
-1.896041127555815109e+00 -5.065600283269811217e-03 0.000000000000000000e+00 6.668562316884252272e-02 1.284306803204080083e+00 0.000000000000000000e+00
-1.603352464108292796e+00 -2.148893980293789530e-03 0.000000000000000000e+00 2.186529561369925934e-01 8.800002268209874412e-01 0.000000000000000000e+00
-1.551938875788626326e+00 3.607474699877148694e-03 0.000000000000000000e+00 -2.314289094522872237e-01 8.048350949106231056e-01 0.000000000000000000e+00
-1.880755042438990721e+00 -2.826923667536132556e-03 0.000000000000000000e+00 -8.718979938480217462e-02 1.263770271892666219e+00 0.000000000000000000e+00
-2.200077642514374432e+00 -6.394442352024812259e-03 0.000000000000000000e+00 -3.391320805765151575e-02 1.659020567818269676e+00 0.000000000000000000e+00
-2.185644384041017130e+00 6.730896128919777732e-03 0.000000000000000000e+00 -7.212185516777636085e-02 1.640428187704090934e+00 0.000000000000000000e+00
-2.104747215547212669e+00 9.539068638443441717e-04 0.000000000000000000e+00 -1.334935419971088888e-01 1.538322678970383661e+00 0.000000000000000000e+00
-1.969612813029813836e+00 -4.912704589769069027e-03 0.000000000000000000e+00 -1.963016292938144503e-01 1.363947942972886240e+00 0.000000000000000000e+00
-1.782859877687912764e+00 3.653946515040729613e-03 0.000000000000000000e+00 -2.474881218941501482e-01 1.114994707512292127e+00 0.000000000000000000e+00
-1.519135311051340809e+00 2.020470618673941843e-03 0.000000000000000000e+00 -2.963391956114880266e-01 7.352437047767312883e-01 0.000000000000000000e+00
-1.347070936318289558e+00 -4.807881859505902175e-04 0.000000000000000000e+00 2.988411961529131022e-01 4.627153603137041937e-01 0.000000000000000000e+00
-1.675265350401891062e+00 -1.830156129235573081e-03 0.000000000000000000e+00 2.729608252378503686e-01 9.643263774411271472e-01 0.000000000000000000e+00
-1.892672453427380219e+00 -3.591361258842450457e-03 0.000000000000000000e+00 2.164101490729796740e-01 1.263392548451844899e+00 0.000000000000000000e+00
-2.049852778816033450e+00 2.271483241676388459e-03 0.000000000000000000e+00 1.624399451070839273e-01 1.468079841962155019e+00 0.000000000000000000e+00
-2.155720637156106623e+00 5.173118814780081065e-04 0.000000000000000000e+00 1.032300866514879317e-01 1.602592500934890252e+00 0.000000000000000000e+00
-2.203556036936665130e+00 6.002396700485329584e-04 0.000000000000000000e+00 4.938289229173591088e-02 1.662801277569369462e+00 0.000000000000000000e+00
-2.145480058515311761e+00 -1.785125536162307514e-03 0.000000000000000000e+00 1.878644046758919106e-02 1.593421263214956696e+00 0.000000000000000000e+00
-1.999911180736879013e+00 -9.052237170951507594e-04 0.000000000000000000e+00 5.542687904052683023e-02 1.414455691268052373e+00 0.000000000000000000e+00
-1.895972056013038198e+00 3.418155162121710999e-03 0.000000000000000000e+00 1.385117079719947464e-01 1.278464629547483522e+00 0.000000000000000000e+00
-1.701615230960361158e+00 6.884850187983291778e-04 0.000000000000000000e+00 2.181054891959537390e-01 1.013585309908258569e+00 0.000000000000000000e+00
-1.349284819957934811e+00 1.189145272471100329e-03 0.000000000000000000e+00 2.745711532912089581e-01 4.812048275114683138e-01 0.000000000000000000e+00
-1.550387390627724793e+00 2.731478071177420586e-03 0.000000000000000000e+00 -2.543867733596961722e-01 7.956637420393768423e-01 0.000000000000000000e+00
-1.808008838411448549e+00 -4.703075528926004695e-03 0.000000000000000000e+00 -1.820352220288291856e-01 1.160189324055937998e+00 0.000000000000000000e+00
-1.955890976792876934e+00 4.161954144526056748e-03 0.000000000000000000e+00 -9.369247673970257373e-02 1.357706461660593167e+00 0.000000000000000000e+00
-2.031472859814560383e+00 3.685657057878209339e-04 0.000000000000000000e+00 -2.253768690815509748e-02 1.454286412817787699e+00 0.000000000000000000e+00
-1.668501052492747494e+00 -1.712145733163035477e-03 0.000000000000000000e+00 1.439898861434958377e-01 9.828154874858987533e-01 0.000000000000000000e+00
-1.648357704816881153e+00 -7.147332127405256648e-04 0.000000000000000000e+00 -1.557170681397556933e-01 9.540683527058608782e-01 0.000000000000000000e+00
-1.874990336913273437e+00 -4.987561734259803731e-03 0.000000000000000000e+00 5.991494163899781233e-02 1.258079538314025525e+00 0.000000000000000000e+00
-1.520939411537830743e+00 3.048350378001065362e-03 0.000000000000000000e+00 2.348557466896054602e-01 7.597194720347727470e-01 0.000000000000000000e+00
-1.669210705365744785e+00 -1.482844638573226070e-03 0.000000000000000000e+00 -1.899088902832999082e-01 9.759364708253168708e-01 0.000000000000000000e+00
-1.902155776935098075e+00 5.869517902861897535e-03 0.000000000000000000e+00 -1.401432255963786302e-02 1.293653628521344245e+00 0.000000000000000000e+00
-1.732994291967044465e+00 1.737860408780949120e-03 0.000000000000000000e+00 1.580670108745058644e-01 1.066037376401041126e+00 0.000000000000000000e+00
-1.431613626008354734e+00 6.200738873328448530e-05 0.000000000000000000e+00 -2.467796513506795852e-01 6.242940268966572503e-01 0.000000000000000000e+00
-1.855214421253393864e+00 7.188533396474267034e-04 0.000000000000000000e+00 -7.284430972553372630e-02 1.232327192582239439e+00 0.000000000000000000e+00
-1.536534265109311459e+00 3.178271890661079485e-03 0.000000000000000000e+00 1.803102251968243530e-01 7.963382993381307173e-01 0.000000000000000000e+00
-1.730304463352463351e+00 -4.791934988920470984e-03 0.000000000000000000e+00 -4.706314837674829832e-02 1.073173804497309147e+00 0.000000000000000000e+00
-1.212977626336613657e+00 -7.645350372472558415e-04 0.000000000000000000e+00 -2.190750534583197628e-01 2.762176216418215091e-01 0.000000000000000000e+00
-1.723694735083174612e+00 2.131166411350400233e-03 0.000000000000000000e+00 6.080839664976001729e-02 1.063864259016795488e+00 0.000000000000000000e+00
-1.566776267151533064e+00 -2.481989144204631292e-03 0.000000000000000000e+00 -1.691712593532470610e-01 8.406954155211880941e-01 0.000000000000000000e+00
-2.128956527713874003e+00 -1.047222215895898811e-03 0.000000000000000000e+00 -4.176066375742672199e-03 1.573510037714941801e+00 0.000000000000000000e+00
1.030765009131900278e+00 2.304071969229545781e-04 0.000000000000000000e+00 -1.552769658618298812e-02 1.388980236363187570e-01 0.000000000000000000e+00
-2.016429379055303617e+00 2.704384510309965073e-03 0.000000000000000000e+00 4.141765268898504881e-02 1.435339658235279758e+00 0.000000000000000000e+00
-1.929507069235874450e+00 6.142153352522904119e-03 0.000000000000000000e+00 1.207043165608246149e-01 1.322522461073376121e+00 0.000000000000000000e+00
-1.764124207526901689e+00 -4.211720731696423463e-03 0.000000000000000000e+00 1.942410820326329612e-01 1.101000577543825187e+00 0.000000000000000000e+00
-1.473391117181234611e+00 -1.035503104882916706e-03 0.000000000000000000e+00 2.676713783219335507e-01 6.787807417077481587e-01 0.000000000000000000e+00
-1.441567175483030816e+00 -4.345825384175494577e-04 0.000000000000000000e+00 -2.716577061398919857e-01 6.291241016740687364e-01 0.000000000000000000e+00
-1.746330707192162102e+00 3.270118388676232501e-04 0.000000000000000000e+00 -2.030911091195141682e-01 1.075992883017715229e+00 0.000000000000000000e+00
-1.920944361595736005e+00 5.369641506056690994e-03 0.000000000000000000e+00 -1.183683455008608248e-01 1.311970770190882263e+00 0.000000000000000000e+00
-2.011720488304299614e+00 2.651095939696992976e-03 0.000000000000000000e+00 -4.274545441207491803e-02 1.429490255119683528e+00 0.000000000000000000e+00
-2.318021618278086393e+00 -3.199588405419936943e-03 0.000000000000000000e+00 -6.669373387114371776e-02 1.798792943081268358e+00 0.000000000000000000e+00
-2.096782322990144998e+00 6.493968921432065333e-04 0.000000000000000000e+00 -1.867234700095983246e-01 1.523003713037871742e+00 0.000000000000000000e+00
-1.576398104528843103e+00 -1.937399908644733479e-03 0.000000000000000000e+00 -3.115314818310160883e-01 8.128856269130648737e-01 0.000000000000000000e+00
-1.787462511702408552e+00 1.595233947084580186e-03 0.000000000000000000e+00 2.767224831283638387e-01 1.114193832745824508e+00 0.000000000000000000e+00
-2.192161727071718857e+00 4.761603834161283119e-03 0.000000000000000000e+00 1.511078786609249547e-01 1.642914544336613769e+00 0.000000000000000000e+00
-2.337922565402444697e+00 6.220947658914510736e-03 0.000000000000000000e+00 3.276999431245862515e-02 1.823285659706267658e+00 0.000000000000000000e+00
-2.317903016194645449e+00 7.327260264595954892e-03 0.000000000000000000e+00 -9.321398589370508136e-02 1.797484402943249515e+00 0.000000000000000000e+00
-1.942071333535529298e+00 -1.220468337053699781e-03 0.000000000000000000e+00 -2.481408970605911146e-01 1.320593367247536731e+00 0.000000000000000000e+00
-1.520573013110913418e+00 2.574474489994933724e-03 0.000000000000000000e+00 3.221053503864478862e-01 7.264850171932099032e-01 0.000000000000000000e+00
-2.155382642762312617e+00 -5.027690453080713162e-03 0.000000000000000000e+00 1.754733460046051796e-01 1.595895743397241828e+00 0.000000000000000000e+00
-2.376929921795240208e+00 -8.521051849452426774e-03 0.000000000000000000e+00 3.050116534143040847e-02 1.869337130320372520e+00 0.000000000000000000e+00
-2.342057168020766689e+00 7.898641800799861834e-03 0.000000000000000000e+00 -1.030032074001106246e-01 1.825567486397567718e+00 0.000000000000000000e+00
-1.844235985740122263e+00 3.791765288506217073e-03 0.000000000000000000e+00 -2.773693636750343972e-01 1.188620140420069138e+00 0.000000000000000000e+00
-1.819927971421464896e+00 -2.156830187413603939e-03 0.000000000000000000e+00 2.835895071570130321e-01 1.155308408634813322e+00 0.000000000000000000e+00
-2.333419581974617962e+00 3.443329571878356483e-03 0.000000000000000000e+00 1.170559777988762484e-01 1.814479081453427955e+00 0.000000000000000000e+00
-2.386977668658414764e+00 -5.162583868974501833e-04 0.000000000000000000e+00 -3.546468583558372301e-02 1.881050850413109377e+00 0.000000000000000000e+00
-2.158437601118145199e+00 1.755454587886923212e-03 0.000000000000000000e+00 -1.798852754204975368e-01 1.599112756812127500e+00 0.000000000000000000e+00
-1.481910918910533503e+00 -1.022279515772588770e-03 0.000000000000000000e+00 -3.240512206928892192e-01 6.669012002641365733e-01 0.000000000000000000e+00
-1.985285135276149804e+00 5.460937525709183560e-03 0.000000000000000000e+00 2.414311577198234027e-01 1.376436342697042292e+00 0.000000000000000000e+00
-2.344010374778132011e+00 6.483861229485576860e-03 0.000000000000000000e+00 9.107845172217125806e-02 1.828506232062528269e+00 0.000000000000000000e+00
-2.267875713298672657e+00 3.597393301776646152e-03 0.000000000000000000e+00 -2.098095130329675345e-02 1.740340170113306106e+00 0.000000000000000000e+00
-2.203705368388195751e+00 5.475898317564883988e-03 0.000000000000000000e+00 -1.027425707788302278e-01 1.660548288548842955e+00 0.000000000000000000e+00
-2.008410506202281010e+00 -6.203385263874226785e-03 0.000000000000000000e+00 -2.019210177245247539e-01 1.411686453818682629e+00 0.000000000000000000e+00
-1.667277463930074921e+00 1.735680523965553099e-03 0.000000000000000000e+00 -2.856793428818964475e-01 9.496566346917273416e-01 0.000000000000000000e+00
-1.445114894078231016e+00 -2.337561128085326352e-03 0.000000000000000000e+00 3.087637613382707702e-01 6.173340456095298689e-01 0.000000000000000000e+00
-1.886607129277103168e+00 4.711738822388268633e-03 0.000000000000000000e+00 2.392489185861130241e-01 1.251496858009697455e+00 0.000000000000000000e+00
-2.137538037572586980e+00 -1.975106150394395632e-03 0.000000000000000000e+00 1.428809830680318749e-01 1.577461339566431420e+00 0.000000000000000000e+00
-2.257755991945336049e+00 5.903738333832786456e-03 0.000000000000000000e+00 6.205171977773679681e-02 1.727295397555436374e+00 0.000000000000000000e+00
-2.154188026890815788e+00 -7.573002630910562194e-03 0.000000000000000000e+00 4.311068221623692853e-03 1.604074577342020858e+00 0.000000000000000000e+00
-1.565883749853397511e+00 -2.451599377219513924e-03 0.000000000000000000e+00 1.662090767397296776e-01 8.400592314500391344e-01 0.000000000000000000e+00
-1.724112116282921603e+00 4.079919946490782878e-03 0.000000000000000000e+00 -5.410760328767584559e-02 1.064777400876116609e+00 0.000000000000000000e+00
-1.183907061669976279e+00 1.108442444556545503e-03 0.000000000000000000e+00 2.117693927788473207e-01 2.241994227829630648e-01 0.000000000000000000e+00
-1.727669711484091764e+00 -5.721176176504676886e-04 0.000000000000000000e+00 4.805264323643355234e-02 1.069695154792664304e+00 0.000000000000000000e+00
-1.549217701352325172e+00 -8.212218804596119193e-04 0.000000000000000000e+00 -1.740977628058777982e-01 8.153749684384911101e-01 0.000000000000000000e+00
-1.965001466929975349e+00 -7.842142112435973589e-04 0.000000000000000000e+00 4.293659645841966382e-02 1.371595804346566805e+00 0.000000000000000000e+00
-1.817800039090152975e+00 -3.038877371388864698e-03 0.000000000000000000e+00 1.536129305296639602e-01 1.176910784265661869e+00 0.000000000000000000e+00
-1.456379309195131588e+00 4.398131331723523219e-04 0.000000000000000000e+00 2.614682616065426846e-01 6.557803949974353452e-01 0.000000000000000000e+00
-1.584272689395765044e+00 8.595777077994096183e-04 0.000000000000000000e+00 -2.373788661635028441e-01 8.485712242656857640e-01 0.000000000000000000e+00
-1.872195667984149381e+00 -1.944937502284478648e-03 0.000000000000000000e+00 -1.267587238056878396e-01 1.249558079277311773e+00 0.000000000000000000e+00
-1.983597667663258513e+00 -1.693091024723106242e-03 0.000000000000000000e+00 -1.795616829601200115e-02 1.395236642119716208e+00 0.000000000000000000e+00
-1.869032345881760371e+00 3.541950205444233113e-03 0.000000000000000000e+00 1.078230333482061709e-01 1.247324608006260105e+00 0.000000000000000000e+00
-1.525994516554778357e+00 1.868816261972119919e-03 0.000000000000000000e+00 2.433249195261566744e-01 7.643123180097717295e-01 0.000000000000000000e+00
-1.599982804584301643e+00 4.149082410145783772e-03 0.000000000000000000e+00 -2.223371930317696588e-01 8.744310386172156058e-01 0.000000000000000000e+00
-1.893404395786251193e+00 2.896057689600044227e-03 0.000000000000000000e+00 -8.355125719324141276e-02 1.279993797929748656e+00 0.000000000000000000e+00
-2.093814017120489979e+00 -1.548796388107605802e-03 0.000000000000000000e+00 -2.371129838985092803e-03 1.530791657151471696e+00 0.000000000000000000e+00
-1.841104183881195233e+00 -2.829413570055054616e-03 0.000000000000000000e+00 9.712461564670679670e-02 1.212692852985159053e+00 0.000000000000000000e+00
-1.376522714887288057e+00 2.484217620135370508e-03 0.000000000000000000e+00 2.558735428728790562e-01 5.351632040841663995e-01 0.000000000000000000e+00
-1.742956635565963808e+00 5.022137418688242365e-03 0.000000000000000000e+00 -1.557091055163979387e-01 1.079459759614867398e+00 0.000000000000000000e+00
-1.914134917035090755e+00 -4.053011551850633359e-03 0.000000000000000000e+00 2.911775168007136975e-03 1.308761241846718937e+00 0.000000000000000000e+00
-1.722689695344839844e+00 5.250615542900280430e-03 0.000000000000000000e+00 1.730868405408986788e-01 1.050135283047065826e+00 0.000000000000000000e+00
-1.411379334791011075e+00 -1.006086722795265700e-03 0.000000000000000000e+00 -2.533127421750995811e-01 5.907536683458918247e-01 0.000000000000000000e+00
-1.847961250340260708e+00 -2.930484185404771957e-04 0.000000000000000000e+00 -9.662449614862271552e-02 1.221466284216676357e+00 0.000000000000000000e+00
-2.119685989263794035e+00 -3.828179099533497026e-03 0.000000000000000000e+00 -8.978615897504062943e-03 1.562245934997953833e+00 0.000000000000000000e+00
1.029955076991299290e+00 6.747964440482791260e-04 0.000000000000000000e+00 -2.333905943340357572e-02 1.386127640396191962e-01 0.000000000000000000e+00
-1.931157125890403670e+00 3.652799661164284756e-03 0.000000000000000000e+00 6.830745831955284397e-02 1.328322720762505238e+00 0.000000000000000000e+00
-1.720089759141492536e+00 3.073492396054255948e-03 0.000000000000000000e+00 1.932856450841921037e-01 1.043155490661213491e+00 0.000000000000000000e+00
-1.245800825849194382e+00 -1.295690930882379376e-03 0.000000000000000000e+00 -2.545155574745757709e-01 3.110879147117062704e-01 0.000000000000000000e+00
-1.760111592286691007e+00 -3.374027797313862431e-03 0.000000000000000000e+00 -1.773958537519582379e-01 1.098594189061154136e+00 0.000000000000000000e+00
-1.944220422797655612e+00 2.426642097340350746e-03 0.000000000000000000e+00 -4.828623831812003941e-02 1.345524425673272573e+00 0.000000000000000000e+00
-1.498976234496489646e+00 2.219271073874699851e-03 0.000000000000000000e+00 1.851466912968818268e-01 7.422947613921264676e-01 0.000000000000000000e+00
-1.721205796167036173e+00 4.780021629391395521e-04 0.000000000000000000e+00 -7.006686047719735966e-03 1.062339481531250129e+00 0.000000000000000000e+00
-1.459613423024764600e+00 8.318823628445867757e-05 0.000000000000000000e+00 -1.961863395179513359e-01 6.828732653011395648e-01 0.000000000000000000e+00
-1.739934253886050941e+00 4.417796449740921463e-03 0.000000000000000000e+00 1.054485962746708749e-01 1.081583833870632727e+00 0.000000000000000000e+00
-1.529354783461823297e+00 1.428746412560945311e-03 0.000000000000000000e+00 -2.028723242649721203e-01 7.807765072913777082e-01 0.000000000000000000e+00
-1.805444776443312804e+00 -2.359059125100322618e-03 0.000000000000000000e+00 4.367687329624189707e-02 1.170287515600668238e+00 0.000000000000000000e+00
-1.201781887954434191e+00 -3.815151691252958218e-04 0.000000000000000000e+00 -2.268055638069541302e-01 2.473589844526105919e-01 0.000000000000000000e+00
-1.810918393127050496e+00 5.175868160467028689e-03 0.000000000000000000e+00 -3.148030075975367936e-02 1.177689893150349665e+00 0.000000000000000000e+00
-1.507964601720080733e+00 -2.369372170166257618e-03 0.000000000000000000e+00 2.096982913567133622e-01 7.485865276922165634e-01 0.000000000000000000e+00
-1.748591883635103539e+00 4.985203163078992701e-03 0.000000000000000000e+00 -9.548894670179705613e-02 1.093773511768163509e+00 0.000000000000000000e+00
-1.484800904657550102e+00 -1.195262365023180839e-03 0.000000000000000000e+00 1.919400203013331419e-01 7.203342801672449891e-01 0.000000000000000000e+00
-1.730926589497542967e+00 -1.136410358672346188e-03 0.000000000000000000e+00 -1.391499233650528126e-02 1.074920316183028524e+00 0.000000000000000000e+00
-1.403184277195447915e+00 -7.551772546502202865e-04 0.000000000000000000e+00 -2.131399728999471832e-01 5.940898472569782207e-01 0.000000000000000000e+00
-1.700456128863628180e+00 -1.782678386973851614e-05 0.000000000000000000e+00 9.805015515908774293e-02 1.030622379296654234e+00 0.000000000000000000e+00
-1.622748107382110172e+00 3.346621335256312439e-03 0.000000000000000000e+00 -1.462603160844829775e-01 9.211404808251932863e-01 0.000000000000000000e+00
1.029193811861646601e+00 -2.858965301013628724e-05 0.000000000000000000e+00 -1.159712707315353752e-01 8.093159619358825108e-02 0.000000000000000000e+00
9.911336712332505794e-01 -1.149794149876690773e-04 0.000000000000000000e+00 2.264711529908945975e-01 3.485323253863038123e-02 0.000000000000000000e+00
9.510221463506322026e-01 8.761910514776797719e-05 0.000000000000000000e+00 -1.269749963209651777e-01 5.509268956763725689e-02 0.000000000000000000e+00
8.686378630973259352e-01 -5.543604140245937412e-04 0.000000000000000000e+00 1.041763614803326299e-01 2.286934875714136117e-01 0.000000000000000000e+00
8.290645475039608581e-01 4.042835074596338486e-04 0.000000000000000000e+00 -2.188975250574285436e-01 2.390238741111025411e-01 0.000000000000000000e+00
7.286464600693898230e-01 -1.909650967822347153e-03 0.000000000000000000e+00 2.096244879792857896e-01 4.857523434236222792e-01 0.000000000000000000e+00
6.376163785601471901e-01 1.306334887097113356e-03 0.000000000000000000e+00 -1.709450121257155911e-02 7.391442295778918314e-01 0.000000000000000000e+00
7.582767808122996556e-01 1.220238055941886115e-03 0.000000000000000000e+00 -2.085917777066159662e-01 4.165024698678176374e-01 0.000000000000000000e+00
7.925060686992280168e-01 -5.683879332948199581e-04 0.000000000000000000e+00 -1.699396538088646103e-01 3.572798606582423542e-01 0.000000000000000000e+00
7.649541172829072977e-01 8.461946481530505278e-04 0.000000000000000000e+00 1.500439064463356398e-01 4.262485479610559347e-01 0.000000000000000000e+00
-9.820440383494554171e-01 9.646352104903077292e-05 0.000000000000000000e+00 3.520506262017143728e-02 6.302750678664474637e-02 0.000000000000000000e+00
7.737775009314390440e-01 2.017818437936554424e-03 0.000000000000000000e+00 -1.523592904448521634e-01 4.060066054938011870e-01 0.000000000000000000e+00
8.451330462886537109e-01 6.066813096685949938e-04 0.000000000000000000e+00 1.752903880413558269e-01 2.358969346145584067e-01 0.000000000000000000e+00
8.714811992604719615e-01 3.466910975868922259e-04 0.000000000000000000e+00 -9.946133467809194217e-02 2.253290146527856808e-01 0.000000000000000000e+00
8.478219576799426171e-01 1.495057311496565244e-05 0.000000000000000000e+00 7.780965285087376813e-04 2.889175246291043608e-01 0.000000000000000000e+00
8.637351839079583371e-01 6.731258744268235963e-04 0.000000000000000000e+00 9.321984382372106026e-02 2.427227106825368685e-01 0.000000000000000000e+00
6.254967396195190155e-01 1.720626586594407870e-03 0.000000000000000000e+00 -1.198786868545333728e-01 7.600130567012866045e-01 0.000000000000000000e+00
6.555005099067645613e-01 -1.878643431060462651e-03 0.000000000000000000e+00 2.013067360003143735e-01 6.661826330310999245e-01 0.000000000000000000e+00
7.301349976375925976e-01 7.895338267092169571e-04 0.000000000000000000e+00 -2.414973105482478011e-01 4.670887011141911516e-01 0.000000000000000000e+00
6.482474537597038289e-01 -1.916276666768350345e-04 0.000000000000000000e+00 1.349550044326221498e-01 7.005275970698503496e-01 0.000000000000000000e+00
6.896996986146168851e-01 2.739716310663602161e-05 0.000000000000000000e+00 -2.022211607042559423e-01 5.817504654121314900e-01 0.000000000000000000e+00
-9.629662602540782768e-01 1.171139156836841118e-05 0.000000000000000000e+00 -7.629250080613060592e-02 5.139959985041846202e-02 0.000000000000000000e+00
7.032049063043750436e-01 2.276131392533542810e-03 0.000000000000000000e+00 2.145813423287420973e-01 5.445232171931950749e-01 0.000000000000000000e+00
6.444470756226041708e-01 2.384719757413880301e-03 0.000000000000000000e+00 -1.357859289210112397e-01 7.097523826118361523e-01 0.000000000000000000e+00
7.124337336319261915e-01 6.536070490176376646e-04 0.000000000000000000e+00 2.357127776486648563e-01 5.131283844081458989e-01 0.000000000000000000e+00
6.585470497492118547e-01 -1.618199035810716224e-03 0.000000000000000000e+00 -1.946061913415286504e-01 6.605815339102971695e-01 0.000000000000000000e+00
6.359546312317867489e-01 -2.452692062960865060e-03 0.000000000000000000e+00 1.454529373383479096e-01 7.290590611932663556e-01 0.000000000000000000e+00
7.592734457106131707e-01 -7.691868968919034558e-05 0.000000000000000000e+00 -2.278581198057614832e-01 4.038919810420783518e-01 0.000000000000000000e+00
7.335587856235441517e-01 -1.880009503163160636e-03 0.000000000000000000e+00 2.193203288669325901e-01 4.697276391899825043e-01 0.000000000000000000e+00
6.342720475724608065e-01 -1.931822834997079866e-03 0.000000000000000000e+00 -6.374849218179561017e-02 7.448590635564034113e-01 0.000000000000000000e+00
8.226467025186809945e-01 7.053862296023723916e-04 0.000000000000000000e+00 2.348577026557578940e-01 2.408462593833054777e-01 0.000000000000000000e+00
8.413918599028429313e-01 7.709657226508117786e-04 0.000000000000000000e+00 -1.730740097419976309e-01 2.460906735655096211e-01 0.000000000000000000e+00
8.158961609197380449e-01 -4.320689392792696759e-04 0.000000000000000000e+00 1.697875351621167539e-01 3.054318050903324089e-01 0.000000000000000000e+00
6.322751262412665829e-01 -9.566221167932329253e-04 0.000000000000000000e+00 1.681678956073912393e-02 7.523407172429663614e-01 0.000000000000000000e+00
7.666106355545143636e-01 1.518594626907439002e-03 0.000000000000000000e+00 -2.106663952243043592e-01 3.958854324770509914e-01 0.000000000000000000e+00
7.935144490635153147e-01 -3.164140785926628646e-04 0.000000000000000000e+00 -1.686608804857249455e-01 3.556508129150246500e-01 0.000000000000000000e+00
7.775550907830237612e-01 -9.826024615321136968e-04 0.000000000000000000e+00 1.595784370199374025e-01 3.948906260914464283e-01 0.000000000000000000e+00
8.244075024508965566e-01 7.510332392081111273e-04 0.000000000000000000e+00 -1.331462160879386958e-01 3.052405776807944893e-01 0.000000000000000000e+00
8.595096071830252704e-01 -2.885660167547994537e-04 0.000000000000000000e+00 1.458284329037128346e-01 2.243662445939971217e-01 0.000000000000000000e+00
-1.060400136463581333e+00 2.577814285942645750e-04 0.000000000000000000e+00 7.951652564205294316e-02 9.168094194624000492e-02 0.000000000000000000e+00
-1.093453447446228965e+00 -3.700075547550000718e-04 0.000000000000000000e+00 -7.190798628942014770e-02 1.540266461682618382e-01 0.000000000000000000e+00
8.593527255234219009e-01 -9.844620584543431127e-05 0.000000000000000000e+00 9.555636065460287876e-02 2.502526319302789681e-01 0.000000000000000000e+00
6.438410909304925767e-01 -2.177481906568432511e-03 0.000000000000000000e+00 7.843695219556759413e-02 7.198404445419862574e-01 0.000000000000000000e+00
6.881905747056394906e-01 2.386710517477762250e-03 0.000000000000000000e+00 -1.849429263329376572e-01 5.910821245451594041e-01 0.000000000000000000e+00
7.836060238948039380e-01 4.540464486160224189e-05 0.000000000000000000e+00 2.345524238874553691e-01 3.406535894205074411e-01 0.000000000000000000e+00
7.560103918968930081e-01 3.982404733576284939e-05 0.000000000000000000e+00 -2.575218198947059056e-01 3.938573276947151536e-01 0.000000000000000000e+00
6.194788346788328015e-01 -1.255406784982400839e-03 0.000000000000000000e+00 2.367847944733021681e-02 7.841878931143242415e-01 0.000000000000000000e+00
8.144333138994782617e-01 5.840475524282184860e-04 0.000000000000000000e+00 2.450155174979215533e-01 2.531425663993502884e-01 0.000000000000000000e+00
8.108985350472017739e-01 5.485146093122275721e-04 0.000000000000000000e+00 -2.576942766483801828e-01 2.502324524881993639e-01 0.000000000000000000e+00
6.276792043554894063e-01 -3.677346527850647046e-03 0.000000000000000000e+00 -1.626788609768320126e-01 7.464137427842254535e-01 0.000000000000000000e+00
6.111772911769965955e-01 1.146909980613201960e-03 0.000000000000000000e+00 1.002272747913760254e-01 7.993953445475205921e-01 0.000000000000000000e+00
7.352548325001794227e-01 1.159000902657275622e-04 0.000000000000000000e+00 2.735864072231587452e-01 4.360289447820501763e-01 0.000000000000000000e+00
8.144730566858868759e-01 9.987548772060874172e-04 0.000000000000000000e+00 2.702025220681921747e-01 2.259412093490761331e-01 0.000000000000000000e+00
8.257043407220066022e-01 -1.750363755279356207e-04 0.000000000000000000e+00 -2.081918658681828072e-01 2.567250766347030089e-01 0.000000000000000000e+00
8.068478967395681378e-01 -1.213678423516497415e-03 0.000000000000000000e+00 -1.568571098011237452e-01 3.319483150371848601e-01 0.000000000000000000e+00
8.054587059211023581e-01 5.368365529280601711e-04 0.000000000000000000e+00 -1.100623690010599370e-01 3.531249225331394848e-01 0.000000000000000000e+00
8.513615626448953755e-01 -1.643318234269214653e-04 0.000000000000000000e+00 -5.752031147542362166e-02 2.764895901617708818e-01 0.000000000000000000e+00
9.630916791007351208e-01 -3.452982231064028319e-05 0.000000000000000000e+00 1.316158692071593972e-01 3.786736064786197509e-02 0.000000000000000000e+00
8.867521064075509774e-01 -1.624902095262101276e-04 0.000000000000000000e+00 5.119902265626930654e-02 2.142212866053191667e-01 0.000000000000000000e+00
8.300136818706388420e-01 -4.624421695165340310e-04 0.000000000000000000e+00 -2.225874690239328935e-01 2.332020882281686802e-01 0.000000000000000000e+00
6.883142442111065407e-01 2.661661447673830359e-03 0.000000000000000000e+00 1.751219772091517912e-01 5.938075954573257542e-01 0.000000000000000000e+00
6.448099610780865243e-01 -3.148670430934894220e-03 0.000000000000000000e+00 -5.818674565245358227e-02 7.194155978981651156e-01 0.000000000000000000e+00
7.776905506132166801e-01 -1.606629566513143731e-03 0.000000000000000000e+00 -1.977316360664098105e-01 3.769831850712438426e-01 0.000000000000000000e+00
7.114774699002848202e-01 9.379293380476073742e-04 0.000000000000000000e+00 -1.181137655671251618e-01 5.543976091417296415e-01 0.000000000000000000e+00
6.946776606755590278e-01 2.841797672140192535e-03 0.000000000000000000e+00 4.860620259236653196e-02 6.026152921791738670e-01 0.000000000000000000e+00
7.520870664737411282e-01 5.790739151574682969e-04 0.000000000000000000e+00 1.787369910908082615e-01 4.442788015331192164e-01 0.000000000000000000e+00
7.212019630474137966e-01 4.462206722211231602e-04 0.000000000000000000e+00 1.840492569846083337e-01 5.133709207077350456e-01 0.000000000000000000e+00
6.597915581523809969e-01 1.430569496850515616e-03 0.000000000000000000e+00 7.888007763818440099e-02 6.811640927978147575e-01 0.000000000000000000e+00
6.600127896390991511e-01 -2.597867171265813395e-03 0.000000000000000000e+00 -7.881082436054369367e-02 6.806331961451715928e-01 0.000000000000000000e+00
7.218275482728024883e-01 -1.576612894395313692e-03 0.000000000000000000e+00 -1.837887788584591231e-01 5.120025351148820292e-01 0.000000000000000000e+00
7.510103728431465342e-01 1.526938575034253974e-03 0.000000000000000000e+00 -1.791954972854695738e-01 4.465427612536772006e-01 0.000000000000000000e+00
6.943101916244749372e-01 1.320556443297398429e-03 0.000000000000000000e+00 -4.985917484772942054e-02 6.033611962990652611e-01 0.000000000000000000e+00
7.111462751947207339e-01 -1.648247015173928340e-03 0.000000000000000000e+00 1.179716571502025524e-01 5.551776235536439730e-01 0.000000000000000000e+00
7.771979481656994260e-01 1.428925605257647113e-03 0.000000000000000000e+00 1.976509440465427092e-01 3.781633465977498609e-01 0.000000000000000000e+00
6.452691833210798533e-01 -5.240933649888236678e-04 0.000000000000000000e+00 6.249554457371414573e-02 7.179513501843584056e-01 0.000000000000000000e+00
6.855774489117099080e-01 -1.969565573529272196e-03 0.000000000000000000e+00 -1.714342703926118316e-01 6.014220719364691270e-01 0.000000000000000000e+00
8.380949346087811502e-01 1.177729562388683988e-06 0.000000000000000000e+00 2.195315130571361406e-01 2.147600615275138680e-01 0.000000000000000000e+00
-1.168899550007801436e+00 -1.067722632490959028e-03 0.000000000000000000e+00 -7.152230917011288824e-02 2.764656718112923350e-01 0.000000000000000000e+00
-1.159276703391416419e+00 1.088869452021216586e-03 0.000000000000000000e+00 7.530255073461422644e-02 2.601535827246290178e-01 0.000000000000000000e+00
9.889656310679015849e-01 -8.498854740038449488e-04 0.000000000000000000e+00 -6.680668945949538862e-02 1.936902243846800875e-01 0.000000000000000000e+00
-1.166664317607089885e+00 4.525178560759908486e-04 0.000000000000000000e+00 -7.627623136923394886e-02 2.716404777258769054e-01 0.000000000000000000e+00
-1.114220325570622450e+00 -7.121954929062554104e-04 0.000000000000000000e+00 -8.762857801028847704e-02 1.816947032154528352e-01 0.000000000000000000e+00
-1.243367500547065685e+00 -1.850328106128867889e-03 0.000000000000000000e+00 2.050911162110515863e-03 3.983567960725441504e-01 0.000000000000000000e+00
-1.178982332163838187e+00 5.535849834134246722e-04 0.000000000000000000e+00 5.481956067817604639e-02 2.959409957418412396e-01 0.000000000000000000e+00
9.971931701868672615e-01 1.438306239533153385e-03 0.000000000000000000e+00 -4.502415755333707276e-02 3.515089135300263901e-01 0.000000000000000000e+00
-1.169637379934918897e+00 -1.034917082844585140e-03 0.000000000000000000e+00 1.287008211265419366e-01 2.561842304690058469e-01 0.000000000000000000e+00
-1.409135170467833653e+00 1.565899550457483785e-03 0.000000000000000000e+00 -4.810243606538004701e-02 6.378279765430698856e-01 0.000000000000000000e+00
-1.355752761516185956e+00 -2.383960473231628435e-04 0.000000000000000000e+00 -1.222950818772717274e-01 5.499786349995104962e-01 0.000000000000000000e+00
-1.277929903033742542e+00 1.813756738328768485e-03 0.000000000000000000e+00 1.539822986177808994e-01 4.226253480556030340e-01 0.000000000000000000e+00
-1.422241838268427649e+00 7.944557065556012536e-04 0.000000000000000000e+00 5.702699226402165034e-02 6.556781180841975143e-01 0.000000000000000000e+00
-1.251649672729889806e+00 -4.917279648676309593e-04 0.000000000000000000e+00 8.734495676133383762e-04 4.107419773008269548e-01 0.000000000000000000e+00
-1.182483493807930719e+00 8.801413920278416958e-04 0.000000000000000000e+00 -4.322540743212820169e-02 3.032531585094055959e-01 0.000000000000000000e+00
-1.405558861515061597e+00 1.563271797970448157e-03 0.000000000000000000e+00 -9.626537030560086694e-03 6.345010339481034212e-01 0.000000000000000000e+00
1.000569834234327660e+00 -9.079694617542421629e-04 0.000000000000000000e+00 1.620231957437721360e-01 1.348115712069042904e-01 0.000000000000000000e+00
8.979501487754473210e-01 -8.530718695590883138e-04 0.000000000000000000e+00 -4.764563066698622451e-02 1.962881014852251860e-01 0.000000000000000000e+00
-1.019388563854642271e+00 3.568432399207190596e-04 0.000000000000000000e+00 1.411577295606519095e-02 7.196053064708517188e-02 0.000000000000000000e+00
9.062348549396923580e-01 -3.469889230529664241e-04 0.000000000000000000e+00 5.184302850221753078e-02 1.818696113219041566e-01 0.000000000000000000e+00
9.826998361922345548e-01 -4.013639905722573165e-04 0.000000000000000000e+00 -9.418719297769030663e-02 1.405802943092946400e-01 0.000000000000000000e+00
-1.103223843664785875e+00 -8.200337141307800781e-07 0.000000000000000000e+00 7.152240901429712805e-02 1.705507959824523190e-01 0.000000000000000000e+00
-1.039894636468948530e+00 -3.243675200424343472e-05 0.000000000000000000e+00 -7.980203887065931423e-02 5.039375378290161800e-02 0.000000000000000000e+00
1.005047777256248276e+00 -1.055793475466877858e-03 0.000000000000000000e+00 3.574882334548911550e-02 2.770299994807987609e-01 0.000000000000000000e+00
-1.188734345761430555e+00 -9.317892515216183447e-04 0.000000000000000000e+00 -5.796916630410293286e-02 3.104788019947675171e-01 0.000000000000000000e+00
-1.180405144020103325e+00 -8.400158718156521681e-04 0.000000000000000000e+00 6.122832727540376135e-02 2.968998093688620110e-01 0.000000000000000000e+00
9.970201320537270817e-01 -5.207993356795185365e-04 0.000000000000000000e+00 -2.018029608938568670e-02 3.435642912477768762e-01 0.000000000000000000e+00
-1.198187123877428206e+00 5.076984789688771503e-04 0.000000000000000000e+00 -9.238878363902781887e-03 3.300899094038669546e-01 0.000000000000000000e+00
9.954910169694914934e-01 6.184092311454283128e-04 0.000000000000000000e+00 2.659383830253147507e-01 1.706963493776390561e-01 0.000000000000000000e+00
8.788849286068735056e-01 6.355059495826180169e-04 0.000000000000000000e+00 -1.401707804984038130e-01 1.868348502251521714e-01 0.000000000000000000e+00
8.298594602594636660e-01 -1.358738831838606420e-03 0.000000000000000000e+00 -6.295727736449657774e-02 3.164684309009300200e-01 0.000000000000000000e+00
8.661405561485848725e-01 1.251854203951536810e-04 0.000000000000000000e+00 1.092807410372597099e-01 2.313038817805078140e-01 0.000000000000000000e+00
8.225286429230114216e-01 9.090360012151427888e-04 0.000000000000000000e+00 -2.406952113398156123e-01 2.354386353315026104e-01 0.000000000000000000e+00
6.212633363234916217e-01 2.054263535431729085e-03 0.000000000000000000e+00 -1.075545296781160037e-02 7.799940308932471478e-01 0.000000000000000000e+00
7.928833049578885017e-01 -1.386321015285464989e-03 0.000000000000000000e+00 2.516137781090624359e-01 3.044155129026422935e-01 0.000000000000000000e+00
5.823302209774403604e-01 7.757880176680912940e-04 0.000000000000000000e+00 2.839271806378127483e-01 8.342327879916331401e-01 0.000000000000000000e+00
5.253824085562858182e-01 -4.961987963062916909e-03 0.000000000000000000e+00 4.690145959538612880e-02 1.040567278975682797e+00 0.000000000000000000e+00
5.557172052826051534e-01 -2.221287032150834687e-03 0.000000000000000000e+00 -2.239515086472012306e-01 9.275247311724155175e-01 0.000000000000000000e+00
7.018136269168071539e-01 -4.212381705551958289e-04 0.000000000000000000e+00 -3.283720129761947271e-01 4.883211800113511636e-01 0.000000000000000000e+00
8.031283104714164178e-01 8.476190974196530503e-04 0.000000000000000000e+00 2.897947443739335993e-01 2.372843090786186937e-01 0.000000000000000000e+00
8.016390491617734204e-01 -9.808865168424597131e-04 0.000000000000000000e+00 -2.729900636941771652e-01 2.607255987246136497e-01 0.000000000000000000e+00
6.773448057914692733e-01 -7.674439858403984960e-04 0.000000000000000000e+00 -2.655175124947898313e-01 5.871797263041115267e-01 0.000000000000000000e+00
6.025234791922710054e-01 3.457786101589243113e-03 0.000000000000000000e+00 -1.178006055036222577e-01 8.195316282711435640e-01 0.000000000000000000e+00
-9.559732753946305062e-01 -1.621309485340620806e-04 0.000000000000000000e+00 8.294239333285353954e-02 5.838421650036487720e-02 0.000000000000000000e+00
5.996216521105368624e-01 3.746112232411445350e-03 0.000000000000000000e+00 9.012407320129295352e-02 8.306185453262829865e-01 0.000000000000000000e+00
