9.828034341303042432e-01 -5.676095486021036926e-04 0.000000000000000000e+00 1.134446781059959691e-01 1.259048061137429397e-01 0.000000000000000000e+00
8.956432936095393149e-01 7.195877655947003140e-04 0.000000000000000000e+00 -9.947251976267723617e-02 1.798477206556630126e-01 0.000000000000000000e+00
8.633883699293830594e-01 -1.256426387146424017e-03 0.000000000000000000e+00 2.646678530581435609e-02 2.592498301042451825e-01 0.000000000000000000e+00
8.269009306550354488e-01 8.465104662447237895e-04 0.000000000000000000e+00 8.813200106151600211e-02 3.161623607169888328e-01 0.000000000000000000e+00
7.803629492719668104e-01 3.479387153290814522e-04 0.000000000000000000e+00 -7.412334101465671565e-02 4.135758475945791046e-01 0.000000000000000000e+00
8.606433739732549659e-01 -1.775756746357480022e-04 0.000000000000000000e+00 -4.987085863145804265e-02 2.607958994586374590e-01 0.000000000000000000e+00
-1.006978149431891900e+00 2.108280714445169503e-04 0.000000000000000000e+00 -3.812369111865715476e-02 5.383622341324301175e-02 0.000000000000000000e+00
8.656521451104532971e-01 5.989351282680438482e-04 0.000000000000000000e+00 6.586346843414903063e-02 2.479647946601689634e-01 0.000000000000000000e+00
7.094851774601569350e-01 2.351421007892987719e-03 0.000000000000000000e+00 -3.891761430215619211e-02 5.698824301210606569e-01 0.000000000000000000e+00
8.421171450071269771e-01 -8.520552494170677282e-04 0.000000000000000000e+00 1.851048286125486220e-01 2.354216739031493866e-01 0.000000000000000000e+00
9.004735515339110652e-01 -7.638772261280221687e-04 0.000000000000000000e+00 -1.525069425278575974e-02 1.972533343187516941e-01 0.000000000000000000e+00
8.003915524630120792e-01 -8.452804155105785380e-04 0.000000000000000000e+00 1.071505736048742330e-01 3.644565191180089148e-01 0.000000000000000000e+00
8.310369344578598660e-01 -1.272444687056391993e-03 0.000000000000000000e+00 1.630987039481266998e-01 2.757043890266503983e-01 0.000000000000000000e+00
6.738868552075015783e-01 1.319894967698114624e-03 0.000000000000000000e+00 -2.527812827356885617e-01 6.014686237045974160e-01 0.000000000000000000e+00
6.011150864378489445e-01 -5.431686199654124636e-04 0.000000000000000000e+00 -4.834885204896975652e-02 8.301905881945617072e-01 0.000000000000000000e+00
6.321090976127907712e-01 3.775544051063395301e-04 0.000000000000000000e+00 1.893530796572281405e-01 7.287367493277321362e-01 0.000000000000000000e+00
7.986506264111996600e-01 -6.537108110561615226e-04 0.000000000000000000e+00 2.660409660358875605e-01 2.759979066077190013e-01 0.000000000000000000e+00
8.116303159044566673e-01 4.596570027253854898e-06 0.000000000000000000e+00 -2.943438329276374388e-01 2.033286593295814959e-01 0.000000000000000000e+00
5.833645679848444843e-01 2.856548943682651540e-03 0.000000000000000000e+00 2.889785554018703406e-01 8.295079942838714526e-01 0.000000000000000000e+00
5.227899808974595386e-01 1.737702510335731830e-03 0.000000000000000000e+00 2.944483729100780267e-02 1.048953840896278633e+00 0.000000000000000000e+00
5.612045702464537600e-01 -8.528986471199855729e-04 0.000000000000000000e+00 -2.495586066345109599e-01 9.050594455748536271e-01 0.000000000000000000e+00
7.523831543304724256e-01 2.168487092431541780e-04 0.000000000000000000e+00 -2.981353851401291610e-01 3.738831798927947370e-01 0.000000000000000000e+00
6.891918799772626114e-01 2.043050046791247340e-03 0.000000000000000000e+00 -2.809547877652174286e-01 5.493671446916003065e-01 0.000000000000000000e+00
6.118419810309911888e-01 3.314668816798491471e-03 0.000000000000000000e+00 -1.708520358418263441e-01 7.855616866401594622e-01 0.000000000000000000e+00
5.898558864901181087e-01 -3.599441273243752376e-03 0.000000000000000000e+00 1.447110670989728426e-02 8.609834869428423243e-01 0.000000000000000000e+00
6.184424632524522236e-01 -3.342447801068394904e-03 0.000000000000000000e+00 1.903205062138779713e-01 7.637853893661450400e-01 0.000000000000000000e+00
7.022896829287681442e-01 -2.561719086297965797e-03 0.000000000000000000e+00 2.869781194781385603e-01 5.124379052970686743e-01 0.000000000000000000e+00
7.331331787013830592e-01 -9.733705223263777739e-04 0.000000000000000000e+00 3.065553854521901322e-01 4.191851272812580076e-01 0.000000000000000000e+00
5.820362252361291899e-01 -2.854441262883719230e-03 0.000000000000000000e+00 2.750136820868087084e-01 8.379862253835048680e-01 0.000000000000000000e+00
5.316697762342099676e-01 -3.898233272413679368e-03 0.000000000000000000e+00 6.926465474503994135e-02 1.020727141903397639e+00 0.000000000000000000e+00
5.458922693142421734e-01 4.308174958065652538e-03 0.000000000000000000e+00 -1.766380657311951430e-01 9.658983287568805309e-01 0.000000000000000000e+00
6.348575587402072173e-01 1.684570154005179954e-03 0.000000000000000000e+00 -3.244891905875660898e-01 6.718853576138238415e-01 0.000000000000000000e+00
8.215053344997681473e-01 -3.645469303557207288e-04 0.000000000000000000e+00 2.806861651067878993e-01 1.893391543857275150e-01 0.000000000000000000e+00
8.161765155887477086e-01 -1.061682111435608561e-03 0.000000000000000000e+00 -2.245269019229309548e-01 2.670372948844277339e-01 0.000000000000000000e+00
7.103044124030567508e-01 -9.776740306008577762e-04 0.000000000000000000e+00 1.992913956618693194e-01 5.333810716616891323e-01 0.000000000000000000e+00
6.402602159828377770e-01 -2.098723650106152326e-03 0.000000000000000000e+00 -2.879688311114761423e-02 7.322732353537244609e-01 0.000000000000000000e+00
7.581269527409340014e-01 -1.937318150404945599e-04 0.000000000000000000e+00 -2.064519251911790532e-01 4.179031057895360446e-01 0.000000000000000000e+00
7.788513900033281478e-01 7.019946385169121422e-04 0.000000000000000000e+00 -1.747369084633288994e-01 3.854974890171687374e-01 0.000000000000000000e+00
7.172802396994912844e-01 1.587122656192233201e-04 0.000000000000000000e+00 8.406715248286208975e-02 5.475209453691305406e-01 0.000000000000000000e+00
8.296157849048706456e-01 -1.386076419034100796e-03 0.000000000000000000e+00 -1.208999301566115736e-01 2.995607047511598120e-01 0.000000000000000000e+00
7.973707842100330456e-01 -5.370289975905780111e-04 0.000000000000000000e+00 -4.006134760812943285e-02 3.838059962063951613e-01 0.000000000000000000e+00
8.787013751354999513e-01 1.821666040743331882e-06 0.000000000000000000e+00 1.328871952355665242e-01 1.923049083688796457e-01 0.000000000000000000e+00
9.972060543396039645e-01 1.893007341656515515e-05 0.000000000000000000e+00 -3.312428595557126432e-01 2.156672834539858363e-01 0.000000000000000000e+00
-1.267312389068885992e+00 7.126588701616412211e-04 0.000000000000000000e+00 -1.164285592812518144e-02 4.338366792668786887e-01 0.000000000000000000e+00
-1.415505124655556557e+00 -1.754467203110364470e-03 0.000000000000000000e+00 -5.653767257236564509e-02 6.461308844682056574e-01 0.000000000000000000e+00
-1.313810204468071952e+00 1.142441023827649171e-03 0.000000000000000000e+00 -1.398502124650999323e-01 4.826450904595328550e-01 0.000000000000000000e+00
-1.311338328070765780e+00 -4.554295742697691413e-04 0.000000000000000000e+00 1.410611043075845061e-01 4.785253050061229474e-01 0.000000000000000000e+00
-1.415684492243584058e+00 1.513846055566366294e-03 0.000000000000000000e+00 5.677430350852216701e-02 6.463642232588395764e-01 0.000000000000000000e+00
-1.264138955682216903e+00 -1.980253917144937648e-03 0.000000000000000000e+00 1.699829750882119947e-02 4.289425778631382746e-01 0.000000000000000000e+00
9.985531576054887948e-01 -4.931305382965373799e-04 0.000000000000000000e+00 4.592865789757066830e-02 3.620996920995881441e-01 0.000000000000000000e+00
-1.141381910215399254e+00 -5.083355431566415755e-04 0.000000000000000000e+00 -9.484842541624342871e-03 2.430680905724395546e-01 0.000000000000000000e+00
9.801502038703671094e-01 -3.035824156096580658e-05 0.000000000000000000e+00 2.320942551350154565e-02 1.585318009889568336e-01 0.000000000000000000e+00
-1.155537204393725759e+00 7.150729807915267439e-04 0.000000000000000000e+00 -1.496478382062692986e-03 2.649795997601233077e-01 0.000000000000000000e+00
1.000599135589454569e+00 1.386447306194918665e-03 0.000000000000000000e+00 -1.972439144468241534e-01 3.182146379370541234e-01 0.000000000000000000e+00
-1.125317224022147622e+00 -1.238961315047377304e-05 0.000000000000000000e+00 -1.267380344238691059e-01 1.780861280446076889e-01 0.000000000000000000e+00
9.107419268208912788e-01 1.610954872736167351e-04 0.000000000000000000e+00 7.955418987175910672e-02 1.639383885676108932e-01 0.000000000000000000e+00
9.639345362481647195e-01 3.069839578882801274e-04 0.000000000000000000e+00 -7.683870193957137440e-02 1.136250182140497167e-01 0.000000000000000000e+00
9.727430172658624308e-01 4.516747270867934412e-04 0.000000000000000000e+00 1.076342055884536714e-01 9.656607325429761302e-02 0.000000000000000000e+00
8.975119900062962230e-01 6.225898200996667770e-04 0.000000000000000000e+00 -1.178845853833918045e-01 1.646904947281059850e-01 0.000000000000000000e+00
-1.004459327908367783e+00 1.243360536198555820e-04 0.000000000000000000e+00 3.132020271609618073e-02 5.733418707971895539e-02 0.000000000000000000e+00
8.781969452367053286e-01 -6.193257728239493637e-04 0.000000000000000000e+00 1.105610314318917348e-01 2.069347062995293141e-01 0.000000000000000000e+00
-1.431632008397142553e+00 -1.940535925613919022e-04 0.000000000000000000e+00 -6.844632786447313322e-02 6.678298247789078435e-01 0.000000000000000000e+00
-1.160441561735236160e+00 4.642806875447737930e-04 0.000000000000000000e+00 1.648934403666028614e-01 2.169612537536375896e-01 0.000000000000000000e+00
-1.438976563949909249e+00 -1.220772646828946484e-03 0.000000000000000000e+00 5.488226660345382063e-02 6.794282568703069458e-01 0.000000000000000000e+00
1.015473131999967915e+00 -1.564485212876142069e-04 0.000000000000000000e+00 2.180880312273228774e-02 1.736020180882066888e-01 0.000000000000000000e+00
-1.453867665726077618e+00 1.701805685784630717e-03 0.000000000000000000e+00 1.893773645617309875e-01 6.764693260149500231e-01 0.000000000000000000e+00
-1.686895227013400556e+00 -3.482244402345681736e-03 0.000000000000000000e+00 3.682437810335338624e-02 1.016838979576546897e+00 0.000000000000000000e+00
-1.612496138505995047e+00 -1.128306674990076780e-03 0.000000000000000000e+00 -1.177585868764050858e-01 9.114150942520868881e-01 0.000000000000000000e+00
-1.190586077132033793e+00 5.421411468974742182e-04 0.000000000000000000e+00 -2.052111608093774020e-01 2.436710148933350084e-01 0.000000000000000000e+00
-1.608738985443399994e+00 2.536800413532103171e-03 0.000000000000000000e+00 1.271056718732552770e-01 9.050894907250297550e-01 0.000000000000000000e+00
-1.693284286472671818e+00 -1.128049821535387354e-03 0.000000000000000000e+00 -4.540121720306205394e-02 1.024875715119520470e+00 0.000000000000000000e+00
-1.405880948265582742e+00 -1.959282281264167896e-03 0.000000000000000000e+00 -2.048764858357442487e-01 6.010253032777171933e-01 0.000000000000000000e+00
-1.710629935471296381e+00 3.251294214301315467e-03 0.000000000000000000e+00 1.132642284641097452e-01 1.042437192994329465e+00 0.000000000000000000e+00
-1.597675354147576776e+00 -4.160695603181961688e-04 0.000000000000000000e+00 -1.727804648863435766e-01 8.823943955258026772e-01 0.000000000000000000e+00
-1.803921694573902279e+00 2.938249930440665035e-03 0.000000000000000000e+00 7.943235262583361878e-02 1.166449131855961996e+00 0.000000000000000000e+00
-1.257288724265914981e+00 6.520063730568925655e-04 0.000000000000000000e+00 -2.410682393643481802e-01 3.428075012965611235e-01 0.000000000000000000e+00
-1.823795606465033803e+00 4.833087351863038506e-03 0.000000000000000000e+00 -5.032499728705986525e-02 1.193485571950024138e+00 0.000000000000000000e+00
-1.613179031468609637e+00 -1.231165019846741648e-03 0.000000000000000000e+00 1.788412523786959141e-01 9.023514642549275155e-01 0.000000000000000000e+00
-1.685974207182114437e+00 1.614176557113520399e-03 0.000000000000000000e+00 -1.451553083521750498e-01 1.005873350280552359e+00 0.000000000000000000e+00
-1.895594848650833608e+00 1.677713902922921274e-03 0.000000000000000000e+00 5.782945460157803280e-02 1.284168920517039236e+00 0.000000000000000000e+00
-1.605833473368631914e+00 -4.200765631893321056e-04 0.000000000000000000e+00 2.153016189598735974e-01 8.842467905114859139e-01 0.000000000000000000e+00
-1.571806764257216438e+00 1.108560400953906983e-03 0.000000000000000000e+00 -2.244853881911201832e-01 8.346820193282230571e-01 0.000000000000000000e+00
-1.887238631835953973e+00 -2.516724526951681640e-03 0.000000000000000000e+00 -6.851264537222812034e-02 1.273108408835462058e+00 0.000000000000000000e+00
-1.445936275357218692e+00 1.159653103332602964e-03 0.000000000000000000e+00 1.944659166519592530e-01 6.634796245552412319e-01 0.000000000000000000e+00
-1.698259168699427057e+00 -3.845447843895632295e-03 0.000000000000000000e+00 2.949458826705634792e-02 1.031981523357922814e+00 0.000000000000000000e+00
-1.589423516742632048e+00 -2.405691384967628688e-03 0.000000000000000000e+00 -1.378555657525341038e-01 8.773112290460045593e-01 0.000000000000000000e+00
-1.181770663039332980e+00 3.844286191122849028e-04 0.000000000000000000e+00 2.013086560491693100e-01 2.293106736974312443e-01 0.000000000000000000e+00
-1.584483441452817498e+00 -3.264466973227457547e-03 0.000000000000000000e+00 1.297077956744740468e-01 8.718389210020187630e-01 0.000000000000000000e+00
-1.689414733769470489e+00 3.601101455015173758e-04 0.000000000000000000e+00 -1.625806815826059959e-02 1.020678189360238353e+00 0.000000000000000000e+00
-1.521260554603125037e+00 -1.825504885842762354e-03 0.000000000000000000e+00 -1.635930857301470809e-01 7.786322607601734447e-01 0.000000000000000000e+00
-1.325398675547745375e+00 1.899399632360404891e-03 0.000000000000000000e+00 -1.853608916979869181e-01 4.852068466531021529e-01 0.000000000000000000e+00
-1.448950300184061124e+00 6.829138023533229407e-04 0.000000000000000000e+00 -1.270554117149494677e-01 6.839062391704705535e-01 0.000000000000000000e+00
-1.537801290378485009e+00 5.942514565589127051e-04 0.000000000000000000e+00 -3.255690313887040638e-02 8.175736890110740784e-01 0.000000000000000000e+00
-1.519350037291950173e+00 -7.368285523768752787e-04 0.000000000000000000e+00 6.583613729031383144e-02 7.902784213719382667e-01 0.000000000000000000e+00
-1.397813595605704728e+00 2.387928845468546835e-03 0.000000000000000000e+00 1.555191831211024389e-01 6.038348071537140704e-01 0.000000000000000000e+00
-1.398851782708173008e+00 1.379856221276837616e-03 0.000000000000000000e+00 1.848696803065412175e-01 5.970464948771030400e-01 0.000000000000000000e+00
-1.552852573319843055e+00 1.115592375637099870e-03 0.000000000000000000e+00 1.251126192559932626e-01 8.293038271614722179e-01 0.000000000000000000e+00
-1.640138443332356921e+00 -4.350733398125326834e-03 0.000000000000000000e+00 3.917979419351119708e-02 9.550029557471828578e-01 0.000000000000000000e+00
-1.638796931662322320e+00 -2.537876739471331064e-03 0.000000000000000000e+00 -4.580090127641031628e-02 9.529207413516023184e-01 0.000000000000000000e+00
-1.550314712565476816e+00 2.030922967122122946e-03 0.000000000000000000e+00 -1.249140689656824121e-01 8.258510429812611076e-01 0.000000000000000000e+00
-1.395836160515879776e+00 2.515919710419367572e-04 0.000000000000000000e+00 -1.847857837216644317e-01 5.925843689446624873e-01 0.000000000000000000e+00
-1.401540220719960761e+00 -1.055796213318745819e-03 0.000000000000000000e+00 -1.521214455970633095e-01 6.101528633730048945e-01 0.000000000000000000e+00
-1.522785699503645951e+00 1.364669346249704901e-03 0.000000000000000000e+00 -5.803840958137494038e-02 7.956060354143239532e-01 0.000000000000000000e+00
-1.531291923455949444e+00 9.165518321376823693e-04 0.000000000000000000e+00 4.441035157852659537e-02 8.081253998347270873e-01 0.000000000000000000e+00
-1.425845411458988021e+00 -1.469427714573170313e-03 0.000000000000000000e+00 1.388428973149369583e-01 6.484930160441253477e-01 0.000000000000000000e+00
-1.338750266796894461e+00 -1.903798922826611950e-03 0.000000000000000000e+00 1.881640838331477272e-01 5.048748159817884051e-01 0.000000000000000000e+00
-1.469076628205791657e+00 -3.192940476647920800e-03 0.000000000000000000e+00 1.644548365496417697e-01 7.047333673040014901e-01 0.000000000000000000e+00
-1.611521887718897705e+00 2.644778817817772243e-03 0.000000000000000000e+00 8.615105484208968045e-02 9.136405534807312545e-01 0.000000000000000000e+00
-1.654638762575097566e+00 2.849411697100937783e-03 0.000000000000000000e+00 -6.344278657211195258e-03 9.749902725526405911e-01 0.000000000000000000e+00
-1.593264849282503226e+00 -1.191990626929993573e-03 0.000000000000000000e+00 -1.010184820718971338e-01 8.875047779195381903e-01 0.000000000000000000e+00
-1.434823842605400968e+00 -3.475780127138281168e-04 0.000000000000000000e+00 -1.774179702059112684e-01 6.521103060340380786e-01 0.000000000000000000e+00
-1.368657092373089634e+00 -1.224096709898590905e-03 0.000000000000000000e+00 -1.727891041687752149e-01 5.556696298731171879e-01 0.000000000000000000e+00
-1.480747606879119882e+00 -2.124211496069808476e-04 0.000000000000000000e+00 -1.112004433862381902e-01 7.314498233697628304e-01 0.000000000000000000e+00
-1.546418217543646723e+00 1.091988307178718993e-03 0.000000000000000000e+00 -2.758462060988394610e-02 8.294916788735187119e-01 0.000000000000000000e+00
-1.532499866915145059e+00 -2.810195941371050696e-03 0.000000000000000000e+00 5.613589930026514907e-02 8.090517264202672365e-01 0.000000000000000000e+00
-1.443006630635485177e+00 -2.080582619634410713e-03 0.000000000000000000e+00 1.350857207291032702e-01 6.738871349560449087e-01 0.000000000000000000e+00
-1.354975224695786462e+00 -1.507767784170891551e-03 0.000000000000000000e+00 1.812074533801963927e-01 5.322427253494639299e-01 0.000000000000000000e+00
-1.448365913229968216e+00 -2.549320154571505653e-04 0.000000000000000000e+00 1.715297587721353045e-01 6.732851586141950229e-01 0.000000000000000000e+00
-1.592616822672417998e+00 4.154434131301152494e-03 0.000000000000000000e+00 1.007987932244613360e-01 8.866610528368503719e-01 0.000000000000000000e+00
-1.651496603585653311e+00 -1.573063056717519115e-03 0.000000000000000000e+00 9.710484013934334718e-03 9.708036801652879522e-01 0.000000000000000000e+00
-1.615444524876387344e+00 -3.903164923576760842e-03 0.000000000000000000e+00 -8.004986609468087155e-02 9.194588655411570777e-01 0.000000000000000000e+00
-1.488977094709099669e+00 -2.220252671893872820e-03 0.000000000000000000e+00 -1.579836181131246131e-01 7.344401557906716782e-01 0.000000000000000000e+00
-1.344499935474582575e+00 1.870540245250476574e-04 0.000000000000000000e+00 -1.912732418564024317e-01 5.125972440930215424e-01 0.000000000000000000e+00
-1.425241918438185262e+00 2.065877041421856214e-03 0.000000000000000000e+00 -1.316964633979528232e-01 6.491168012255718045e-01 0.000000000000000000e+00
-1.529975209792668434e+00 1.657252652387680020e-03 0.000000000000000000e+00 -1.242076757303459469e-02 8.074532473380846564e-01 0.000000000000000000e+00
-1.462700619059231322e+00 -2.332413595197271872e-03 0.000000000000000000e+00 1.072216156419146527e-01 7.067097951003074030e-01 0.000000000000000000e+00
-1.272257770568524293e+00 -1.718119545441916182e-03 0.000000000000000000e+00 1.889468401955470833e-01 3.988503169989370267e-01 0.000000000000000000e+00
1.003282554345406030e+00 6.585527519059079446e-04 0.000000000000000000e+00 -3.054853467608253936e-01 1.666762855786295683e-01 0.000000000000000000e+00
8.544285969946867620e-01 5.613809446805047157e-04 0.000000000000000000e+00 -2.055536230793946206e-01 1.853712474506578056e-01 0.000000000000000000e+00
7.684933368361159811e-01 -3.256160821103531652e-04 0.000000000000000000e+00 2.186683883547630991e-01 3.870478740231007020e-01 0.000000000000000000e+00
6.303973794319850388e-01 -7.567999971191154140e-04 0.000000000000000000e+00 -9.677631028817308689e-02 7.509770008673006814e-01 0.000000000000000000e+00
7.114804426182570474e-01 2.277097327170124388e-03 0.000000000000000000e+00 2.410995138194852450e-01 5.129473684603145234e-01 0.000000000000000000e+00
6.727656147446320345e-01 -2.841254902220210522e-03 0.000000000000000000e+00 -2.204792691932604964e-01 6.168251871681247334e-01 0.000000000000000000e+00
6.211023606471604008e-01 -1.663720686006509020e-04 0.000000000000000000e+00 9.220160817188338687e-02 7.749839899813335542e-01 0.000000000000000000e+00
8.601759689870684955e-01 2.540643656044868151e-04 0.000000000000000000e+00 2.217900323550767161e-01 1.475432150215803540e-01 0.000000000000000000e+00
-1.192108473725963513e+00 6.965938433857021134e-04 0.000000000000000000e+00 -3.695555746846203304e-02 3.187621237926425710e-01 0.000000000000000000e+00
-1.228760280914394709e+00 1.826489064877544893e-03 0.000000000000000000e+00 -7.720752591444855761e-02 3.683648435881961003e-01 0.000000000000000000e+00
-1.173164738655782413e+00 1.287347428491718987e-03 0.000000000000000000e+00 1.113697419965078705e-01 2.699268734732036545e-01 0.000000000000000000e+00
-1.147496892499515697e+00 2.604111275610731385e-04 0.000000000000000000e+00 -9.675272374846595469e-02 2.334025557678742202e-01 0.000000000000000000e+00
1.029297306006769386e+00 4.737121735823223920e-04 0.000000000000000000e+00 9.352626537268839135e-02 1.058800390724178447e-01 0.000000000000000000e+00
-1.892653085924404177e+00 -2.779538021138793641e-03 0.000000000000000000e+00 7.118994950500218133e-02 1.279792746117335289e+00 0.000000000000000000e+00
-1.591623182545141679e+00 -2.726668124080202510e-03 0.000000000000000000e+00 2.214682731618974054e-01 8.630710957998349864e-01 0.000000000000000000e+00
-1.564601364181245957e+00 -2.321028887098758320e-03 0.000000000000000000e+00 -2.312651024137021838e-01 8.227223080780790010e-01 0.000000000000000000e+00
-1.885415752150658042e+00 3.058293538568249148e-03 0.000000000000000000e+00 -7.826679232710394285e-02 1.270246750354942833e+00 0.000000000000000000e+00
1.043420664088903660e+00 4.960118063096906511e-04 0.000000000000000000e+00 8.223140322852243167e-02 1.076119487154602872e-01 0.000000000000000000e+00
-2.266107777162449821e+00 6.365485944011706199e-03 0.000000000000000000e+00 -3.759252823542811456e-02 1.737961356347184516e+00 0.000000000000000000e+00
-2.167850622609974742e+00 -7.925727258675380194e-04 0.000000000000000000e+00 -1.293719372572794124e-01 1.615389723331431160e+00 0.000000000000000000e+00
-1.940197468703707795e+00 -6.378198538791769734e-03 0.000000000000000000e+00 -2.246479695584339131e-01 1.322434144504677889e+00 0.000000000000000000e+00
-1.545690098408947222e+00 2.732643190933952554e-03 0.000000000000000000e+00 -3.024344233606269805e-01 7.718230160111536620e-01 0.000000000000000000e+00
-1.586650232447344600e+00 -5.067206897512999131e-04 0.000000000000000000e+00 2.988196209990220953e-01 8.323302756915194056e-01 0.000000000000000000e+00
-1.963677873837032184e+00 4.514289210418021003e-03 0.000000000000000000e+00 2.159453874069091617e-01 1.353509369781307869e+00 0.000000000000000000e+00
-2.180311691981883016e+00 1.609010190485968272e-03 0.000000000000000000e+00 1.229129272382554761e-01 1.630958598982855889e+00 0.000000000000000000e+00
-2.267744726914372233e+00 4.329461092574864167e-03 0.000000000000000000e+00 3.985305121833390002e-02 1.739856432349182080e+00 0.000000000000000000e+00
1.067470875474988423e+00 -3.875302811262326154e-04 0.000000000000000000e+00 1.284593391122240691e-01 7.766916587400513050e-02 0.000000000000000000e+00
-2.480471039117016829e+00 -9.079819543188996644e-03 0.000000000000000000e+00 -1.200756451497286548e-01 1.987149719103224133e+00 0.000000000000000000e+00
-1.511820606714560977e+00 -2.308021413983094711e-03 0.000000000000000000e+00 -3.447895521034841093e-01 7.026592983269273063e-01 0.000000000000000000e+00
-2.373623530609951349e+00 -2.360652454544198697e-03 0.000000000000000000e+00 1.607551476904315879e-01 1.858740290563861475e+00 0.000000000000000000e+00
-2.538952491770294362e+00 9.729978864361776836e-04 0.000000000000000000e+00 -5.475794293272390201e-02 2.057930886335835652e+00 0.000000000000000000e+00
-1.935468041238371573e+00 -1.797704418804502158e-03 0.000000000000000000e+00 -2.865645975606440077e-01 1.304352833165481229e+00 0.000000000000000000e+00
-2.127126895681790586e+00 -7.654618806998520278e-03 0.000000000000000000e+00 2.327414924256249462e-01 1.553981950305611814e+00 0.000000000000000000e+00
-2.560009916020876464e+00 -6.428327928053922946e-03 0.000000000000000000e+00 1.036255041139966249e-02 2.083002808790221483e+00 0.000000000000000000e+00
-2.248112259647435440e+00 8.497365445062105005e-03 0.000000000000000000e+00 -1.964861038130169824e-01 1.705630195223425849e+00 0.000000000000000000e+00
-1.759555630166545370e+00 -3.562439728082830714e-03 0.000000000000000000e+00 3.165290666622503357e-01 1.066108410482263347e+00 0.000000000000000000e+00
-2.510292946599208985e+00 -1.669043737430823265e-03 0.000000000000000000e+00 8.325689828390556158e-02 2.023717638314458611e+00 0.000000000000000000e+00
-2.470260426606308624e+00 -2.283962692358559865e-03 0.000000000000000000e+00 -1.445702599458611737e-01 1.973573770895568735e+00 0.000000000000000000e+00
-1.509552418619918068e+00 2.448159502127650322e-03 0.000000000000000000e+00 3.503488359698663235e-01 6.964211552355625834e-01 0.000000000000000000e+00
-2.559512549450333907e+00 -4.046505317296989618e-03 0.000000000000000000e+00 9.290685663929021398e-02 2.080374723733987352e+00 0.000000000000000000e+00
-2.497302732706565997e+00 1.025531722037897886e-03 0.000000000000000000e+00 -1.544545400349393027e-01 2.004395489846044320e+00 0.000000000000000000e+00
-1.786907257496787693e+00 -2.653289487201553054e-03 0.000000000000000000e+00 3.313355158467469752e-01 1.098449993303834304e+00 0.000000000000000000e+00
-2.678715303457907204e+00 -7.939518703587626972e-03 0.000000000000000000e+00 3.973769723045650348e-02 2.219165524456656158e+00 0.000000000000000000e+00
-2.296255614198578598e+00 -8.447968340959774447e-03 0.000000000000000000e+00 -2.308014454650374470e-01 1.759159163051631669e+00 0.000000000000000000e+00
-2.164125188255116683e+00 4.794057474955162879e-03 0.000000000000000000e+00 2.629790775230245181e-01 1.594532561263352743e+00 0.000000000000000000e+00
-2.698270517291321724e+00 9.798058731400896559e-03 0.000000000000000000e+00 -9.088986521428886467e-03 2.241865536390396763e+00 0.000000000000000000e+00
-1.974574343377921704e+00 1.374498193932364998e-03 0.000000000000000000e+00 -3.003245226938664469e-01 1.351185590936757386e+00 0.000000000000000000e+00
-2.421661162688780955e+00 -1.238237685663057253e-03 0.000000000000000000e+00 1.836712558510737447e-01 1.913285376044313590e+00 0.000000000000000000e+00
-2.630683371562174244e+00 -1.073227051968111967e-02 0.000000000000000000e+00 -8.760328690574788191e-02 2.162697784561868897e+00 0.000000000000000000e+00
-1.550388529882042343e+00 -1.118716225766112904e-04 0.000000000000000000e+00 -3.533648023697020801e-01 7.569232713958984338e-01 0.000000000000000000e+00
-2.541270855651164950e+00 7.559245452171549362e-03 0.000000000000000000e+00 1.366989897496535822e-01 2.056819342867150624e+00 0.000000000000000000e+00
1.057752103009480305e+00 -3.272950339553285827e-04 0.000000000000000000e+00 -9.355688875322601405e-02 1.066500276541873099e-01 0.000000000000000000e+00
-2.387449416704475080e+00 7.316816409416726508e-03 0.000000000000000000e+00 -6.860184216736973928e-02 1.880703837608851625e+00 0.000000000000000000e+00
-1.999722531468334452e+00 -6.100388999280732805e-03 0.000000000000000000e+00 -2.453858872498233812e-01 1.393888320584317775e+00 0.000000000000000000e+00
-1.604517010798203192e+00 -4.208026036747247733e-03 0.000000000000000000e+00 3.170063058654854493e-01 8.512164423329953156e-01 0.000000000000000000e+00
-2.255723623292213098e+00 6.532707566370955787e-03 0.000000000000000000e+00 1.577901021108773227e-01 1.718760928060744098e+00 0.000000000000000000e+00
-2.420140760645073108e+00 -6.118569135868556774e-03 0.000000000000000000e+00 -9.058525479324175400e-03 1.920288451371655825e+00 0.000000000000000000e+00
-2.236437045915525168e+00 6.630526768586376268e-03 0.000000000000000000e+00 -1.553248632639764037e-01 1.695853827055696872e+00 0.000000000000000000e+00
-1.552683593501658743e+00 -1.212942511829205594e-03 0.000000000000000000e+00 -3.242669867969997233e-01 7.732196469982917097e-01 0.000000000000000000e+00
-2.022159203265894156e+00 3.733482884620609177e-03 0.000000000000000000e+00 2.369292745049717264e-01 1.423419977850471918e+00 0.000000000000000000e+00
-2.390404002222878077e+00 2.083061484884296544e-03 0.000000000000000000e+00 7.127367225061287392e-02 1.884067425325768763e+00 0.000000000000000000e+00
-2.527887815409046723e+00 -4.005597366138331089e-03 0.000000000000000000e+00 -1.380466717852485425e-01 2.041182062928635244e+00 0.000000000000000000e+00
-1.577103228021061287e+00 -3.903094052405339798e-03 0.000000000000000000e+00 3.498413038582230961e-01 7.981980960919343726e-01 0.000000000000000000e+00
-2.628666323415519646e+00 -7.216041086391291118e-03 0.000000000000000000e+00 7.096405463946159342e-02 2.160976112174445518e+00 0.000000000000000000e+00
-2.417689433090087547e+00 -2.731548365555100388e-03 0.000000000000000000e+00 -1.866707287418835071e-01 1.908322361043516491e+00 0.000000000000000000e+00
-1.963018517543621666e+00 -5.215204271675030756e-03 0.000000000000000000e+00 2.991896045136540061e-01 1.336737984597966777e+00 0.000000000000000000e+00
-2.692240898075390021e+00 1.082245377147239215e-02 0.000000000000000000e+00 2.985078519712521319e-02 2.234800462250325026e+00 0.000000000000000000e+00
-2.184534666463859409e+00 5.618287969157351180e-03 0.000000000000000000e+00 -2.492389530981097279e-01 1.621635858420551690e+00 0.000000000000000000e+00
-2.270372469251373371e+00 -4.758060466006394651e-03 0.000000000000000000e+00 2.269488913579675582e-01 1.728610566332402287e+00 0.000000000000000000e+00
-2.680431945292562457e+00 3.420593173538714199e-03 0.000000000000000000e+00 -3.651405370064002287e-02 2.221175015871074354e+00 0.000000000000000000e+00
-1.844195314694035748e+00 5.715808801518198340e-03 0.000000000000000000e+00 -3.200689814552615253e-01 1.177797015654599377e+00 0.000000000000000000e+00
-2.469530486462173879e+00 -7.930952464696196247e-03 0.000000000000000000e+00 1.585934069713074712e-01 1.971657799230210451e+00 0.000000000000000000e+00
-2.589834264834839139e+00 1.036980752702874875e-02 0.000000000000000000e+00 -8.181417219362754900e-02 2.115886697151178275e+00 0.000000000000000000e+00
-1.501739126886306064e+00 -2.477202607952068425e-03 0.000000000000000000e+00 -3.525161875035245918e-01 6.832644520551967027e-01 0.000000000000000000e+00
-2.509693615179779513e+00 4.371982527079085190e-03 0.000000000000000000e+00 1.377347829064092255e-01 2.020048552110971229e+00 0.000000000000000000e+00
-2.426711972528071026e+00 -3.784489025238230164e-04 0.000000000000000000e+00 -7.698050543850254446e-02 1.926458844564699513e+00 0.000000000000000000e+00
-1.947052052664960176e+00 5.407010968647971150e-03 0.000000000000000000e+00 -2.607925681324766987e-01 1.324499845811459409e+00 0.000000000000000000e+00
-1.843993752454524016e+00 6.294151221619137537e-04 0.000000000000000000e+00 2.880107153854192803e-01 1.185769849646272078e+00 0.000000000000000000e+00
-2.399141683014017090e+00 8.069384530918856380e-03 0.000000000000000000e+00 1.040136622504128777e-01 1.892837136403095810e+00 0.000000000000000000e+00
-2.272289140344017078e+00 7.763297479204192553e-03 0.000000000000000000e+00 -2.384974217411732142e-02 1.745575560916559965e+00 0.000000000000000000e+00
-2.191933487253136192e+00 -4.282294791051313720e-03 0.000000000000000000e+00 -1.198129975059661900e-01 1.645220592240641988e+00 0.000000000000000000e+00
-1.977652702403404739e+00 -4.366003648932206826e-03 0.000000000000000000e+00 -2.122464994056485477e-01 1.371663664098961677e+00 0.000000000000000000e+00
-1.598786624711181492e+00 2.166120180954675400e-04 0.000000000000000000e+00 -2.979098354833349394e-01 8.499504373103403676e-01 0.000000000000000000e+00
-1.544173656662991778e+00 2.202916261986277366e-03 0.000000000000000000e+00 3.055532151552738385e-01 7.683796878244163464e-01 0.000000000000000000e+00
-1.948890176839595423e+00 2.124228672335942703e-04 0.000000000000000000e+00 2.186493540518834044e-01 1.334419214817977206e+00 0.000000000000000000e+00
-2.176736903326188965e+00 -4.515657610367207475e-04 0.000000000000000000e+00 1.251878947494373118e-01 1.626468443885272563e+00 0.000000000000000000e+00
-2.270858433142754151e+00 -2.686106381664929432e-03 0.000000000000000000e+00 3.606085432170489519e-02 1.743648363571207449e+00 0.000000000000000000e+00
1.052343474355164510e+00 -1.364534719705161932e-04 0.000000000000000000e+00 8.521920281002434705e-02 1.091559904178798640e-01 0.000000000000000000e+00
-2.462161171576114249e+00 -3.512117830429040133e-03 0.000000000000000000e+00 -1.079573393363093270e-01 1.966460880929561394e+00 0.000000000000000000e+00
-1.656171669767927401e+00 2.599214835793874079e-03 0.000000000000000000e+00 -3.286246238164272082e-01 9.201165193178491020e-01 0.000000000000000000e+00
-2.257697105237236102e+00 -7.676066077918680675e-03 0.000000000000000000e+00 1.885294017742349948e-01 1.718035220271827646e+00 0.000000000000000000e+00
-2.541039547804679888e+00 -3.671921951308124155e-03 0.000000000000000000e+00 -1.934682872480070898e-02 2.060990081489878722e+00 0.000000000000000000e+00
-2.138590034486594682e+00 2.480763432282179215e-03 0.000000000000000000e+00 -2.287454822435635582e-01 1.568606014898471290e+00 0.000000000000000000e+00
-1.854171582896239734e+00 -1.272159645989145993e-03 0.000000000000000000e+00 2.978451622178809322e-01 1.196652392450772373e+00 0.000000000000000000e+00
-2.500357144687511024e+00 6.529357478074189133e-03 0.000000000000000000e+00 8.061834192348488193e-02 2.012285473609703335e+00 0.000000000000000000e+00
-2.437681212104463313e+00 -6.301552496045831342e-03 0.000000000000000000e+00 -1.457137549602854909e-01 1.935362052104923292e+00 0.000000000000000000e+00
-1.334724543868675006e+00 1.784633873821047517e-03 0.000000000000000000e+00 3.312383132234633099e-01 4.175394087719358494e-01 0.000000000000000000e+00
-2.471132329741708489e+00 -5.888646193925484162e-03 0.000000000000000000e+00 1.199474687277731211e-01 1.976250563241890745e+00 0.000000000000000000e+00
-2.409427800344724702e+00 -3.376044860546484686e-03 0.000000000000000000e+00 -7.145384707693508419e-02 1.906410648205228986e+00 0.000000000000000000e+00
-2.009448966792141356e+00 1.741372971003254944e-03 0.000000000000000000e+00 -2.412030571593573036e-01 1.406801616771199637e+00 0.000000000000000000e+00
-1.658885652607782646e+00 4.051325927891331197e-03 0.000000000000000000e+00 3.173380305300672055e-01 9.278664449898049726e-01 0.000000000000000000e+00
-2.303016027642123209e+00 1.348198224813970062e-03 0.000000000000000000e+00 1.389685490407419344e-01 1.776817628273561933e+00 0.000000000000000000e+00
-2.425375803716669942e+00 -2.133040793311563252e-04 0.000000000000000000e+00 -2.355041120915191133e-02 1.926289222373810617e+00 0.000000000000000000e+00
-2.177655909603862128e+00 -8.087244301777041233e-03 0.000000000000000000e+00 -1.916179628466214147e-01 1.621119571324264541e+00 0.000000000000000000e+00
-1.324546182235470049e+00 -2.044040738903968833e-03 0.000000000000000000e+00 -3.165645612089484917e-01 4.102395625494515974e-01 0.000000000000000000e+00
-2.124984620140226710e+00 3.943757043406874441e-03 0.000000000000000000e+00 2.069373722995740128e-01 1.554997613394931033e+00 0.000000000000000000e+00
-2.419150338157570079e+00 -5.428426542811261302e-03 0.000000000000000000e+00 3.547731430349707060e-02 1.918821709937031939e+00 0.000000000000000000e+00
-2.344452489950577423e+00 -3.354935956643011197e-03 0.000000000000000000e+00 -1.269769487290894894e-01 1.826884047928075017e+00 0.000000000000000000e+00
-1.711372923895387865e+00 -1.030633720708571364e-03 0.000000000000000000e+00 -3.105076335023712608e-01 1.002561847930818262e+00 0.000000000000000000e+00
-2.016581409737363995e+00 6.260693027413211792e-03 0.000000000000000000e+00 2.486395281525641265e-01 1.414452696413513344e+00 0.000000000000000000e+00
-2.430877294648175813e+00 -5.748577491104587059e-03 0.000000000000000000e+00 5.813817393761039343e-02 1.932005928198062161e+00 0.000000000000000000e+00
-2.416652839405558861e+00 8.674215352587194561e-03 0.000000000000000000e+00 -1.149577538892664758e-01 1.912783234154794787e+00 0.000000000000000000e+00
-1.567581504504721668e+00 1.816774236216407712e-03 0.000000000000000000e+00 -3.349568819264970854e-01 7.906157494589129975e-01 0.000000000000000000e+00
-2.256908566586051101e+00 3.803996138463369703e-03 0.000000000000000000e+00 1.923041775720034652e-01 1.716659599147964510e+00 0.000000000000000000e+00
-2.524432786251598060e+00 7.802761787913531366e-03 0.000000000000000000e+00 -7.800213666313206284e-03 2.041837000414465475e+00 0.000000000000000000e+00
-2.156910511346439741e+00 -3.243638076849554575e-03 0.000000000000000000e+00 -2.232480152522614281e-01 1.591781827066974575e+00 0.000000000000000000e+00
-1.758386428733853313e+00 2.134884246426230203e-03 0.000000000000000000e+00 3.142704107290859028e-01 1.065204464728576772e+00 0.000000000000000000e+00
-2.456907334395888931e+00 -5.113973599064729203e-05 0.000000000000000000e+00 9.570383304739912833e-02 1.960956454560794926e+00 0.000000000000000000e+00
1.069347863275392552e+00 -2.458258352548594976e-05 0.000000000000000000e+00 1.234231831751092107e-01 8.872128237162048292e-02 0.000000000000000000e+00
-2.602252699606878217e+00 -9.593909408048212697e-03 0.000000000000000000e+00 -1.588088869112157520e-01 2.125848965570298787e+00 0.000000000000000000e+00
-1.999327560862743658e+00 -4.271043290616564209e-03 0.000000000000000000e+00 3.091473594305487183e-01 1.380643489034073745e+00 0.000000000000000000e+00
-2.799156048351317150e+00 -6.192561241529129235e-03 0.000000000000000000e+00 -1.175564038733883931e-02 2.356641439696232077e+00 0.000000000000000000e+00
-1.910709362469509731e+00 2.518967545341352365e-03 0.000000000000000000e+00 -3.260791731978524011e-01 1.263054808690189379e+00 0.000000000000000000e+00
-2.636730316165560417e+00 -1.042649062187252229e-02 0.000000000000000000e+00 1.280073613020658307e-01 2.167639962039613621e+00 0.000000000000000000e+00
-2.651476014384592794e+00 9.075813621151368471e-03 0.000000000000000000e+00 -1.760413896335681350e-01 2.181236515369552986e+00 0.000000000000000000e+00
-2.468421712108252564e+00 -2.060921610143706673e-03 0.000000000000000000e+00 2.339651614832866933e-01 1.962826349247758451e+00 0.000000000000000000e+00
-2.827477545877784770e+00 3.959504652081981269e-03 0.000000000000000000e+00 -1.091293064256511486e-01 2.386244806446553124e+00 0.000000000000000000e+00
-2.072997318055060045e+00 2.478833375018738017e-03 0.000000000000000000e+00 3.218659503063709959e-01 1.470577110278391775e+00 0.000000000000000000e+00
-2.929248673456586793e+00 -1.020731928564999613e-02 0.000000000000000000e+00 -5.285737174377912184e-02 2.502930068095608362e+00 0.000000000000000000e+00
-1.440211795676773709e+00 4.069625893676973027e-04 0.000000000000000000e+00 3.719033404841358137e-01 5.733246764945572060e-01 0.000000000000000000e+00
-2.944068691449780673e+00 4.331290920538119482e-03 0.000000000000000000e+00 2.533383581002274232e-02 2.519987137473435723e+00 0.000000000000000000e+00
-1.900037783500470479e+00 6.992340611832190481e-04 0.000000000000000000e+00 -3.480254457357242481e-01 1.243270554467256872e+00 0.000000000000000000e+00
-2.871778432008048831e+00 3.996677798627487621e-03 0.000000000000000000e+00 9.215502030651127885e-02 2.437037747950347999e+00 0.000000000000000000e+00
-2.348854225918665328e+00 -5.343576885642298269e-03 0.000000000000000000e+00 -2.675792837531613122e-01 1.816894840694650348e+00 0.000000000000000000e+00
-2.714227467263690130e+00 6.118731631498314227e-03 0.000000000000000000e+00 1.653371183678780665e-01 2.254034915341036616e+00 0.000000000000000000e+00
-2.712909547049382031e+00 1.860119074239587056e-03 0.000000000000000000e+00 -2.026444513318311769e-01 2.249470464858243091e+00 0.000000000000000000e+00
-2.789343255965846424e+00 -2.057356656323505728e-03 0.000000000000000000e+00 1.802298285472231920e-01 2.338601554112162084e+00 0.000000000000000000e+00
-2.771286674912104786e+00 -7.553280222672202615e-03 0.000000000000000000e+00 -2.302495513804501681e-01 2.313620640195213518e+00 0.000000000000000000e+00
-2.409492074324609767e+00 -4.048224087786461700e-03 0.000000000000000000e+00 -3.047385058350782772e-01 1.883330998765432973e+00 0.000000000000000000e+00
-1.882766813706853171e+00 5.392412217378184103e-04 0.000000000000000000e+00 -3.825144794528485548e-01 1.210309785579907871e+00 0.000000000000000000e+00
-1.589568769695107076e+00 3.075648886096356283e-03 0.000000000000000000e+00 4.018697325993513259e-01 7.921770061068711399e-01 0.000000000000000000e+00
-2.223856643294222390e+00 1.654145446605900793e-03 0.000000000000000000e+00 3.358508265569976614e-01 1.654136800991504508e+00 0.000000000000000000e+00
-2.647641612604136885e+00 -5.680749887607333681e-03 0.000000000000000000e+00 2.483508760885566047e-01 2.169754219044724319e+00 0.000000000000000000e+00
-2.942885198245282830e+00 5.660237906194361124e-03 0.000000000000000000e+00 -1.675185352166426167e-01 2.513212010988913558e+00 0.000000000000000000e+00
-2.891905720218602038e+00 1.170661842549074183e-02 0.000000000000000000e+00 1.973018506056217203e-01 2.453567855815369292e+00 0.000000000000000000e+00
-2.729633742013305664e+00 1.113675919524012223e-02 0.000000000000000000e+00 -2.313691603562554322e-01 2.265893198362297412e+00 0.000000000000000000e+00
-2.229174346167602572e+00 5.444294262579377208e-04 0.000000000000000000e+00 -3.373678777543460683e-01 1.660325401042786364e+00 0.000000000000000000e+00
-1.366185004645594780e+00 6.953966266870920121e-04 0.000000000000000000e+00 -3.776170174767541354e-01 4.380979902353494548e-01 0.000000000000000000e+00
-2.148874300137534554e+00 6.394299542687539861e-03 0.000000000000000000e+00 3.552404564267084841e-01 1.557661295139523672e+00 0.000000000000000000e+00
-2.676849096474402501e+00 8.845886158205806815e-03 0.000000000000000000e+00 2.597182233239770932e-01 2.202129926844833552e+00 0.000000000000000000e+00
-2.941147579238128529e+00 -9.990918534168863330e-04 0.000000000000000000e+00 -1.809050923207081163e-01 2.510322595185087380e+00 0.000000000000000000e+00
-2.959518500779390493e+00 2.186177779639419949e-03 0.000000000000000000e+00 1.764959174003873921e-01 2.531299867907966572e+00 0.000000000000000000e+00
-2.647657150232757495e+00 -9.326113697982751916e-04 0.000000000000000000e+00 -2.582077681353520671e-01 2.168614871488566020e+00 0.000000000000000000e+00
-2.134434064943267373e+00 4.328689106746649862e-03 0.000000000000000000e+00 -3.488183922353789712e-01 1.541186618458279201e+00 0.000000000000000000e+00
-1.335481176005763437e+00 -1.140511883397681697e-03 0.000000000000000000e+00 3.685824531032761975e-01 3.865026655802328293e-01 0.000000000000000000e+00
-2.190055623011207153e+00 -4.473400778528847932e-03 0.000000000000000000e+00 3.399200040166370229e-01 1.611869583367032233e+00 0.000000000000000000e+00
-2.683530109494248084e+00 6.537618412379098132e-03 0.000000000000000000e+00 2.549675132947998857e-01 2.210371506877490511e+00 0.000000000000000000e+00
-2.930605896930279286e+00 6.373490301260734125e-03 0.000000000000000000e+00 -1.748579614253438219e-01 2.498891469889295003e+00 0.000000000000000000e+00
-2.945208905314701475e+00 -8.941495323863055122e-03 0.000000000000000000e+00 1.683397665834565071e-01 2.515781114935870200e+00 0.000000000000000000e+00
-2.660350903465567907e+00 -4.169449119728219078e-03 0.000000000000000000e+00 -2.568672083907203030e-01 2.183431411334845862e+00 0.000000000000000000e+00
-2.178017635030723653e+00 -6.736901425100264018e-03 0.000000000000000000e+00 -3.492445712849051587e-01 1.595050481593726754e+00 0.000000000000000000e+00
-1.376657265217489101e+00 2.214939972665273815e-03 0.000000000000000000e+00 -3.789094992348794877e-01 4.566665763264644573e-01 0.000000000000000000e+00
-2.088613509706514826e+00 1.628550740972400934e-03 0.000000000000000000e+00 3.591951975580648382e-01 1.481537035957562143e+00 0.000000000000000000e+00
-2.601044773258102349e+00 -5.091275347495621828e-03 0.000000000000000000e+00 2.620521786550461529e-01 2.114190031069177245e+00 0.000000000000000000e+00
-2.988685924256521798e+00 9.478070796406633247e-03 0.000000000000000000e+00 -1.578531836031726310e-01 2.565286773656367370e+00 0.000000000000000000e+00
-2.911921540170676614e+00 1.181350509330479637e-02 0.000000000000000000e+00 1.987043130962075077e-01 2.476057818203065697e+00 0.000000000000000000e+00
-2.724351299163624063e+00 -3.746253365137055310e-03 0.000000000000000000e+00 -2.486793634408747122e-01 2.257979895086804412e+00 0.000000000000000000e+00
-2.146962293293626090e+00 2.759672047225824286e-04 0.000000000000000000e+00 -3.529912684419853619e-01 1.555790711553812544e+00 0.000000000000000000e+00
-1.526646063162592215e+00 2.962668239791160785e-03 0.000000000000000000e+00 4.032381574053602313e-01 6.944294016838614692e-01 0.000000000000000000e+00
-2.369020026896029307e+00 5.292317912636436417e-03 0.000000000000000000e+00 3.203850209887605383e-01 1.832473089652186138e+00 0.000000000000000000e+00
-2.860251998267114182e+00 -8.986073012756876088e-03 0.000000000000000000e+00 2.056853948310641556e-01 2.417053029325305857e+00 0.000000000000000000e+00
-2.903852931813680982e+00 1.115229640288896429e-02 0.000000000000000000e+00 -2.430442117856165818e-01 2.462974603193647027e+00 0.000000000000000000e+00
-1.676204008304451154e+00 -4.456546221762600068e-03 0.000000000000000000e+00 4.188794765667059883e-01 9.118628429651417511e-01 0.000000000000000000e+00
-2.696416269052334336e+00 7.281722510044580376e-03 0.000000000000000000e+00 -2.890617886702239181e-01 2.221029498799774959e+00 0.000000000000000000e+00
-2.169956453520005990e+00 2.893784169437502163e-03 0.000000000000000000e+00 3.811021559077267806e-01 1.577735701210054353e+00 0.000000000000000000e+00
-2.298803865999846430e+00 3.246042846118105899e-03 0.000000000000000000e+00 -3.583522924411518540e-01 1.740747737287841268e+00 0.000000000000000000e+00
-2.601922912646377206e+00 5.958892647419273061e-03 0.000000000000000000e+00 3.167371973581085687e-01 2.107716650115881052e+00 0.000000000000000000e+00
-1.793512558560132586e+00 -4.764318198926441317e-03 0.000000000000000000e+00 -4.202105343724067410e-01 1.076736602920114860e+00 0.000000000000000000e+00
-2.879198509393145144e+00 2.837038206698339060e-04 0.000000000000000000e+00 2.593248580377724988e-01 2.433365654636951092e+00 0.000000000000000000e+00
-2.923352435429736662e+00 -3.641995260936531364e-03 0.000000000000000000e+00 -2.242597064827439035e-01 2.486755477177206686e+00 0.000000000000000000e+00
-2.039341923432310466e+00 -5.800368823178525535e-03 0.000000000000000000e+00 -3.837822716420595803e-01 1.412962116745384966e+00 0.000000000000000000e+00
-2.194940435722227967e+00 3.632641061959644702e-03 0.000000000000000000e+00 3.606761163997886377e-01 1.613372376039829525e+00 0.000000000000000000e+00
-2.997805126345627791e+00 4.854191689846340529e-03 0.000000000000000000e+00 2.072851906725468873e-01 2.571992333030331590e+00 0.000000000000000000e+00
-2.746787785741540144e+00 -4.624678709468713067e-03 0.000000000000000000e+00 -2.700005366906569337e-01 2.281267879587977276e+00 0.000000000000000000e+00
-1.347705940899679877e+00 1.238776604692286287e-03 0.000000000000000000e+00 -3.798620454228308629e-01 4.002071577086463994e-01 0.000000000000000000e+00
-2.706903940337663350e+00 4.551173389059956498e-03 0.000000000000000000e+00 2.778135998866825829e-01 2.234528348279896548e+00 0.000000000000000000e+00
-2.209134606289519631e+00 -6.337315178766983470e-03 0.000000000000000000e+00 -3.619242591950454502e-01 1.630568015941794791e+00 0.000000000000000000e+00
-2.080610734439995113e+00 -2.251803628290638404e-03 0.000000000000000000e+00 3.740018041245820601e-01 1.467795358987389109e+00 0.000000000000000000e+00
-2.970119808156813868e+00 8.393669820529581216e-03 0.000000000000000000e+00 2.198746919598093263e-01 2.539844178680024989e+00 0.000000000000000000e+00
-2.803168120147359055e+00 7.767514543176756714e-03 0.000000000000000000e+00 -2.548148348696038235e-01 2.347436011793696764e+00 0.000000000000000000e+00
-1.414051481433697077e+00 -2.430386139265931777e-03 0.000000000000000000e+00 3.976009324688793978e-01 5.098743458771507475e-01 0.000000000000000000e+00
-2.871561919010799713e+00 1.188245762952377937e-02 0.000000000000000000e+00 2.573815799474586941e-01 2.424941865575740874e+00 0.000000000000000000e+00
-2.848822180214715782e+00 -4.269586638744556073e-03 0.000000000000000000e+00 -2.109489141614872554e-01 2.403632972704575099e+00 0.000000000000000000e+00
-2.483916519209336204e+00 7.319509432226409262e-03 0.000000000000000000e+00 -2.837727377316491828e-01 1.974498402657213436e+00 0.000000000000000000e+00
-1.921531129428323936e+00 9.065365602743402640e-04 0.000000000000000000e+00 -3.794367852325209456e-01 1.262240608879622528e+00 0.000000000000000000e+00
-1.637063390794039064e+00 -1.861578504630710066e-03 0.000000000000000000e+00 4.002943132483870459e-01 8.634585984881841814e-01 0.000000000000000000e+00
-2.305342447291422570e+00 -2.187225627113084658e-03 0.000000000000000000e+00 3.210266010744025622e-01 1.755904528553426713e+00 0.000000000000000000e+00
-2.738964637862880025e+00 -4.161761497215921146e-03 0.000000000000000000e+00 2.316928032114863867e-01 2.276525255821824523e+00 0.000000000000000000e+00
-2.866675834642297360e+00 6.409395929955236104e-03 0.000000000000000000e+00 -1.808382898075155953e-01 2.426302284769861206e+00 0.000000000000000000e+00
-2.890012899499638799e+00 5.125454279171534622e-03 0.000000000000000000e+00 1.837532315956263429e-01 2.452463405450948208e+00 0.000000000000000000e+00
-2.695799960460432576e+00 -8.374256793138509791e-03 0.000000000000000000e+00 -2.467823927006962681e-01 2.225421215264777430e+00 0.000000000000000000e+00
-2.334497330716840402e+00 -4.232066739823854562e-03 0.000000000000000000e+00 -3.170967687662942791e-01 1.791692231613064346e+00 0.000000000000000000e+00
-1.826141075066028963e+00 1.595238232810158863e-03 0.000000000000000000e+00 -3.865675676232238622e-01 1.133434619792014653e+00 0.000000000000000000e+00
-1.594227593035516310e+00 -1.575897251715805032e-03 0.000000000000000000e+00 3.987383631125465122e-01 8.007620276264786341e-01 0.000000000000000000e+00
