9.942171891021174268e-01 7.765062603916808148e-04 0.000000000000000000e+00 3.502685022173189500e-02 2.707511238090519745e-01 0.000000000000000000e+00
-1.145563112278282780e+00 -6.134711641520053382e-04 0.000000000000000000e+00 -5.443805031329145006e-02 2.436640325985379441e-01 0.000000000000000000e+00
-1.211958297254849715e+00 -1.272003099938846110e-03 0.000000000000000000e+00 5.163990741766999459e-02 3.471821372293891761e-01 0.000000000000000000e+00
-1.232258296207751513e+00 7.878680857129484027e-04 0.000000000000000000e+00 -4.507321164527783308e-02 3.789426846862912202e-01 0.000000000000000000e+00
9.928195255308220890e-01 -5.359781399478896454e-04 0.000000000000000000e+00 4.045688160030672803e-02 2.457039425495752549e-01 0.000000000000000000e+00
-1.120991626008802644e+00 3.226287933408185371e-04 0.000000000000000000e+00 2.513530468124035647e-02 2.104453103185771334e-01 0.000000000000000000e+00
9.344854485544433764e-01 -2.838466820031580826e-04 0.000000000000000000e+00 1.116542760211014645e-01 1.024935889252787669e-01 0.000000000000000000e+00
9.273371257704474679e-01 9.978350515636074183e-05 0.000000000000000000e+00 -1.159122471824724637e-01 1.099059912617202789e-01 0.000000000000000000e+00
9.019125123135729449e-01 1.529083103447056568e-04 0.000000000000000000e+00 1.075749514550383978e-01 1.633527473397848317e-01 0.000000000000000000e+00
9.686781224362075449e-01 3.852127021025657130e-04 0.000000000000000000e+00 -9.560660630871009591e-02 1.023306857104495371e-01 0.000000000000000000e+00
9.609823641847110576e-01 -3.350151569975421133e-04 0.000000000000000000e+00 6.742275706007481995e-02 1.185917842867325600e-01 0.000000000000000000e+00
9.148380448863022707e-01 3.555204599306983557e-04 0.000000000000000000e+00 -6.622714373999546988e-02 1.633903614810405802e-01 0.000000000000000000e+00
9.200397102433324203e-01 -3.213334928484430815e-04 0.000000000000000000e+00 6.887310943290957110e-02 1.544477815604296811e-01 0.000000000000000000e+00
9.523119106509462251e-01 -1.555500558143550500e-04 0.000000000000000000e+00 -6.687127954897752191e-02 1.204612665166356206e-01 0.000000000000000000e+00
9.579626723043495051e-01 -2.685359342611190730e-04 0.000000000000000000e+00 1.489408476176484319e-03 1.363355562830290968e-01 0.000000000000000000e+00
9.474660652509385717e-01 -1.546851046598423708e-04 0.000000000000000000e+00 5.620003047955733633e-02 1.285830184034656432e-01 0.000000000000000000e+00
9.260326934205755922e-01 -2.364480831181308643e-04 0.000000000000000000e+00 -5.598761133062056528e-02 1.513125763112348754e-01 0.000000000000000000e+00
7.997100393131767460e-01 1.066922154815490818e-03 0.000000000000000000e+00 2.612203865892415502e-02 3.803370774779809560e-01 0.000000000000000000e+00
1.000197726121529129e+00 -7.081423100221708421e-04 0.000000000000000000e+00 2.304165833198865698e-01 2.661839372404288251e-01 0.000000000000000000e+00
-1.234740431476663902e+00 -1.697266549503513230e-03 0.000000000000000000e+00 -9.320087565183372835e-02 3.739031839783019118e-01 0.000000000000000000e+00
-1.276990034104671601e+00 -1.071930026325302633e-03 0.000000000000000000e+00 3.510798168162428817e-02 4.469642115270437421e-01 0.000000000000000000e+00
-1.410825948565380461e+00 -2.715092082440639931e-03 0.000000000000000000e+00 -3.892308826066470662e-02 6.408039889641232723e-01 0.000000000000000000e+00
-1.364039846862616923e+00 1.149996600977112177e-03 0.000000000000000000e+00 -1.273812709136500354e-01 5.609983982191902863e-01 0.000000000000000000e+00
-1.383473221735791459e+00 -2.042681276358208203e-03 0.000000000000000000e+00 1.160005752198090545e-01 5.918494073618510987e-01 0.000000000000000000e+00
-1.355560159551298716e+00 -1.808809109596689127e-03 0.000000000000000000e+00 7.256356136542815860e-02 5.583846173620237163e-01 0.000000000000000000e+00
-1.171047814253964869e+00 -1.111900893336612885e-03 0.000000000000000000e+00 1.443868450730785846e-01 2.500494610620088709e-01 0.000000000000000000e+00
-1.326199235574548663e+00 -1.360359744125115913e-03 0.000000000000000000e+00 -9.403333301596988880e-02 5.120016184076553456e-01 0.000000000000000000e+00
-1.395071448427995797e+00 1.279002052808643746e-04 0.000000000000000000e+00 -8.144038686693119700e-02 6.142582027750739249e-01 0.000000000000000000e+00
-1.255501634934687694e+00 1.697027650235097794e-03 0.000000000000000000e+00 -1.546757997547206220e-01 3.866215548345923736e-01 0.000000000000000000e+00
-1.316341310205287218e+00 -1.366547734292684890e-05 0.000000000000000000e+00 1.359008582014454847e-01 4.876095126477435482e-01 0.000000000000000000e+00
-1.400255315140904067e+00 -5.525323385523455560e-05 0.000000000000000000e+00 6.833121152136681364e-02 6.232649876098524944e-01 0.000000000000000000e+00
-1.283213123361141239e+00 1.089739255826942255e-03 0.000000000000000000e+00 1.116290138920886521e-01 4.437165232929367042e-01 0.000000000000000000e+00
-1.298502925371995520e+00 5.191142646695096063e-04 0.000000000000000000e+00 -1.028060033434533838e-01 4.689292980308032432e-01 0.000000000000000000e+00
-1.398701079193897190e+00 -5.161936385078835787e-04 0.000000000000000000e+00 -9.269658993327210827e-02 6.178777912681249207e-01 0.000000000000000000e+00
-1.170533263379052613e+00 9.057351563396265348e-04 0.000000000000000000e+00 1.641755915387906883e-01 2.365685202563693190e-01 0.000000000000000000e+00
-1.414586539375742191e+00 -1.115482723695885442e-03 0.000000000000000000e+00 7.464423478186696381e-02 6.429817802391097903e-01 0.000000000000000000e+00
-1.272653301906460754e+00 -1.488360091234390906e-03 0.000000000000000000e+00 -3.174011269954936897e-03 4.419066273854670435e-01 0.000000000000000000e+00
-1.401294792789260502e+00 -2.946788199756827931e-03 0.000000000000000000e+00 -1.403974761452223344e-02 6.283229876636349243e-01 0.000000000000000000e+00
8.801957193684296632e-01 -2.049203112495642451e-04 0.000000000000000000e+00 -9.829462571594924092e-02 2.092546477809071881e-01 0.000000000000000000e+00
8.685441273611937962e-01 6.954854028807246850e-04 0.000000000000000000e+00 8.763589980193341178e-02 2.356727514885713637e-01 0.000000000000000000e+00
9.029504503379125468e-01 -1.151085361435072452e-04 0.000000000000000000e+00 -1.887384927117068956e-01 4.479053529736209960e-02 0.000000000000000000e+00
6.703697133408295095e-01 -8.895233077093230023e-04 0.000000000000000000e+00 -2.499090550417931711e-01 6.115758970055591437e-01 0.000000000000000000e+00
6.003603271395498986e-01 -3.797348612439611047e-03 0.000000000000000000e+00 -5.072801855418484357e-02 8.319850897054280603e-01 0.000000000000000000e+00
6.270712369123929708e-01 3.099443366041152587e-03 0.000000000000000000e+00 1.777802854917494568e-01 7.445202787093242458e-01 0.000000000000000000e+00
7.689828866253282103e-01 -1.454854823269143178e-03 0.000000000000000000e+00 2.772011340417918079e-01 3.462242956543732930e-01 0.000000000000000000e+00
5.868275101456303933e-01 -2.916841485346759189e-03 0.000000000000000000e+00 2.875280379846166245e-01 8.202262081874336364e-01 0.000000000000000000e+00
5.302342833616878748e-01 -2.359084420340558375e-03 0.000000000000000000e+00 7.249973395603886983e-02 1.024754565329121903e+00 0.000000000000000000e+00
5.458287715831233733e-01 3.827843364070589258e-03 0.000000000000000000e+00 -1.849885649140879940e-01 9.645292780125573895e-01 0.000000000000000000e+00
6.478611885591976094e-01 -2.351021798837216875e-04 0.000000000000000000e+00 -3.300027259733638862e-01 6.335489788461197147e-01 0.000000000000000000e+00
7.835549818230451713e-01 1.352191695099542144e-03 0.000000000000000000e+00 3.075440645858081856e-01 2.766691282645706851e-01 0.000000000000000000e+00
7.996739992718598922e-01 2.312207005119756549e-04 0.000000000000000000e+00 -3.152782595883580896e-01 2.144692670703889914e-01 0.000000000000000000e+00
5.169836139316561496e-01 -1.890270779698530884e-03 0.000000000000000000e+00 1.857425859456681705e-01 1.050492989694820745e+00 0.000000000000000000e+00
5.396854248026679013e-01 -2.864040757970962026e-03 0.000000000000000000e+00 -2.621834557912988695e-01 9.647874178576980597e-01 0.000000000000000000e+00
6.813943755639246813e-01 1.516937248533572515e-03 0.000000000000000000e+00 3.781050022748528860e-01 5.101413919172395062e-01 0.000000000000000000e+00
4.848814088056155880e-01 -5.580102301005187768e-03 0.000000000000000000e+00 -1.386924562528110520e-02 1.166669871945328785e+00 0.000000000000000000e+00
7.259669345436685628e-01 -1.996201569614344806e-04 0.000000000000000000e+00 -3.501952002815982290e-01 4.043111684171879494e-01 0.000000000000000000e+00
5.822630348397347388e-01 9.066994033835606721e-04 0.000000000000000000e+00 3.046932866732309231e-01 8.270295989093005007e-01 0.000000000000000000e+00
5.163928255433636316e-01 1.355299474586834155e-03 0.000000000000000000e+00 1.335528299608914823e-03 1.068569193753472035e+00 0.000000000000000000e+00
5.797173932609129832e-01 4.099741718649550087e-05 0.000000000000000000e+00 -3.024653036838698128e-01 8.351256957608352849e-01 0.000000000000000000e+00
7.292621960764571476e-01 -1.562650045298550130e-03 0.000000000000000000e+00 3.499756228821572224e-01 3.949604877605628062e-01 0.000000000000000000e+00
4.820889304334248782e-01 -4.484759601798962714e-03 0.000000000000000000e+00 1.437604813812709895e-02 1.175727102810799174e+00 0.000000000000000000e+00
7.104740606050774510e-01 -9.170432000878050299e-04 0.000000000000000000e+00 -3.636682146898672086e-01 4.376481494446533005e-01 0.000000000000000000e+00
5.522043737822777132e-01 -3.699214866287606034e-03 0.000000000000000000e+00 2.809171894549449267e-01 9.221761992470918212e-01 0.000000000000000000e+00
5.144031543818256003e-01 -2.524611519071505786e-03 0.000000000000000000e+00 -1.085812378326429656e-01 1.069080212007482711e+00 0.000000000000000000e+00
6.734779068335856600e-01 -2.465400619161882759e-03 0.000000000000000000e+00 -3.543010291262937983e-01 5.489812540698592036e-01 0.000000000000000000e+00
6.280985084575295696e-01 2.866862801211650380e-03 0.000000000000000000e+00 3.403810301716216902e-01 6.827582644250089761e-01 0.000000000000000000e+00
5.200745817688268158e-01 7.252447208676987556e-05 0.000000000000000000e+00 9.081615688773689299e-02 1.053591167813192175e+00 0.000000000000000000e+00
5.509548288918925119e-01 -2.182101869253201196e-03 0.000000000000000000e+00 -2.420841317258171643e-01 9.367928433614107764e-01 0.000000000000000000e+00
8.764004429565956933e-01 2.642643582192495677e-05 0.000000000000000000e+00 2.302702790443089675e-01 5.902054638918191598e-02 0.000000000000000000e+00
7.892384440186467343e-01 -2.378446577739733864e-04 0.000000000000000000e+00 -2.649425286140117963e-01 3.025928323838756873e-01 0.000000000000000000e+00
6.198217983974607659e-01 1.621531248060362890e-03 0.000000000000000000e+00 -1.367539461941038592e-01 7.716458040573048738e-01 0.000000000000000000e+00
-9.707998698478639277e-01 2.996083442635931460e-04 0.000000000000000000e+00 -1.505526982325809671e-02 8.128529588842516029e-02 0.000000000000000000e+00
6.208369742354395981e-01 -2.568697119839705861e-03 0.000000000000000000e+00 1.418704961576447154e-01 7.681088861716830474e-01 0.000000000000000000e+00
7.942306559816436629e-01 -1.312796485727097187e-03 0.000000000000000000e+00 2.638016623493617541e-01 2.901754666912745861e-01 0.000000000000000000e+00
8.332738102661936264e-01 6.138147117507458672e-04 0.000000000000000000e+00 -2.785832919687453169e-01 1.493609231201073473e-01 0.000000000000000000e+00
5.503262862929316768e-01 1.865864153602959409e-03 0.000000000000000000e+00 2.451897191902220885e-01 9.378281528021872315e-01 0.000000000000000000e+00
5.190805536222544703e-01 3.610392470073298457e-03 0.000000000000000000e+00 -1.009215934647468838e-01 1.055630660146223754e+00 0.000000000000000000e+00
6.345897387612042806e-01 1.758395270438639635e-04 0.000000000000000000e+00 -3.473756618901133741e-01 6.610995745534566925e-01 0.000000000000000000e+00
6.601529710237572512e-01 -1.401585226757737918e-04 0.000000000000000000e+00 3.553381595471125642e-01 5.854247306419761987e-01 0.000000000000000000e+00
5.166203048755459992e-01 1.843405106232300084e-03 0.000000000000000000e+00 1.082362696045034711e-01 1.062382136494049334e+00 0.000000000000000000e+00
5.516951480275105180e-01 -3.525474935673326808e-03 0.000000000000000000e+00 -2.603690612944181138e-01 9.296840583996468510e-01 0.000000000000000000e+00
7.489142650778550792e-01 8.607572749961128755e-04 0.000000000000000000e+00 3.447974573748261440e-01 3.418498311924096367e-01 0.000000000000000000e+00
8.786031887766365678e-01 7.580929708728994143e-05 0.000000000000000000e+00 -2.327348826196136700e-01 2.350229004254350551e-02 0.000000000000000000e+00
4.708944768870142461e-01 -6.539734498253093470e-04 0.000000000000000000e+00 -5.202007275337897085e-02 1.211511838276566833e+00 0.000000000000000000e+00
6.782875461749815482e-01 -1.222918888740780110e-03 0.000000000000000000e+00 4.162041161001660550e-01 4.890630249506392468e-01 0.000000000000000000e+00
4.692304096599101970e-01 -1.781482466295774593e-03 0.000000000000000000e+00 -2.399228550798759296e-01 1.194311774072152499e+00 0.000000000000000000e+00
4.962407244601785838e-01 4.410568246568042153e-03 0.000000000000000000e+00 3.381591804768868670e-01 1.078896153468679397e+00 0.000000000000000000e+00
5.835147228950671172e-01 -3.175088454749827593e-04 0.000000000000000000e+00 -4.423947910644827619e-01 7.584416275745164970e-01 0.000000000000000000e+00
4.552639808915195374e-01 -4.922292319832986471e-03 0.000000000000000000e+00 6.929182921805791817e-02 1.263523229690934002e+00 0.000000000000000000e+00
6.754433222464922837e-01 1.052884012193293492e-03 0.000000000000000000e+00 4.317314383461808847e-01 4.843161243867478705e-01 0.000000000000000000e+00
4.724926602583446877e-01 -8.179842013943732990e-04 0.000000000000000000e+00 -3.351322133943464010e-01 1.159905684361134171e+00 0.000000000000000000e+00
4.461194250175438691e-01 2.331646237433731249e-03 0.000000000000000000e+00 1.914730209511575354e-01 1.283140457286409575e+00 0.000000000000000000e+00
6.545032641010695151e-01 -7.741414966109983094e-04 0.000000000000000000e+00 4.630140876208259648e-01 5.227750434395579404e-01 0.000000000000000000e+00
4.854383830809344547e-01 4.129024046633367542e-03 0.000000000000000000e+00 -4.389890737925199460e-01 1.079174599981857163e+00 0.000000000000000000e+00
4.202572272020543842e-01 5.760330325768317841e-03 0.000000000000000000e+00 -2.352706624179287664e-02 1.391055241687860766e+00 0.000000000000000000e+00
4.793882491604964380e-01 -1.442474740780599202e-04 0.000000000000000000e+00 4.175500866006147671e-01 1.108681032876888128e+00 0.000000000000000000e+00
6.783068064786559326e-01 1.926395898324271758e-03 0.000000000000000000e+00 -4.464733902994053039e-01 4.615308327824998447e-01 0.000000000000000000e+00
4.485486200241156074e-01 5.640366934636369990e-03 0.000000000000000000e+00 -1.886956712505442613e-01 1.274825600303779449e+00 0.000000000000000000e+00
4.885449083516564261e-01 1.567061237537428764e-03 0.000000000000000000e+00 3.612691007739750049e-01 1.097167782849095996e+00 0.000000000000000000e+00
6.122980685538735868e-01 -1.432079358688654463e-03 0.000000000000000000e+00 -4.559207408150767193e-01 6.607782290167798500e-01 0.000000000000000000e+00
4.482401375710979297e-01 -1.237796101623360109e-03 0.000000000000000000e+00 -3.578347220205538304e-02 1.289409778577666366e+00 0.000000000000000000e+00
5.689777926266079700e-01 3.403655951573162503e-03 0.000000000000000000e+00 4.444011428744875092e-01 8.025500498429276597e-01 0.000000000000000000e+00
5.064036366111595022e-01 -1.761198738887189558e-04 0.000000000000000000e+00 -3.884188615672434786e-01 1.028152782607067106e+00 0.000000000000000000e+00
4.525267621861870926e-01 1.376782019814001140e-03 0.000000000000000000e+00 1.590535105219400003e-01 1.265012381156726429e+00 0.000000000000000000e+00
7.015384496679522019e-01 8.107740812876385126e-04 0.000000000000000000e+00 4.263146003222848535e-01 4.064668980795307363e-01 0.000000000000000000e+00
4.730392494926723423e-01 -4.307442708323871647e-04 0.000000000000000000e+00 -3.956535246569740094e-01 1.138778346971171196e+00 0.000000000000000000e+00
4.224357274930249373e-01 2.450550904390781139e-03 0.000000000000000000e+00 4.866308889714324182e-02 1.382358188562512025e+00 0.000000000000000000e+00
5.048125927965463333e-01 8.942166600550520428e-04 0.000000000000000000e+00 4.548057703465239188e-01 1.005959954670835543e+00 0.000000000000000000e+00
6.113240287538650453e-01 -2.505756060639971385e-03 0.000000000000000000e+00 -4.818961655552324030e-01 6.451840349562381061e-01 0.000000000000000000e+00
4.388823718789580663e-01 -7.292658546248910294e-04 0.000000000000000000e+00 -1.910444992967949562e-01 1.309207955982508054e+00 0.000000000000000000e+00
4.596587518926112392e-01 1.952096389276838581e-03 0.000000000000000000e+00 3.137953245782385547e-01 1.210448556269422049e+00 0.000000000000000000e+00
7.598519382561337299e-01 -1.057095540526622676e-03 0.000000000000000000e+00 3.899426215096320480e-01 2.487201025083619621e-01 0.000000000000000000e+00
7.437299087507329709e-01 -1.288083223410195488e-03 0.000000000000000000e+00 -3.998359531253063981e-01 2.944602779150296001e-01 0.000000000000000000e+00
4.552612114343354000e-01 2.153166881786157741e-04 0.000000000000000000e+00 -2.535775411534620938e-01 1.239873071573722729e+00 0.000000000000000000e+00
4.618611949509683900e-01 -1.561644028883043579e-03 0.000000000000000000e+00 2.920247610643519898e-01 1.208179911237562409e+00 0.000000000000000000e+00
8.454396798223805520e-01 -4.969045477071437969e-05 0.000000000000000000e+00 2.854731192267512263e-01 6.732126528356091599e-02 0.000000000000000000e+00
7.224854735479491197e-01 1.677989273973035621e-03 0.000000000000000000e+00 -3.981092053840098455e-01 3.685316906663402281e-01 0.000000000000000000e+00
4.645194787980325701e-01 1.069494868349398289e-04 0.000000000000000000e+00 -3.025819495097224060e-02 1.233599089249240999e+00 0.000000000000000000e+00
6.609760854879556113e-01 7.536401685324838409e-04 0.000000000000000000e+00 4.268337327639762924e-01 5.330373119792297665e-01 0.000000000000000000e+00
4.709193560574455040e-01 5.348947998288956437e-03 0.000000000000000000e+00 -2.746909849687636518e-01 1.180935217277393923e+00 0.000000000000000000e+00
4.855150659525264700e-01 1.950116481272812403e-03 0.000000000000000000e+00 3.163445472907724376e-01 1.121046128182926260e+00 0.000000000000000000e+00
6.082444111189041491e-01 2.328172450496567014e-03 0.000000000000000000e+00 -4.478005328493987469e-01 6.787787527983173419e-01 0.000000000000000000e+00
4.563818906040047474e-01 6.284259320572168142e-03 0.000000000000000000e+00 2.242759372928917333e-02 1.261319671002821163e+00 0.000000000000000000e+00
6.562245143524256807e-01 -1.656004153729910729e-03 0.000000000000000000e+00 4.397375767524839274e-01 5.371732149025461034e-01 0.000000000000000000e+00
4.743390614826916707e-01 -4.254806952479327914e-04 0.000000000000000000e+00 -3.171068353608220702e-01 1.158636953385538071e+00 0.000000000000000000e+00
4.566557130151068788e-01 -5.806777048285453706e-03 0.000000000000000000e+00 2.478018029977403780e-01 1.236017721648684287e+00 0.000000000000000000e+00
7.778661094863612568e-01 9.627062716520097194e-04 0.000000000000000000e+00 3.651085026574316106e-01 2.180590396915605966e-01 0.000000000000000000e+00
7.459206638741020523e-01 -2.577274639400124051e-04 0.000000000000000000e+00 -3.865696403335356912e-01 3.041851453864174992e-01 0.000000000000000000e+00
4.586731321296697583e-01 2.927907619378418771e-03 0.000000000000000000e+00 -1.207189587889237747e-01 1.247961950417461718e+00 0.000000000000000000e+00
5.577006388174652329e-01 8.234477285451805018e-04 0.000000000000000000e+00 4.266687465402282387e-01 8.472535212066620858e-01 0.000000000000000000e+00
5.075900803449039378e-01 2.519558578342219468e-04 0.000000000000000000e+00 -3.659065040011094672e-01 1.032502277601032636e+00 0.000000000000000000e+00
4.688419014960746312e-01 5.590074602808037425e-04 0.000000000000000000e+00 2.228126840935764075e-01 1.198949812735894405e+00 0.000000000000000000e+00
6.794018553981397979e-01 2.332906391697491325e-03 0.000000000000000000e+00 -4.133365727374276322e-01 4.880991233327088841e-01 0.000000000000000000e+00
4.751970036545761777e-01 4.266219801843651287e-03 0.000000000000000000e+00 6.849054931394023271e-02 1.196378835847181854e+00 0.000000000000000000e+00
7.014695775246710951e-01 -5.278927849356389139e-04 0.000000000000000000e+00 -3.780016574357264458e-01 4.519474325296098938e-01 0.000000000000000000e+00
5.207355313650330331e-01 -4.065683910645502205e-03 0.000000000000000000e+00 2.283341989488774093e-01 1.030484844830911850e+00 0.000000000000000000e+00
-9.285911246593473445e-01 -2.192297434602547695e-05 0.000000000000000000e+00 1.305026263229244199e-01 5.745743958755800823e-02 0.000000000000000000e+00
5.314711879282961737e-01 -2.486492399158941446e-03 0.000000000000000000e+00 -2.537315803902713829e-01 9.917515505727960701e-01 0.000000000000000000e+00
6.682271300128749258e-01 2.395059630574146448e-03 0.000000000000000000e+00 3.838750326374471555e-01 5.438782683045270128e-01 0.000000000000000000e+00
4.843428543475697401e-01 2.586721218257135614e-03 0.000000000000000000e+00 -4.346925938423487623e-02 1.167763474688098491e+00 0.000000000000000000e+00
7.544549998275633662e-01 6.160885126994487468e-04 0.000000000000000000e+00 -3.274107486528008426e-01 3.425249001892809453e-01 0.000000000000000000e+00
6.343576868586998652e-01 2.043643915468552896e-03 0.000000000000000000e+00 3.283393877968501795e-01 6.713879798937634202e-01 0.000000000000000000e+00
5.373016696996333330e-01 2.255927448950923765e-03 0.000000000000000000e+00 1.458902951986315588e-01 9.960536593872164612e-01 0.000000000000000000e+00
-9.506063572467160494e-01 4.147841230914197253e-04 0.000000000000000000e+00 -6.906619436570386739e-02 8.391021061430339878e-02 0.000000000000000000e+00
5.337058591654281203e-01 -4.349650220867836217e-04 0.000000000000000000e+00 -1.260901275744777117e-01 1.009315987528371927e+00 0.000000000000000000e+00
6.196364098372377782e-01 1.694248696803632784e-03 0.000000000000000000e+00 -3.245661036363961527e-01 7.138266924459417684e-01 0.000000000000000000e+00
7.697390019553280727e-01 1.526117681234621243e-03 0.000000000000000000e+00 3.195420902423645737e-01 3.053313011603961957e-01 0.000000000000000000e+00
8.245268639576928127e-01 4.767502978583098086e-05 0.000000000000000000e+00 -2.988166940488087842e-01 1.464450739947436575e-01 0.000000000000000000e+00
4.847821941310628269e-01 -2.187119917699824508e-03 0.000000000000000000e+00 5.856215218958864960e-02 1.165692167080594865e+00 0.000000000000000000e+00
6.544496437794105059e-01 -1.274615366148420387e-03 0.000000000000000000e+00 -3.888663525152433742e-01 5.801994886499048931e-01 0.000000000000000000e+00
5.266173687215223165e-01 -1.197780184167837950e-03 0.000000000000000000e+00 2.558096821106258800e-01 1.005997170589308043e+00 0.000000000000000000e+00
-9.514412357109209850e-01 4.485258341201656986e-06 0.000000000000000000e+00 -3.147258005061584485e-02 1.027706432020331351e-01 0.000000000000000000e+00
5.241909232263339824e-01 2.793208603281988750e-04 0.000000000000000000e+00 -2.459658334111050892e-01 1.015862693589927090e+00 0.000000000000000000e+00
6.623770850161139201e-01 8.043197504115223717e-04 0.000000000000000000e+00 3.890580030285643587e-01 5.571473886442002144e-01 0.000000000000000000e+00
4.830495881700891392e-01 1.584052053512273028e-03 0.000000000000000000e+00 -5.931623404337918459e-02 1.171264454554693968e+00 0.000000000000000000e+00
7.919146998655417491e-01 7.416499237587513907e-04 0.000000000000000000e+00 3.316003916419657527e-01 2.179498712908758407e-01 0.000000000000000000e+00
7.712935492714143582e-01 -6.737717683717725503e-04 0.000000000000000000e+00 -3.359487152905200058e-01 2.822251837715030742e-01 0.000000000000000000e+00
5.257263281115883702e-01 -1.860784204944405940e-04 0.000000000000000000e+00 2.118570263536340703e-01 1.018859857414883052e+00 0.000000000000000000e+00
-9.517570630938790854e-01 -1.839430933066135178e-04 0.000000000000000000e+00 4.234887033921823363e-02 9.829943538205627995e-02 0.000000000000000000e+00
5.280656327103894210e-01 3.855270121463654290e-03 0.000000000000000000e+00 -2.281775483599523535e-01 1.008191511060487322e+00 0.000000000000000000e+00
7.501434081364152240e-01 8.226866196250825700e-04 0.000000000000000000e+00 3.495807709207898739e-01 3.332007901691671492e-01 0.000000000000000000e+00
8.411371298763259396e-01 2.151436359324437452e-04 0.000000000000000000e+00 -2.850786077955574926e-01 9.757859005635616256e-02 0.000000000000000000e+00
4.673359808873098764e-01 -4.229581952077459892e-04 0.000000000000000000e+00 -8.088170657932471086e-02 1.221831451351117703e+00 0.000000000000000000e+00
6.254189738141415766e-01 9.091329345019792674e-05 0.000000000000000000e+00 4.320348426070333980e-01 6.369192738627516004e-01 0.000000000000000000e+00
4.796399246823728202e-01 -2.117412024197466019e-03 0.000000000000000000e+00 -2.560539478710236461e-01 1.155823546740836871e+00 0.000000000000000000e+00
5.047818766299817517e-01 -9.655031507463949017e-04 0.000000000000000000e+00 3.488291538800845637e-01 1.047519423636104285e+00 0.000000000000000000e+00
5.569102914993155906e-01 3.599996057302049662e-03 0.000000000000000000e+00 -4.250136966737757538e-01 8.505232034080117964e-01 0.000000000000000000e+00
4.649428025416399435e-01 1.384818573526631902e-03 0.000000000000000000e+00 1.404122417917308963e-01 1.224518227829600736e+00 0.000000000000000000e+00
7.313842788979838527e-01 1.074168628643369476e-03 0.000000000000000000e+00 -3.690636906149442620e-01 3.707271458828453881e-01 0.000000000000000000e+00
5.071102758911110175e-01 1.142605058143585095e-03 0.000000000000000000e+00 1.727714481471092078e-01 1.083182687846601766e+00 0.000000000000000000e+00
5.544392255676300341e-01 -1.891008796423042978e-03 0.000000000000000000e+00 -3.197576380888055292e-01 9.027957437061360224e-01 0.000000000000000000e+00
5.948714689607801365e-01 1.217439244532530357e-03 0.000000000000000000e+00 3.696317566488751538e-01 7.631224199963262400e-01 0.000000000000000000e+00
4.954576871408445937e-01 -2.171404796338339063e-03 0.000000000000000000e+00 -9.788644351915201658e-02 1.128905986418825780e+00 0.000000000000000000e+00
8.455805099630604449e-01 -8.143697296452865816e-05 0.000000000000000000e+00 2.730310540205129755e-01 1.064540765076020662e-01 0.000000000000000000e+00
7.706828066797248855e-01 8.939738657865858168e-05 0.000000000000000000e+00 -3.084945587564402181e-01 3.137700714444631167e-01 0.000000000000000000e+00
7.277337819932717666e-01 -1.634987032006132192e-03 0.000000000000000000e+00 3.250907801475657610e-01 4.199012370943692729e-01 0.000000000000000000e+00
5.333464961946898786e-01 3.194535088668531801e-03 0.000000000000000000e+00 1.892063220650118116e-01 1.000454514928535765e+00 0.000000000000000000e+00
-9.466991447540142879e-01 -9.852856321059896990e-05 0.000000000000000000e+00 -7.875789585204236165e-02 8.295946277170895833e-02 0.000000000000000000e+00
5.274779337034865012e-01 3.502931270982740514e-03 0.000000000000000000e+00 -1.729579174477554881e-01 1.020882632729520179e+00 0.000000000000000000e+00
7.001785068107433396e-01 1.299703354695419012e-03 0.000000000000000000e+00 -3.413459880338825525e-01 4.837967914185769547e-01 0.000000000000000000e+00
6.869650467904128144e-01 -1.581512026645457737e-03 0.000000000000000000e+00 3.421711116282208365e-01 5.196126258046980251e-01 0.000000000000000000e+00
5.343957674346080378e-01 -1.944156664643388772e-03 0.000000000000000000e+00 1.811237763733939410e-01 9.988524225065698037e-01 0.000000000000000000e+00
-9.408822618435137564e-01 -1.108210154310588710e-05 0.000000000000000000e+00 -1.017733710918249657e-01 6.936870607941539313e-02 0.000000000000000000e+00
5.288514508501689360e-01 3.698920728743072470e-03 0.000000000000000000e+00 -1.540676545101697381e-01 1.019798730945220111e+00 0.000000000000000000e+00
6.610539019614920520e-01 1.419898972175100138e-03 0.000000000000000000e+00 -3.468305936353149321e-01 5.880173399763520825e-01 0.000000000000000000e+00
6.806832995234690653e-01 -2.000690388152181684e-03 0.000000000000000000e+00 3.495308993059795810e-01 5.320986909670759601e-01 0.000000000000000000e+00
5.236244103460663268e-01 -3.774712562702843902e-03 0.000000000000000000e+00 1.527326093653757488e-01 1.035654147141278125e+00 0.000000000000000000e+00
5.366468965668197422e-01 4.555679433957167054e-03 0.000000000000000000e+00 -2.185256703318571858e-01 9.845853973249522051e-01 0.000000000000000000e+00
7.647079553041115085e-01 -9.992279775190885619e-04 0.000000000000000000e+00 -2.935029943412174047e-01 3.442605206800005702e-01 0.000000000000000000e+00
6.935053498016634510e-01 1.781654428979512206e-03 0.000000000000000000e+00 -2.805708906487663912e-01 5.384980470197571201e-01 0.000000000000000000e+00
6.121026043385204840e-01 -3.979159500432077196e-04 0.000000000000000000e+00 -1.617862775170478828e-01 7.868266319772411199e-01 0.000000000000000000e+00
5.915957250863597139e-01 -2.118205907149217464e-03 0.000000000000000000e+00 3.023169780707900267e-02 8.559958098669180337e-01 0.000000000000000000e+00
6.290224782243788448e-01 -1.533540931436035842e-04 0.000000000000000000e+00 2.074358658202342109e-01 7.317782489782519439e-01 0.000000000000000000e+00
7.289331024777299106e-01 -6.835279028620021378e-04 0.000000000000000000e+00 2.890308663887232177e-01 4.423814713120296505e-01 0.000000000000000000e+00
6.865644139200475227e-01 1.020208326399243233e-03 0.000000000000000000e+00 3.160623930801841897e-01 5.369641274200371850e-01 0.000000000000000000e+00
5.935489096255832653e-01 1.851419433535691703e-03 0.000000000000000000e+00 2.672629522967684967e-01 8.083574493909850833e-01 0.000000000000000000e+00
5.454274527477944723e-01 -2.328308909476787571e-03 0.000000000000000000e+00 1.250266971539603922e-01 9.752997245397679871e-01 0.000000000000000000e+00
5.391538877280201980e-01 3.833527855052944883e-04 0.000000000000000000e+00 -6.222296522319852724e-02 9.993928617707308337e-01 0.000000000000000000e+00
5.709030867505555662e-01 4.317537097162632738e-03 0.000000000000000000e+00 -2.309152145674067402e-01 8.823561439692960695e-01 0.000000000000000000e+00
6.492261241817163242e-01 8.000148087989825824e-04 0.000000000000000000e+00 -3.155874538160889364e-01 6.371712417247814564e-01 0.000000000000000000e+00
7.454075578870573704e-01 -2.116429883326281444e-04 0.000000000000000000e+00 -2.860162761226806571e-01 4.015429626159510157e-01 0.000000000000000000e+00
6.307402364327450162e-01 1.405683369815171127e-03 0.000000000000000000e+00 -2.073908886841760724e-01 7.273457386881726494e-01 0.000000000000000000e+00
5.930830666480497726e-01 -3.372659815238349124e-03 0.000000000000000000e+00 -1.390229123295767810e-02 8.524796989488172549e-01 0.000000000000000000e+00
6.216852983398142296e-01 3.514168150766571342e-03 0.000000000000000000e+00 1.801332151313084218e-01 7.578441001165181490e-01 0.000000000000000000e+00
7.223846499635186991e-01 -1.187941666073014969e-03 0.000000000000000000e+00 2.859049505421342730e-01 4.613106595640853458e-01 0.000000000000000000e+00
7.242276427591999299e-01 -9.924569609236072454e-04 0.000000000000000000e+00 3.115042918382760484e-01 4.394916765145956417e-01 0.000000000000000000e+00
5.836790156896111137e-01 3.663134381494036196e-03 0.000000000000000000e+00 2.669833152119837627e-01 8.359545609992720117e-01 0.000000000000000000e+00
5.326482956335700791e-01 -1.745091064420808795e-03 0.000000000000000000e+00 6.904506129815624060e-02 1.017906619210957153e+00 0.000000000000000000e+00
5.457719483318936859e-01 1.554004764258342698e-03 0.000000000000000000e+00 -1.675026283059222743e-01 9.679201524490270714e-01 0.000000000000000000e+00
6.290656578990694303e-01 5.592643407159392580e-04 0.000000000000000000e+00 -3.193725891952182705e-01 6.902003880489067100e-01 0.000000000000000000e+00
8.506236123118882109e-01 4.218856146547605643e-04 0.000000000000000000e+00 2.542716867623308064e-01 1.259387437101631146e-01 0.000000000000000000e+00
8.176495761681059626e-01 -3.024873305935314380e-04 0.000000000000000000e+00 -2.116504245771242132e-01 2.737671957991492100e-01 0.000000000000000000e+00
8.525006406731502340e-01 -8.676078963704616370e-04 0.000000000000000000e+00 -1.005654133558879365e-01 2.616504097918800342e-01 0.000000000000000000e+00
8.235197845673608574e-01 -6.948985312791441590e-04 0.000000000000000000e+00 4.949794054460134041e-02 3.310304322949423894e-01 0.000000000000000000e+00
-1.000921712593549895e+00 -5.950583581641863320e-05 0.000000000000000000e+00 1.966461543346656460e-02 6.192219609142381176e-02 0.000000000000000000e+00
8.296547703956841380e-01 -3.026108601158891340e-04 0.000000000000000000e+00 -5.126343512156440740e-02 3.188837072077470580e-01 0.000000000000000000e+00
-1.378664213605372613e+00 5.953496426744191161e-04 0.000000000000000000e+00 -1.421128546271913651e-01 5.790621762709935449e-01 0.000000000000000000e+00
-1.504319963720892606e+00 -5.244183044794299697e-04 0.000000000000000000e+00 2.267816510216402043e-02 7.720549340621116752e-01 0.000000000000000000e+00
-1.278121841614022092e+00 1.407303397345557872e-03 0.000000000000000000e+00 1.752081047560748450e-01 4.145185756714265812e-01 0.000000000000000000e+00
-1.455502237462350745e+00 -2.143139939620473944e-03 0.000000000000000000e+00 -2.700841616130101458e-02 7.042456039510891497e-01 0.000000000000000000e+00
-1.238107297673146867e+00 1.346225804367124929e-03 0.000000000000000000e+00 -1.669146753340966516e-01 3.529284715634118941e-01 0.000000000000000000e+00
-1.443962202834866426e+00 -2.982222856706667063e-04 0.000000000000000000e+00 6.467366567686380630e-02 6.855863445941406953e-01 0.000000000000000000e+00
-1.688362049855894886e+00 2.206641571314812804e-03 0.000000000000000000e+00 1.283057388849502822e-01 1.011322462850567039e+00 0.000000000000000000e+00
-1.630659947306284385e+00 4.363856513689072340e-04 0.000000000000000000e+00 -1.581000531225230099e-01 9.298613777925828217e-01 0.000000000000000000e+00
-1.883116595842550645e+00 -2.037368209491626642e-03 0.000000000000000000e+00 6.140169656693229838e-02 1.268269586821408668e+00 0.000000000000000000e+00
-1.556427447976691969e+00 -3.302680739573210511e-03 0.000000000000000000e+00 2.252093610532419077e-01 8.129221401443238459e-01 0.000000000000000000e+00
-1.631964993143641518e+00 -2.440269900629829514e-03 0.000000000000000000e+00 -2.063128029117081708e-01 9.221462469507200055e-01 0.000000000000000000e+00
-1.899317840631359999e+00 -5.284822421456905617e-03 0.000000000000000000e+00 -4.365154029946832076e-02 1.289423640478255972e+00 0.000000000000000000e+00
-1.750254284311338004e+00 -9.112153595368915199e-04 0.000000000000000000e+00 1.396039053864563395e-01 1.091180470626382792e+00 0.000000000000000000e+00
-1.422951958724868682e+00 2.583170517222715262e-04 0.000000000000000000e+00 -2.445235340942606417e-01 6.120757620376779951e-01 0.000000000000000000e+00
-1.852165144085538229e+00 -3.267110831312806940e-03 0.000000000000000000e+00 -6.117180764894272760e-02 1.229096782644407249e+00 0.000000000000000000e+00
-1.676345601703583821e+00 3.248952302419848975e-03 0.000000000000000000e+00 1.583081000998244336e-01 9.910798150475645940e-01 0.000000000000000000e+00
-1.613547488320663525e+00 -3.431229518629751174e-03 0.000000000000000000e+00 -1.855196528775338582e-01 9.015109586043397183e-01 0.000000000000000000e+00
-1.835078619029383740e+00 5.721654123376209919e-03 0.000000000000000000e+00 4.683301817530156896e-02 1.208014515025323199e+00 0.000000000000000000e+00
-1.355110052072771243e+00 -2.373501537515869137e-03 0.000000000000000000e+00 2.444219444716048129e-01 5.065539018461726606e-01 0.000000000000000000e+00
-1.785593547335298403e+00 1.598825943001994099e-04 0.000000000000000000e+00 -9.835730693803802771e-02 1.141414752052902104e+00 0.000000000000000000e+00
-1.298946600289971443e+00 -1.407675427586990713e-03 0.000000000000000000e+00 -1.895909380366850028e-01 4.417648013400665707e-01 0.000000000000000000e+00
-1.452744291987998704e+00 3.152606250964800662e-03 0.000000000000000000e+00 -1.189036661993324029e-01 6.907574958644422392e-01 0.000000000000000000e+00
-1.536548685088447996e+00 -3.405503374035560166e-03 0.000000000000000000e+00 -1.494338286472917353e-02 8.163846772375464855e-01 0.000000000000000000e+00
-1.483086196114697053e+00 2.924866152849613099e-03 0.000000000000000000e+00 9.901763056266839336e-02 7.364705655076310142e-01 0.000000000000000000e+00
-1.315992504613671565e+00 -1.732851073370365869e-03 0.000000000000000000e+00 1.803608321453810392e-01 4.724394503653011612e-01 0.000000000000000000e+00
1.010718875061793032e+00 8.355206573593849939e-04 0.000000000000000000e+00 -3.895112480821581735e-02 2.002571481646130969e-01 0.000000000000000000e+00
-1.078430695656550142e+00 -9.708868975674483318e-05 0.000000000000000000e+00 1.012837257493068854e-01 1.071870124778974698e-01 0.000000000000000000e+00
-1.089657584348882269e+00 -4.986841003448748769e-04 0.000000000000000000e+00 -1.024613605774046671e-01 1.283680625761864924e-01 0.000000000000000000e+00
1.001294895512415462e+00 -3.278424025152042827e-04 0.000000000000000000e+00 -1.280820888904845578e-01 3.502483273191764335e-01 0.000000000000000000e+00
8.653048817303838902e-01 9.060386508111316177e-04 0.000000000000000000e+00 4.482049742985388247e-02 2.532667331571887281e-01 0.000000000000000000e+00
7.724758789053134400e-01 -1.974691161475746609e-03 0.000000000000000000e+00 5.581358379000276454e-02 4.327393083173168287e-01 0.000000000000000000e+00
8.222475622294811437e-01 -2.688853192840314626e-04 0.000000000000000000e+00 -8.729429312569074451e-02 3.256642659988991384e-01 0.000000000000000000e+00
-1.156458885637015488e+00 2.097295198102431049e-04 0.000000000000000000e+00 -1.230049993588163415e-01 2.363191041135587200e-01 0.000000000000000000e+00
-1.123529406729911750e+00 -4.033878174338340061e-04 0.000000000000000000e+00 1.049723599364702498e-01 1.886173736317565686e-01 0.000000000000000000e+00
-1.192710805274113106e+00 1.379180389959962574e-03 0.000000000000000000e+00 -9.850658961275748915e-02 3.063684505096614386e-01 0.000000000000000000e+00
-1.174895842163302451e+00 -9.368010543402763290e-04 0.000000000000000000e+00 1.068004325386818359e-01 2.746094705187090979e-01 0.000000000000000000e+00
-1.107372340455059945e+00 -2.842180247891352984e-04 0.000000000000000000e+00 1.079562072089245706e-01 1.577154937701188420e-01 0.000000000000000000e+00
-1.055265917778632101e+00 -8.738422955603024692e-05 0.000000000000000000e+00 -9.796946579609872030e-02 5.866852258455656360e-02 0.000000000000000000e+00
-1.189335533474123130e+00 1.457327293872059948e-03 0.000000000000000000e+00 -9.703837879693616442e-02 3.014440672705209767e-01 0.000000000000000000e+00
-1.132208952731974971e+00 5.874216247388729106e-04 0.000000000000000000e+00 1.156832490721602380e-01 1.978456970039414453e-01 0.000000000000000000e+00
-1.166528327423954625e+00 9.988006196589016561e-04 0.000000000000000000e+00 1.016704401600103252e-01 2.628703813655011712e-01 0.000000000000000000e+00
-1.144505085205078654e+00 1.034034927359143985e-03 0.000000000000000000e+00 -1.057475213199114694e-01 2.244019845101702382e-01 0.000000000000000000e+00
-1.155662760513734177e+00 6.587115532990814402e-04 0.000000000000000000e+00 -1.113369030232660151e-01 2.406914549258224734e-01 0.000000000000000000e+00
-1.181446774099713881e+00 -3.324612180024902330e-04 0.000000000000000000e+00 1.020443409348489039e-01 2.870525853794704263e-01 0.000000000000000000e+00
-1.091717332914141414e+00 -2.951138375840286696e-04 0.000000000000000000e+00 1.075941926893819178e-01 1.281786795008197921e-01 0.000000000000000000e+00
-1.080227611975546065e+00 -4.416239617485054163e-04 0.000000000000000000e+00 -1.059596053450844733e-01 1.063652265832378402e-01 0.000000000000000000e+00
-1.183666603874543366e+00 1.139583753150706300e-04 0.000000000000000000e+00 -1.004097537614497826e-01 2.912129404272272293e-01 0.000000000000000000e+00
-1.142660542046793237e+00 -6.209643540891849472e-04 0.000000000000000000e+00 1.139038954545045779e-01 2.171800405616772789e-01 0.000000000000000000e+00
-1.157428107049271349e+00 -7.431525752594463768e-04 0.000000000000000000e+00 1.035424184259329250e-01 2.470845937092224220e-01 0.000000000000000000e+00
-1.152302858259058871e+00 5.217347284203147778e-04 0.000000000000000000e+00 -1.046549822636751170e-01 2.380510955960092323e-01 0.000000000000000000e+00
-1.147433234651996425e+00 2.718048255394688723e-04 0.000000000000000000e+00 -1.130706588750630404e-01 2.258417018302213974e-01 0.000000000000000000e+00
-1.181938323327916374e+00 -9.092910076284796677e-04 0.000000000000000000e+00 1.012062175761440364e-01 2.881450311917490015e-01 0.000000000000000000e+00
-1.088122644655197035e+00 2.302234673826298803e-04 0.000000000000000000e+00 1.073218269673344161e-01 1.212681306995604946e-01 0.000000000000000000e+00
-1.084070746642469052e+00 -1.711248953760744276e-04 0.000000000000000000e+00 -1.067107000369180159e-01 1.136074148195205247e-01 0.000000000000000000e+00
-1.182506138447741106e+00 2.626442765188783529e-04 0.000000000000000000e+00 -1.008428299389042548e-01 2.891895983329239028e-01 0.000000000000000000e+00
-1.142416150799263619e+00 -3.617474240165396981e-06 0.000000000000000000e+00 1.139821677528382315e-01 2.167150899512724771e-01 0.000000000000000000e+00
-1.156103739043239820e+00 7.710324813568168734e-04 0.000000000000000000e+00 1.042713254907004783e-01 2.445718244384336715e-01 0.000000000000000000e+00
-1.151391944699688086e+00 -7.115128069822432635e-04 0.000000000000000000e+00 -1.051955745973034984e-01 2.362838869328079960e-01 0.000000000000000000e+00
-1.147488082728243430e+00 8.320450256847789633e-04 0.000000000000000000e+00 -1.128804488706497966e-01 2.260318003729777092e-01 0.000000000000000000e+00
-1.180448775071186507e+00 2.736395332188570895e-06 0.000000000000000000e+00 1.019897100262295297e-01 2.854556405015292730e-01 0.000000000000000000e+00
-1.091646943983499041e+00 -4.309040047692338019e-04 0.000000000000000000e+00 1.077609765344125226e-01 1.279010670392210225e-01 0.000000000000000000e+00
-1.080866163381329681e+00 -1.843662523425485932e-04 0.000000000000000000e+00 -1.062215250767901686e-01 1.074440643682153529e-01 0.000000000000000000e+00
-1.182249391789282233e+00 -4.644091508662889084e-05 0.000000000000000000e+00 -1.005828847969302692e-01 2.888656357294506205e-01 0.000000000000000000e+00
-1.135123091865643641e+00 -1.059956052811786981e-04 0.000000000000000000e+00 1.148820755924347126e-01 2.034687879594012927e-01 0.000000000000000000e+00
-1.161739753062412950e+00 -7.187589019251733324e-04 0.000000000000000000e+00 1.028401534438914550e-01 2.545213984054695011e-01 0.000000000000000000e+00
-1.143230784288285395e+00 -9.644579158491536214e-04 0.000000000000000000e+00 -1.068057777076960591e-01 2.217311781211700195e-01 0.000000000000000000e+00
-1.152965302306745876e+00 3.210707101098015954e-04 0.000000000000000000e+00 -1.115615618124936037e-01 2.360189541967305793e-01 0.000000000000000000e+00
-1.173897442777257494e+00 1.334743962465287370e-03 0.000000000000000000e+00 1.049918284425552517e-01 2.736740361930575238e-01 0.000000000000000000e+00
-1.106966075822686690e+00 -7.607316625005185878e-04 0.000000000000000000e+00 1.089349540571437347e-01 1.562884217995274827e-01 0.000000000000000000e+00
-1.058063169552892147e+00 -1.092102293360911261e-04 0.000000000000000000e+00 -9.963832109621299782e-02 6.334602731694705113e-02 0.000000000000000000e+00
-1.180356726109247578e+00 5.948471761118203499e-04 0.000000000000000000e+00 -9.941574751964084300e-02 2.862141646743835977e-01 0.000000000000000000e+00
-1.102012034990065725e+00 6.984703861330227720e-05 0.000000000000000000e+00 1.150418269316277053e-01 1.422621972516451561e-01 0.000000000000000000e+00
-1.073229752804058190e+00 3.371477896759961321e-04 0.000000000000000000e+00 -1.088208081629264967e-01 8.777665674700015075e-02 0.000000000000000000e+00
-1.175867105418618053e+00 -1.176750842775635582e-03 0.000000000000000000e+00 9.983789179622472310e-02 2.787956013143242928e-01 0.000000000000000000e+00
-1.118277340804544995e+00 2.449331717948943039e-04 0.000000000000000000e+00 -1.090699157690322024e-01 1.768847246413323970e-01 0.000000000000000000e+00
-1.168747154279281775e+00 9.840722962324247730e-04 0.000000000000000000e+00 -1.063724423863871282e-01 2.646683984286009039e-01 0.000000000000000000e+00
-1.157711287546854262e+00 -7.191842439451877171e-04 0.000000000000000000e+00 1.100630748378582935e-01 2.447270377860797375e-01 0.000000000000000000e+00
-1.135875832913975536e+00 8.607113522130943085e-04 0.000000000000000000e+00 1.079118592239125679e-01 2.085537720748685264e-01 0.000000000000000000e+00
-1.165477380827127707e+00 2.840720069146023680e-04 0.000000000000000000e+00 -1.022662320378698725e-01 2.609123908546263082e-01 0.000000000000000000e+00
-1.127199120788834108e+00 -7.778677198998738829e-04 0.000000000000000000e+00 -1.156581631041710828e-01 1.888993780026179126e-01 0.000000000000000000e+00
-1.181445820825392623e+00 6.179943541641424228e-04 0.000000000000000000e+00 1.006204416939882329e-01 2.875548144399728279e-01 0.000000000000000000e+00
