-1.139833686353154185e+00 4.128199454872319429e-04 0.000000000000000000e+00 -1.235161350281677173e-01 2.067910950696284778e-01 0.000000000000000000e+00
-1.118180123528562886e+00 9.399544554725396822e-05 0.000000000000000000e+00 1.055970965044739363e-01 1.787723547720166395e-01 0.000000000000000000e+00
-1.187743222949232180e+00 -3.440600234612921360e-04 0.000000000000000000e+00 -1.021460580874684887e-01 2.971676045993647541e-01 0.000000000000000000e+00
-1.188375551027009092e+00 1.127200730934963240e-03 0.000000000000000000e+00 1.020152481362169850e-01 2.982316727227433129e-01 0.000000000000000000e+00
-1.121164812161004276e+00 2.904218083180365451e-04 0.000000000000000000e+00 -1.050900224284746776e-01 1.843576130566556004e-01 0.000000000000000000e+00
-1.166395721008041786e+00 -9.315364225814647819e-04 0.000000000000000000e+00 1.219714673070866617e-01 2.538396975125367661e-01 0.000000000000000000e+00
8.960833272577264363e-01 2.233057224551156196e-04 0.000000000000000000e+00 -4.265765093187952328e-02 2.003240001463443276e-01 0.000000000000000000e+00
-1.405711278111247742e+00 -7.173815574903520675e-05 0.000000000000000000e+00 -4.637292873648241748e-04 6.347384550906858269e-01 0.000000000000000000e+00
8.313771724357973403e-01 4.290999561705434104e-04 0.000000000000000000e+00 -1.569829151540914902e-02 3.193026628490484020e-01 0.000000000000000000e+00
8.401232190193472782e-01 -8.618890165166242373e-04 0.000000000000000000e+00 -6.104961595711302230e-03 3.031396328747151814e-01 0.000000000000000000e+00
8.402150230195624125e-01 -1.295171933334064024e-03 0.000000000000000000e+00 5.882373688864622752e-02 2.972640967023518765e-01 0.000000000000000000e+00
9.250836049320674270e-01 -2.042820314290998487e-04 0.000000000000000000e+00 1.357214642117307302e-01 8.941827414609332392e-02 0.000000000000000000e+00
9.872886504286153553e-01 1.816780395758960586e-05 0.000000000000000000e+00 -1.868373168192546951e-01 4.927468917102847956e-02 0.000000000000000000e+00
8.659975451722212725e-01 -6.284261469791958127e-04 0.000000000000000000e+00 1.590801683885491400e-03 2.559432206921560260e-01 0.000000000000000000e+00
9.363212701635861279e-01 -1.783484031405985887e-04 0.000000000000000000e+00 1.215164393856969227e-01 8.736431328641908189e-02 0.000000000000000000e+00
9.438608165352282420e-01 -3.094470155532021930e-05 0.000000000000000000e+00 -1.185302729466140015e-01 7.978646649344224573e-02 0.000000000000000000e+00
8.688494335629348697e-01 -9.228470891304713097e-04 0.000000000000000000e+00 2.261655935221240296e-02 2.498770791928947022e-01 0.000000000000000000e+00
8.119594068411042365e-01 -1.251138518640876936e-03 0.000000000000000000e+00 6.466194489593921069e-02 3.511931499867607109e-01 0.000000000000000000e+00
8.082659902894173687e-01 -1.198200627259414508e-03 0.000000000000000000e+00 1.079860603723003382e-01 3.479608463879738101e-01 0.000000000000000000e+00
8.281159096860486457e-01 7.092729093104918614e-04 0.000000000000000000e+00 1.627965561841099307e-01 2.823218205758104560e-01 0.000000000000000000e+00
6.308980127370187319e-01 3.039974992604933118e-03 0.000000000000000000e+00 -1.519404062975484304e-01 7.404930101445533763e-01 0.000000000000000000e+00
-9.689686803828050365e-01 -2.308438929484281973e-05 0.000000000000000000e+00 -3.998534200568232971e-02 7.466699796445006032e-02 0.000000000000000000e+00
6.351663965417067015e-01 3.063124854802386828e-04 0.000000000000000000e+00 1.608609876329503141e-01 7.278076536012525466e-01 0.000000000000000000e+00
8.040593697212858881e-01 4.977495101788111109e-04 0.000000000000000000e+00 -1.958327115412792918e-01 3.170099893722028161e-01 0.000000000000000000e+00
7.022796162809549214e-01 -8.138121512070678291e-04 0.000000000000000000e+00 -6.440386071694556569e-02 5.838069781331651775e-01 0.000000000000000000e+00
7.274442638812740336e-01 -1.867804707549700072e-03 0.000000000000000000e+00 1.384421872415191324e-01 5.133122409432315791e-01 0.000000000000000000e+00
8.307332477200581877e-01 4.594506337740281859e-04 0.000000000000000000e+00 1.999735189123477697e-01 2.509896203637770884e-01 0.000000000000000000e+00
8.153841150281868622e-01 5.075654266160547351e-04 0.000000000000000000e+00 -2.537842926821606282e-01 2.416426992108873795e-01 0.000000000000000000e+00
6.232454755147635028e-01 3.023496922537408094e-03 0.000000000000000000e+00 -1.477051590732879061e-01 7.608283882257855790e-01 0.000000000000000000e+00
-9.681236714401113552e-01 1.793732083305605175e-04 0.000000000000000000e+00 4.006155489292852201e-02 7.572510998040143937e-02 0.000000000000000000e+00
6.213846452285147759e-01 3.117155247523407079e-03 0.000000000000000000e+00 1.332364586873166501e-01 7.682448915709199078e-01 0.000000000000000000e+00
7.981643809437239945e-01 -4.292192252475669073e-04 0.000000000000000000e+00 2.613344421806199636e-01 2.817796876807996398e-01 0.000000000000000000e+00
8.214536337253661724e-01 7.264512673915187856e-04 0.000000000000000000e+00 -2.883671997761557693e-01 1.776068427703416663e-01 0.000000000000000000e+00
5.624641783613685275e-01 1.394274158327803159e-03 0.000000000000000000e+00 2.653498338705660431e-01 8.969087354420942626e-01 0.000000000000000000e+00
5.190946798360853709e-01 -3.301609531792502883e-03 0.000000000000000000e+00 -4.145101726450295399e-02 1.059594994882509855e+00 0.000000000000000000e+00
5.958894744495557561e-01 2.399248271857747777e-03 0.000000000000000000e+00 -3.210979861904423860e-01 7.818735894844256462e-01 0.000000000000000000e+00
7.178346184565764787e-01 2.076829859242058235e-03 0.000000000000000000e+00 3.495300805319482285e-01 4.281622546404564855e-01 0.000000000000000000e+00
4.933799917782407674e-01 -3.267577105429775829e-03 0.000000000000000000e+00 6.294401631931931251e-02 1.137940111854555347e+00 0.000000000000000000e+00
6.138538539516604775e-01 2.813853149153612912e-03 0.000000000000000000e+00 -3.806643854452754772e-01 7.022777718312833706e-01 0.000000000000000000e+00
5.518646191759877251e-01 6.673367722586608097e-04 0.000000000000000000e+00 3.086262891575992651e-01 9.143273789966462894e-01 0.000000000000000000e+00
5.092328736159871250e-01 -1.797359427941699114e-03 0.000000000000000000e+00 -1.640447179059058014e-01 1.077938066086975955e+00 0.000000000000000000e+00
7.756609226447732652e-01 3.142245980653340107e-04 0.000000000000000000e+00 3.372065242057098455e-01 2.664624812736638426e-01 0.000000000000000000e+00
7.819407729833141030e-01 1.794549877057820784e-04 0.000000000000000000e+00 -3.371407020235567265e-01 2.453379533851153815e-01 0.000000000000000000e+00
4.933412331393649541e-01 3.270198435922157948e-03 0.000000000000000000e+00 1.033144482159411848e-01 1.135112299353767451e+00 0.000000000000000000e+00
6.007557672018238870e-01 -3.665557767532155731e-03 0.000000000000000000e+00 -3.748461755070450763e-01 7.433585127548645310e-01 0.000000000000000000e+00
5.412808505136119663e-01 -3.252114363504374564e-03 0.000000000000000000e+00 3.088313610253012875e-01 9.460401335752659513e-01 0.000000000000000000e+00
5.116784224718521346e-01 1.717639531516274541e-03 0.000000000000000000e+00 -2.135270092679821263e-01 1.061618685055327527e+00 0.000000000000000000e+00
6.753418576512755234e-01 -9.532874569007643295e-04 0.000000000000000000e+00 3.925459548442170599e-01 5.168790482914104034e-01 0.000000000000000000e+00
4.773112982208198019e-01 1.003292861890452484e-03 0.000000000000000000e+00 -8.831019077028845476e-02 1.188175057958741565e+00 0.000000000000000000e+00
6.790618728569481899e-01 -1.934144301377902289e-03 0.000000000000000000e+00 4.114243426212015331e-01 4.907408914841538405e-01 0.000000000000000000e+00
4.700076809961364344e-01 -5.337722722922039545e-03 0.000000000000000000e+00 -2.044309377198871847e-01 1.198173696551560807e+00 0.000000000000000000e+00
5.178750136763259349e-01 1.839810247948334490e-03 0.000000000000000000e+00 3.760908654445689336e-01 9.954449159054140628e-01 0.000000000000000000e+00
5.441543075678196839e-01 -3.496862750067554829e-03 0.000000000000000000e+00 -4.080054857648852673e-01 8.986416901368855514e-01 0.000000000000000000e+00
4.627899640777702883e-01 -3.352000739859124431e-03 0.000000000000000000e+00 1.605601409804078283e-01 1.229335420332128948e+00 0.000000000000000000e+00
8.744924052870656217e-01 -4.098994126911446043e-05 0.000000000000000000e+00 2.400199821438893100e-01 2.189884284558813593e-02 0.000000000000000000e+00
7.370565665835759894e-01 -1.524703098055085401e-04 0.000000000000000000e+00 -3.675671986414291714e-01 3.547862890962363847e-01 0.000000000000000000e+00
5.000179775635209545e-01 -2.020105402878417597e-03 0.000000000000000000e+00 1.534746127588189624e-01 1.108264790341137562e+00 0.000000000000000000e+00
5.688078137454342098e-01 2.343639521319553290e-03 0.000000000000000000e+00 -3.533769775519789436e-01 8.470912870795379579e-01 0.000000000000000000e+00
5.660692583602254802e-01 3.165306176162140106e-03 0.000000000000000000e+00 3.415081451161686710e-01 8.600380813644378231e-01 0.000000000000000000e+00
5.020516706246862526e-01 -8.743929333401125395e-04 0.000000000000000000e+00 -1.596415068559716433e-01 1.101003688973419159e+00 0.000000000000000000e+00
7.280656154546816250e-01 1.329459960249483076e-03 0.000000000000000000e+00 3.718416773063582537e-01 3.781080541191452760e-01 0.000000000000000000e+00
4.653599894607498011e-01 -4.390691032988367631e-03 0.000000000000000000e+00 -1.489323334690958456e-01 1.222032028687472849e+00 0.000000000000000000e+00
5.483536021294630469e-01 -3.299339102693799736e-04 0.000000000000000000e+00 4.148297275566318332e-01 8.823215634806784724e-01 0.000000000000000000e+00
5.113943556834783521e-01 1.759208429034134560e-03 0.000000000000000000e+00 -3.668125148575872574e-01 1.019798405862057278e+00 0.000000000000000000e+00
4.753247994675826593e-01 5.748795503350639935e-03 0.000000000000000000e+00 2.275567593724012738e-01 1.176063280324888716e+00 0.000000000000000000e+00
6.506826525264177707e-01 -2.397051915722649054e-03 0.000000000000000000e+00 -4.227535095394217013e-01 5.673287182911886939e-01 0.000000000000000000e+00
4.707590437753415014e-01 2.393954335535582179e-03 0.000000000000000000e+00 7.397207524645699195e-02 1.210802731930311626e+00 0.000000000000000000e+00
7.313528946768886874e-01 -5.409828746464780385e-04 0.000000000000000000e+00 -3.592377407752358476e-01 3.803448265580760546e-01 0.000000000000000000e+00
5.344745415689899914e-01 1.019108427762127275e-04 0.000000000000000000e+00 2.404664997277521921e-01 9.860252076762778817e-01 0.000000000000000000e+00
5.213270418183071353e-01 1.290285307237930366e-03 0.000000000000000000e+00 -1.901793688297375162e-01 1.036443742345940056e+00 0.000000000000000000e+00
8.331257873642240463e-01 2.231390969850040318e-04 0.000000000000000000e+00 2.824437561393696727e-01 1.425505338955144197e-01 0.000000000000000000e+00
7.865412862109788517e-01 -1.402901424952954570e-03 0.000000000000000000e+00 -2.833172202682399665e-01 2.930777775188242451e-01 0.000000000000000000e+00
6.955300729279586536e-01 8.367136256830550595e-04 0.000000000000000000e+00 -2.777722288453425281e-01 5.347671653023524652e-01 0.000000000000000000e+00
6.097702035339729321e-01 5.468178386385412135e-04 0.000000000000000000e+00 -1.472551866222595041e-01 7.957433891141179050e-01 0.000000000000000000e+00
5.954466321732034828e-01 3.200584092637249242e-03 0.000000000000000000e+00 5.568415684867324827e-02 8.445463530400885155e-01 0.000000000000000000e+00
6.473509854621057880e-01 4.428030311095735444e-04 0.000000000000000000e+00 2.341743330745179874e-01 6.761734123189988566e-01 0.000000000000000000e+00
7.741246143326008244e-01 5.379006235459371163e-04 0.000000000000000000e+00 2.812736392864377266e-01 3.291146540099262885e-01 0.000000000000000000e+00
5.469117989796521417e-01 -4.192747618366010447e-03 0.000000000000000000e+00 2.395695776731206483e-01 9.492512674704038922e-01 0.000000000000000000e+00
5.207042052855411773e-01 4.662928983971473956e-03 0.000000000000000000e+00 -1.030287854479199350e-01 1.050509150743318632e+00 0.000000000000000000e+00
6.284856320516611916e-01 3.083226706345598006e-03 0.000000000000000000e+00 -3.457270939840147439e-01 6.789819084748345279e-01 0.000000000000000000e+00
6.745610095324579003e-01 2.047908512453581933e-03 0.000000000000000000e+00 3.537372112752564801e-01 5.463386506059701997e-01 0.000000000000000000e+00
5.153588497898338172e-01 2.201320240967618788e-03 0.000000000000000000e+00 1.132179915756397620e-01 1.065693368078009406e+00 0.000000000000000000e+00
5.505249837013876935e-01 2.589922046894711782e-03 0.000000000000000000e+00 -2.735999859667994638e-01 9.293438894642432890e-01 0.000000000000000000e+00
7.226815462098958864e-01 8.427399864646039143e-04 0.000000000000000000e+00 3.588139372557459517e-01 4.063178223334371064e-01 0.000000000000000000e+00
4.773330001455343696e-01 5.697012142969599263e-03 0.000000000000000000e+00 -3.688160887650748093e-02 1.190701711765899340e+00 0.000000000000000000e+00
7.785420443607873331e-01 -5.670149247553727713e-04 0.000000000000000000e+00 3.462657096693784187e-01 2.445011496670054796e-01 0.000000000000000000e+00
7.705186948532558588e-01 -6.751054462513284872e-04 0.000000000000000000e+00 -3.472409216177567148e-01 2.708097628226108777e-01 0.000000000000000000e+00
4.906210295816657019e-01 2.969538775378624887e-03 0.000000000000000000e+00 9.670060642435915343e-02 1.144367495994119466e+00 0.000000000000000000e+00
6.088686762316051215e-01 1.913244505780868285e-03 0.000000000000000000e+00 -3.876407797619607076e-01 7.130148617023898128e-01 0.000000000000000000e+00
5.337234523649010409e-01 1.389158837839530973e-03 0.000000000000000000e+00 2.852892862135349983e-01 9.762857670679747635e-01 0.000000000000000000e+00
5.167814518599314066e-01 4.764663534064718375e-03 0.000000000000000000e+00 -2.443092136562289296e-01 1.039010452650834582e+00 0.000000000000000000e+00
6.472297298962630396e-01 -2.594436974673649393e-04 0.000000000000000000e+00 3.953053433874837430e-01 5.968401007296413319e-01 0.000000000000000000e+00
4.831734088958454798e-01 6.399816507862525483e-05 0.000000000000000000e+00 -8.174885128593087358e-02 1.169519322607200706e+00 0.000000000000000000e+00
7.360316074845232315e-01 -5.942734219233549581e-04 0.000000000000000000e+00 3.762270775574106940e-01 3.488461514555661891e-01 0.000000000000000000e+00
8.368034675586899507e-01 -2.744058077395068176e-04 0.000000000000000000e+00 -2.945160560313487830e-01 9.492800221455385823e-02 0.000000000000000000e+00
4.618545759859873368e-01 -5.038905149177034214e-03 0.000000000000000000e+00 -1.920962482608304378e-01 1.227965102639660522e+00 0.000000000000000000e+00
5.058199302393329155e-01 1.324170413552479969e-03 0.000000000000000000e+00 3.715567639798772470e-01 1.036270267694394454e+00 0.000000000000000000e+00
5.638924019018243250e-01 1.036396405200573807e-03 0.000000000000000000e+00 -4.403469967720782252e-01 8.207361221064046752e-01 0.000000000000000000e+00
4.530475407265382448e-01 -4.125634290906180640e-03 0.000000000000000000e+00 8.139687621113676774e-02 1.270500002827268382e+00 0.000000000000000000e+00
6.680868768148646719e-01 2.004532093818520502e-03 0.000000000000000000e+00 4.370954816457341963e-01 5.025517673881747527e-01 0.000000000000000000e+00
4.734073797759004165e-01 3.526416154737505027e-03 0.000000000000000000e+00 -3.529187496422486747e-01 1.151412113639619594e+00 0.000000000000000000e+00
4.422567500007044128e-01 -4.247921369820128502e-03 0.000000000000000000e+00 1.836746118255261628e-01 1.298027743860731276e+00 0.000000000000000000e+00
6.317925934336412475e-01 -5.628124614321192848e-04 0.000000000000000000e+00 4.727171221946767088e-01 5.870822709789365046e-01 0.000000000000000000e+00
4.935793928605279879e-01 -3.096422898188570111e-03 0.000000000000000000e+00 -4.273481555660751940e-01 1.055889344470154478e+00 0.000000000000000000e+00
4.235343479223845353e-01 2.786667813892566674e-03 0.000000000000000000e+00 -2.492393151725254621e-03 1.379105044989874962e+00 0.000000000000000000e+00
4.919599057626287131e-01 -4.338893787262956131e-03 0.000000000000000000e+00 4.404799408398353266e-01 1.056009444233954930e+00 0.000000000000000000e+00
6.273848662681924537e-01 1.544202636444612885e-03 0.000000000000000000e+00 -4.757442845429870060e-01 5.987007450433137201e-01 0.000000000000000000e+00
4.426421026313761553e-01 -2.770301634258029097e-03 0.000000000000000000e+00 -1.730416653624253509e-01 1.298150048241871968e+00 0.000000000000000000e+00
4.730650242872895817e-01 3.543620455821756138e-04 0.000000000000000000e+00 3.449462113334619273e-01 1.155052262170469746e+00 0.000000000000000000e+00
6.725431078699599663e-01 1.580714613465584312e-03 0.000000000000000000e+00 -4.366042171091324420e-01 4.890457428952142416e-01 0.000000000000000000e+00
4.542165238638677938e-01 2.947254345718304525e-03 0.000000000000000000e+00 -7.855888983587382135e-02 1.266660664412726733e+00 0.000000000000000000e+00
5.681905016566646260e-01 -2.832388346365238493e-03 0.000000000000000000e+00 4.430649052333459625e-01 8.057633686733065570e-01 0.000000000000000000e+00
5.001261009245701050e-01 5.069283233280501635e-03 0.000000000000000000e+00 -3.697795420656706522e-01 1.055562599059952866e+00 0.000000000000000000e+00
4.646746622190965903e-01 3.108515931438922582e-03 0.000000000000000000e+00 2.115406813767332084e-01 1.215147510647354823e+00 0.000000000000000000e+00
7.134200183988823607e-01 5.020361454480502805e-04 0.000000000000000000e+00 -3.906951676501931869e-01 4.046592863196887824e-01 0.000000000000000000e+00
4.819521657340861687e-01 -2.539311054523228639e-03 0.000000000000000000e+00 9.223046240110213678e-02 1.172686264386448851e+00 0.000000000000000000e+00
6.500380846289535164e-01 -2.018649353038613065e-03 0.000000000000000000e+00 -3.947775127755774327e-01 5.890177074575581040e-01 0.000000000000000000e+00
5.142397714640543072e-01 -1.127931799019977338e-03 0.000000000000000000e+00 2.320927031642357474e-01 1.049748614324000906e+00 0.000000000000000000e+00
5.365770084387375682e-01 3.721288295612851585e-03 0.000000000000000000e+00 -3.048085420809512058e-01 9.616199364265956007e-01 0.000000000000000000e+00
5.955660190728457870e-01 -1.422490612078119304e-04 0.000000000000000000e+00 3.796322047899401975e-01 7.561611905244292053e-01 0.000000000000000000e+00
4.928137812134519846e-01 -7.876085720553071753e-04 0.000000000000000000e+00 -1.207266001010689205e-01 1.135107703749557828e+00 0.000000000000000000e+00
7.418909879392767692e-01 7.803561651071287686e-04 0.000000000000000000e+00 3.672599034348727476e-01 3.400215966694432046e-01 0.000000000000000000e+00
8.348497847649636316e-01 -4.116902323343615312e-04 0.000000000000000000e+00 -2.958558147251666437e-01 1.025407293639965245e-01 0.000000000000000000e+00
4.623341115034154680e-01 -3.298501300220938945e-03 0.000000000000000000e+00 -1.605638361221601029e-01 1.230896253538893204e+00 0.000000000000000000e+00
5.309126295965349573e-01 -9.225527692196134472e-04 0.000000000000000000e+00 4.050204066557309690e-01 9.419829808770376900e-01 0.000000000000000000e+00
-9.439658130837351724e-01 -5.221165951028260534e-04 0.000000000000000000e+00 -2.404132443026237020e-02 1.159944541851943844e-01 0.000000000000000000e+00
5.270453088840449940e-01 2.509260045992712379e-03 0.000000000000000000e+00 -4.028524994789192126e-01 9.552778784574877946e-01 0.000000000000000000e+00
4.623329182197548626e-01 -1.430949722710462158e-03 0.000000000000000000e+00 1.743590615277232914e-01 1.229054957698378470e+00 0.000000000000000000e+00
8.706823454449419408e-01 1.397217043318424283e-05 0.000000000000000000e+00 2.460956000138038169e-01 2.798328239988261135e-02 0.000000000000000000e+00
7.341246176555205061e-01 1.147043876992938707e-03 0.000000000000000000e+00 -3.724567381935951493e-01 3.588236795068862062e-01 0.000000000000000000e+00
4.940062619918769160e-01 -3.261176782175136471e-03 0.000000000000000000e+00 1.344304847069999753e-01 1.129734075860784115e+00 0.000000000000000000e+00
5.894981038969824283e-01 -1.979949036849256230e-03 0.000000000000000000e+00 -3.722457217220453973e-01 7.775858144294135466e-01 0.000000000000000000e+00
5.412288770886525269e-01 -3.638105545583809018e-03 0.000000000000000000e+00 3.148528140464278424e-01 9.442068662769296239e-01 0.000000000000000000e+00
5.105653212515541828e-01 4.630391293269590230e-03 0.000000000000000000e+00 -2.238061677533781380e-01 1.062917392315991139e+00 0.000000000000000000e+00
6.609035590511151970e-01 2.728846410855453875e-03 0.000000000000000000e+00 3.938368232851051087e-01 5.580554269115527433e-01 0.000000000000000000e+00
4.797036974524803155e-01 3.534155855609687896e-03 0.000000000000000000e+00 -9.524463641512925793e-02 1.179759298703170423e+00 0.000000000000000000e+00
6.941237116336361757e-01 1.273908854683685615e-04 0.000000000000000000e+00 4.016825176097219563e-01 4.534940331149061588e-01 0.000000000000000000e+00
4.667833472504793191e-01 1.938701261076481754e-03 0.000000000000000000e+00 -2.124761522999041585e-01 1.207806732918107695e+00 0.000000000000000000e+00
5.142551436452542646e-01 1.639418860850250584e-03 0.000000000000000000e+00 3.743127952057938579e-01 1.007797758646436392e+00 0.000000000000000000e+00
5.471357228518635152e-01 2.375937490315398366e-03 0.000000000000000000e+00 -4.231808114213644334e-01 8.821803566850543454e-01 0.000000000000000000e+00
4.605494168776717023e-01 4.452028775920822620e-03 0.000000000000000000e+00 1.277715973352405165e-01 1.240788373754784235e+00 0.000000000000000000e+00
7.720387424373363894e-01 -7.731702928335138381e-04 0.000000000000000000e+00 3.642300513594756151e-01 2.418765348242878366e-01 0.000000000000000000e+00
7.575241407760918699e-01 -3.860806138702933734e-04 0.000000000000000000e+00 -3.709515338306360599e-01 2.843389109034670792e-01 0.000000000000000000e+00
4.653086742161998135e-01 -1.346254897128217054e-04 0.000000000000000000e+00 -5.044040464577001504e-02 1.230279318338653560e+00 0.000000000000000000e+00
6.455976142263302187e-01 1.100237167987179292e-03 0.000000000000000000e+00 4.299693857462066893e-01 5.773243760267785518e-01 0.000000000000000000e+00
4.740682931269410427e-01 4.192233749825450065e-03 0.000000000000000000e+00 -2.669757632858959506e-01 1.172051598575038600e+00 0.000000000000000000e+00
4.935935552415893213e-01 -3.540636624585678099e-03 0.000000000000000000e+00 3.394148816463187224e-01 1.087276293570061725e+00 0.000000000000000000e+00
5.812524959126540436e-01 7.120137854756194984e-04 0.000000000000000000e+00 -4.392150378154164869e-01 7.672827446025074494e-01 0.000000000000000000e+00
4.585141527834795117e-01 1.317713468502235141e-03 0.000000000000000000e+00 7.987510211933826487e-02 1.251809766051446227e+00 0.000000000000000000e+00
7.128328824437907274e-01 -9.144259653267403781e-04 0.000000000000000000e+00 4.102832712162584050e-01 3.866888072343530602e-01 0.000000000000000000e+00
4.666751743285050269e-01 -3.508867363745579379e-03 0.000000000000000000e+00 -3.308617508673583618e-01 1.181240962172749320e+00 0.000000000000000000e+00
4.382042160910823991e-01 -9.713058935481699158e-04 0.000000000000000000e+00 1.760964567245026369e-01 1.313753957661405902e+00 0.000000000000000000e+00
6.054195355180691518e-01 1.423330613119557289e-03 0.000000000000000000e+00 4.821245457358884767e-01 6.638769945618124835e-01 0.000000000000000000e+00
5.046892533100391098e-01 1.167799389552538411e-04 0.000000000000000000e+00 -4.510886337687499692e-01 1.008053332706698502e+00 0.000000000000000000e+00
4.237458951161281462e-01 5.709348246044099531e-03 0.000000000000000000e+00 -4.467859375019893331e-02 1.377487262776769583e+00 0.000000000000000000e+00
4.849438483152090917e-01 5.032158384615815876e-03 0.000000000000000000e+00 4.059346936604656397e-01 1.093707036136912780e+00 0.000000000000000000e+00
6.582017408247606838e-01 7.046456730574147606e-04 0.000000000000000000e+00 -4.567697065507255738e-01 5.164835578973054897e-01 0.000000000000000000e+00
4.474258390115757322e-01 -3.077650880488946861e-03 0.000000000000000000e+00 -1.613099257356037097e-01 1.282635051416215255e+00 0.000000000000000000e+00
4.879174676391885290e-01 -5.293087962402680258e-03 0.000000000000000000e+00 3.783514903797927653e-01 1.093433005287471671e+00 0.000000000000000000e+00
6.102760753533846838e-01 -3.233661591159836448e-03 0.000000000000000000e+00 -4.558455889891831481e-01 6.670873808387167703e-01 0.000000000000000000e+00
4.471896837504731881e-01 -3.334291324847948532e-03 0.000000000000000000e+00 -3.808461686553740039e-02 1.292993885999937476e+00 0.000000000000000000e+00
5.582309718232554285e-01 -1.626313187645508180e-03 0.000000000000000000e+00 4.483024802087979266e-01 8.343247188499341993e-01 0.000000000000000000e+00
5.105269443249100814e-01 3.477220613031610334e-03 0.000000000000000000e+00 -4.050260711045114981e-01 1.008067059040641533e+00 0.000000000000000000e+00
4.495755227482529648e-01 -2.503694185908651205e-03 0.000000000000000000e+00 1.433744104177966383e-01 1.277201446108584548e+00 0.000000000000000000e+00
6.702312123689357914e-01 -1.897970029185312713e-03 0.000000000000000000e+00 4.466606184363075549e-01 4.872572915981591701e-01 0.000000000000000000e+00
4.782041419159802631e-01 -1.477814601541785171e-03 0.000000000000000000e+00 -3.901899517605623702e-01 1.122688184427658831e+00 0.000000000000000000e+00
4.275908976279619855e-01 5.552850107542085280e-03 0.000000000000000000e+00 6.809749791005575981e-02 1.362276762384260653e+00 0.000000000000000000e+00
5.283857352153269460e-01 -1.554857566964589193e-03 0.000000000000000000e+00 4.734656750792676227e-01 9.178926792305717175e-01 0.000000000000000000e+00
5.643220259124617222e-01 -2.094888087651451680e-03 0.000000000000000000e+00 -4.827536760436411667e-01 7.951422072447582590e-01 0.000000000000000000e+00
4.317823110579190882e-01 2.836156917587880945e-03 0.000000000000000000e+00 -1.350186755724753773e-01 1.341932699885046487e+00 0.000000000000000000e+00
4.683995297632278509e-01 -4.126428515944117852e-03 0.000000000000000000e+00 3.677427053482211772e-01 1.164215861620878645e+00 0.000000000000000000e+00
6.981211943402085840e-01 2.060763625143692199e-03 0.000000000000000000e+00 -4.239248266005644084e-01 4.199858811985205387e-01 0.000000000000000000e+00
4.554693041365349138e-01 -2.553814887689508442e-03 0.000000000000000000e+00 -1.007963606941208734e-01 1.260763036876047849e+00 0.000000000000000000e+00
5.524480019604740555e-01 7.366896326278585261e-04 0.000000000000000000e+00 4.287863590813947856e-01 8.626956925569004841e-01 0.000000000000000000e+00
5.108589224396538064e-01 4.613162185301728467e-03 0.000000000000000000e+00 -3.891576422036449601e-01 1.013180511411802875e+00 0.000000000000000000e+00
4.603973170878439269e-01 -5.510496113454150732e-03 0.000000000000000000e+00 1.972240297990446867e-01 1.232147911294271703e+00 0.000000000000000000e+00
8.373461986445289718e-01 3.555067713276191337e-04 0.000000000000000000e+00 2.934764657436660373e-01 9.485086503849984862e-02 0.000000000000000000e+00
7.385464233979808224e-01 -7.063261459790129079e-04 0.000000000000000000e+00 -3.725671309285150112e-01 3.448442190052956602e-01 0.000000000000000000e+00
4.863941158914897311e-01 4.777116360186971916e-03 0.000000000000000000e+00 8.871000690826172375e-02 1.158527143517847691e+00 0.000000000000000000e+00
6.277398046816224930e-01 1.399258977618425895e-03 0.000000000000000000e+00 -3.956606026761967376e-01 6.533520281536278063e-01 0.000000000000000000e+00
5.202718320753245695e-01 -3.299629049690509189e-03 0.000000000000000000e+00 2.589550459583059849e-01 1.024673486656482169e+00 0.000000000000000000e+00
-9.396827284006677994e-01 -2.400508274879352769e-04 0.000000000000000000e+00 9.322431669075663396e-02 8.329433024603752345e-02 0.000000000000000000e+00
5.291120078626267986e-01 -7.766684268359315066e-05 0.000000000000000000e+00 -2.794940633844852362e-01 9.920310115130053230e-01 0.000000000000000000e+00
6.101596007011063083e-01 -5.625230711286989538e-04 0.000000000000000000e+00 3.887469490587390775e-01 7.086493159334139591e-01 0.000000000000000000e+00
4.889946393883785047e-01 5.613105397642086970e-03 0.000000000000000000e+00 -1.137530787764506890e-01 1.147938226116137272e+00 0.000000000000000000e+00
7.439066779483377578e-01 -6.277019728344848844e-04 0.000000000000000000e+00 3.678810664614037274e-01 3.329734223118752112e-01 0.000000000000000000e+00
8.187112974023813550e-01 -2.493206329966423307e-04 0.000000000000000000e+00 -3.154715244284461706e-01 1.371195039401846560e-01 0.000000000000000000e+00
4.620483655778908627e-01 -4.688455940260790461e-03 0.000000000000000000e+00 -1.537150613359422047e-01 1.232706599897861466e+00 0.000000000000000000e+00
5.314827807953690364e-01 -4.558876123432045735e-03 0.000000000000000000e+00 4.120575870784491945e-01 9.370402163029427633e-01 0.000000000000000000e+00
-9.413785914984569292e-01 2.542946127547004564e-04 0.000000000000000000e+00 -5.121095291709526487e-02 1.111779157385115041e-01 0.000000000000000000e+00
5.263116113322781064e-01 -6.485983449568497733e-04 0.000000000000000000e+00 -3.963443868564120454e-01 9.603662450475796142e-01 0.000000000000000000e+00
4.626934585363338126e-01 -1.585145629075381674e-03 0.000000000000000000e+00 1.790119679026297428e-01 1.227151846751526332e+00 0.000000000000000000e+00
7.299519012254342964e-01 1.524162265477978923e-03 0.000000000000000000e+00 -3.753963529455241477e-01 3.687613185312065833e-01 0.000000000000000000e+00
4.942557586900215849e-01 1.649549338251347225e-03 0.000000000000000000e+00 1.290730534517430528e-01 1.129592596865099052e+00 0.000000000000000000e+00
5.896931492896126947e-01 -7.542677733662194600e-04 0.000000000000000000e+00 -3.745740372359401271e-01 7.759041822870328398e-01 0.000000000000000000e+00
5.415860604787630095e-01 2.067529543208631096e-03 0.000000000000000000e+00 3.065629586664844197e-01 9.458769756568297105e-01 0.000000000000000000e+00
5.114977918375167576e-01 4.164532580288017594e-03 0.000000000000000000e+00 -2.281928507254084304e-01 1.059087716017549363e+00 0.000000000000000000e+00
6.516101284273885241e-01 -2.562107364677747735e-03 0.000000000000000000e+00 3.993281463090602168e-01 5.813456210209136943e-01 0.000000000000000000e+00
4.808332578569203819e-01 1.978708879429264683e-03 0.000000000000000000e+00 -9.378478100936726847e-02 1.176218606592350557e+00 0.000000000000000000e+00
7.017223979286315583e-01 9.380150405779268119e-04 0.000000000000000000e+00 3.968483347875728651e-01 4.347268635673403603e-01 0.000000000000000000e+00
4.671059354142434450e-01 -5.908229057395771380e-03 0.000000000000000000e+00 -2.028073182284571563e-01 1.208260276814920431e+00 0.000000000000000000e+00
5.112790567029916744e-01 3.345763860056167639e-03 0.000000000000000000e+00 3.686191110752393141e-01 1.019500873675977193e+00 0.000000000000000000e+00
5.522407886308976499e-01 3.963008448110406055e-03 0.000000000000000000e+00 -4.317122937210496891e-01 8.618464722791487898e-01 0.000000000000000000e+00
4.578289107216180209e-01 -1.466871977263948384e-03 0.000000000000000000e+00 1.178089128500967586e-01 1.251167070236472778e+00 0.000000000000000000e+00
7.336796132986408425e-01 -2.398050137334068257e-04 0.000000000000000000e+00 3.970470423010360461e-01 3.329181091687829497e-01 0.000000000000000000e+00
7.929656739814785471e-01 1.763552890744471066e-04 0.000000000000000000e+00 -3.526147890773244642e-01 1.773666277411560244e-01 0.000000000000000000e+00
4.599816869524110952e-01 1.812318602086481628e-03 0.000000000000000000e+00 -3.025777402431172325e-01 1.212168234704517511e+00 0.000000000000000000e+00
4.470363319409047520e-01 -4.504127563748402258e-03 0.000000000000000000e+00 2.361730190484955250e-01 1.272336612735657901e+00 0.000000000000000000e+00
6.743794686854807097e-01 8.018499305664041933e-04 0.000000000000000000e+00 4.537076102627124463e-01 4.672690185958048303e-01 0.000000000000000000e+00
4.861160763347256442e-01 3.675838050155050968e-04 0.000000000000000000e+00 -4.498100760741126081e-01 1.072413701079729442e+00 0.000000000000000000e+00
4.159155194961317026e-01 -7.513762882385187705e-04 0.000000000000000000e+00 -6.463540020598668168e-02 1.406327126471840883e+00 0.000000000000000000e+00
4.528573967134507106e-01 -2.001447074507865104e-04 0.000000000000000000e+00 3.650722695509620586e-01 1.220429231909400336e+00 0.000000000000000000e+00
6.685128244280099663e-01 -1.637951045838728983e-03 0.000000000000000000e+00 4.771921278876414263e-01 4.632239560233139541e-01 0.000000000000000000e+00
5.094387078163186144e-01 -3.588265662287544455e-04 0.000000000000000000e+00 -5.210350635778600026e-01 9.571508715875322038e-01 0.000000000000000000e+00
4.172487797236322238e-01 -2.357262432164828822e-04 0.000000000000000000e+00 -2.839939859605723482e-01 1.373730082798902519e+00 0.000000000000000000e+00
4.007689787046977981e-01 5.097659039584583919e-03 0.000000000000000000e+00 7.336081628394901244e-02 1.464614637952140530e+00 0.000000000000000000e+00
4.474327372739966835e-01 5.655508617418484457e-03 0.000000000000000000e+00 4.052484215831070324e-01 1.227499987496984968e+00 0.000000000000000000e+00
5.947305831102791540e-01 -8.304222962604388553e-04 0.000000000000000000e+00 5.331970986517200473e-01 6.598087494187770963e-01 0.000000000000000000e+00
-9.212774859946573081e-01 -6.656132756809035730e-05 0.000000000000000000e+00 -1.013698717953710748e-01 1.167579641860847506e-01 0.000000000000000000e+00
5.659913973931589570e-01 1.985512182680519190e-03 0.000000000000000000e+00 -5.451999875891198055e-01 7.480162364436366840e-01 0.000000000000000000e+00
4.387293832481511946e-01 -1.292867783957617200e-03 0.000000000000000000e+00 -4.013835690156924985e-01 1.261328359843732372e+00 0.000000000000000000e+00
3.980368151736942695e-01 -5.781770939852918893e-03 0.000000000000000000e+00 -6.922734180332125453e-02 1.475651947972568045e+00 0.000000000000000000e+00
4.137416471023216413e-01 5.171239954751627801e-03 0.000000000000000000e+00 2.642630747399377089e-01 1.391122314539841032e+00 0.000000000000000000e+00
4.929177308063176222e-01 -2.134661844201029765e-03 0.000000000000000000e+00 5.186578812832784990e-01 1.016551632083925405e+00 0.000000000000000000e+00
7.562470235944674934e-01 -2.087543222646828355e-04 0.000000000000000000e+00 4.115928539985831414e-01 2.270718405754723057e-01 0.000000000000000000e+00
7.138114785607161394e-01 -6.727617103659457726e-04 0.000000000000000000e+00 -4.488339832043334310e-01 3.375977284863126426e-01 0.000000000000000000e+00
4.691793897427671833e-01 5.130087961852991540e-03 0.000000000000000000e+00 -4.639003260498282821e-01 1.126517478358036284e+00 0.000000000000000000e+00
4.080925308551868746e-01 -1.355242074980408593e-03 0.000000000000000000e+00 -1.181782411323298310e-01 1.432992022877573213e+00 0.000000000000000000e+00
4.225783272539437307e-01 -2.063233939512432516e-03 0.000000000000000000e+00 2.822527632025182420e-01 1.353598582566684971e+00 0.000000000000000000e+00
5.306617710053114223e-01 -2.861915064983860772e-03 0.000000000000000000e+00 5.251810467724384868e-01 8.815158266810019239e-01 0.000000000000000000e+00
6.088651631170649559e-01 -8.357819314733960954e-04 0.000000000000000000e+00 -5.093152754750436273e-01 6.319064572467328889e-01 0.000000000000000000e+00
4.419204300151763354e-01 -3.380901086193846290e-03 0.000000000000000000e+00 -3.301869166609346928e-01 1.269984667059205652e+00 0.000000000000000000e+00
4.128325347020452840e-01 -4.609808788555574965e-04 0.000000000000000000e+00 8.626238248415686594e-02 1.416957210827944458e+00 0.000000000000000000e+00
4.800214548476084975e-01 -1.569204840081776971e-03 0.000000000000000000e+00 4.538373568024439142e-01 1.092094383801879953e+00 0.000000000000000000e+00
8.476720153377514944e-01 -1.416995272396726156e-04 0.000000000000000000e+00 2.860481232632741122e-01 4.247387929120573224e-02 0.000000000000000000e+00
7.035029483639827497e-01 -1.489735325510201103e-03 0.000000000000000000e+00 -4.358905974591310017e-01 3.895888328340527673e-01 0.000000000000000000e+00
4.522127762761612990e-01 -3.072438519256218137e-03 0.000000000000000000e+00 -2.608458902487904019e-01 1.249101643051048871e+00 0.000000000000000000e+00
4.499744493476693363e-01 -1.314345463320311554e-03 0.000000000000000000e+00 2.599162085456928062e-01 1.257277060198659591e+00 0.000000000000000000e+00
6.908007813831231747e-01 -6.173302322705007117e-04 0.000000000000000000e+00 4.460332360511691796e-01 4.210676250904871187e-01 0.000000000000000000e+00
4.837566191227435919e-01 1.047618264350279674e-03 0.000000000000000000e+00 -4.594006285839197234e-01 1.076610912169309486e+00 0.000000000000000000e+00
4.134830103127244971e-01 -2.756418888627223951e-03 0.000000000000000000e+00 -9.249762851570109135e-02 1.414034773826699620e+00 0.000000000000000000e+00
4.394771886661294480e-01 2.606917195134294402e-03 0.000000000000000000e+00 3.214017652272425640e-01 1.281242402866817454e+00 0.000000000000000000e+00
6.001322650720126717e-01 1.379334012387418637e-03 0.000000000000000000e+00 5.112768047566556007e-01 6.591415799740156789e-01 0.000000000000000000e+00
5.352016178230987187e-01 1.897428878534057617e-03 0.000000000000000000e+00 -5.227083090124168274e-01 8.675296874587656859e-01 0.000000000000000000e+00
4.235464848165294560e-01 1.705114160113120440e-03 0.000000000000000000e+00 -2.779890048880854225e-01 1.350799577378172689e+00 0.000000000000000000e+00
4.104141966216956483e-01 6.830277304572070739e-03 0.000000000000000000e+00 1.183315807817441612e-01 1.423755612052286068e+00 0.000000000000000000e+00
4.779213706474071399e-01 -7.573760271646287623e-04 0.000000000000000000e+00 4.655539229385384781e-01 1.094615718920222136e+00 0.000000000000000000e+00
7.593045317663575933e-01 6.257809748212985954e-04 0.000000000000000000e+00 4.025731340797331637e-01 2.300449508194878923e-01 0.000000000000000000e+00
7.230227720821924553e-01 -5.422021735675265457e-04 0.000000000000000000e+00 -4.332485515328555747e-01 3.245597908222406236e-01 0.000000000000000000e+00
4.630910605374201627e-01 -1.152380940877138077e-03 0.000000000000000000e+00 -3.948572655230356276e-01 1.174217102580932925e+00 0.000000000000000000e+00
4.149875943001193335e-01 6.937170762281167323e-03 0.000000000000000000e+00 8.008330201545437593e-03 1.411101348248071652e+00 0.000000000000000000e+00
4.748146126029956227e-01 4.842590730632828459e-03 0.000000000000000000e+00 4.157376126199155975e-01 1.125278192133402522e+00 0.000000000000000000e+00
7.981610523750620745e-01 1.593335027596382296e-04 0.000000000000000000e+00 3.536551748538278028e-01 1.504637901743764439e-01 0.000000000000000000e+00
7.154603862364237177e-01 4.240198348014079938e-04 0.000000000000000000e+00 -4.264592355669668544e-01 3.598206292980490884e-01 0.000000000000000000e+00
4.523919660785165053e-01 2.816670705087279646e-03 0.000000000000000000e+00 -2.662011970140751305e-01 1.247340445307269841e+00 0.000000000000000000e+00
4.537233313105777377e-01 -2.267444104040436392e-03 0.000000000000000000e+00 2.722775010425828590e-01 1.241320593682387230e+00 0.000000000000000000e+00
7.261312940895160439e-01 -6.066280824320799403e-04 0.000000000000000000e+00 4.179532780630729194e-01 3.332394198635574289e-01 0.000000000000000000e+00
7.768292465331481100e-01 -2.610001315478905834e-04 0.000000000000000000e+00 -3.769244378146036079e-01 2.014899312361327355e-01 0.000000000000000000e+00
4.665479634570902090e-01 1.311073401633415167e-03 0.000000000000000000e+00 -3.939593859428307532e-01 1.162223030614687236e+00 0.000000000000000000e+00
4.194757552116049615e-01 4.733884644486577656e-03 0.000000000000000000e+00 3.805783317005299871e-02 1.393725902022740160e+00 0.000000000000000000e+00
4.918092173217860075e-01 -2.184670153739886808e-03 0.000000000000000000e+00 4.506491550070522711e-01 1.052286291425625908e+00 0.000000000000000000e+00
6.455815738025898476e-01 -2.594655020309427282e-03 0.000000000000000000e+00 -4.683057502309340703e-01 5.467337097996725070e-01 0.000000000000000000e+00
4.441151688290468913e-01 -1.741815290358959822e-03 0.000000000000000000e+00 -2.094402628554585255e-01 1.287512714185824469e+00 0.000000000000000000e+00
4.591898072880882808e-01 -4.976959237123230323e-03 0.000000000000000000e+00 3.164791434646559987e-01 1.211323831916574001e+00 0.000000000000000000e+00
7.850857341026303837e-01 -8.585366391411219933e-04 0.000000000000000000e+00 3.622313703464780099e-01 1.933183462461421087e-01 0.000000000000000000e+00
7.340181249146471298e-01 4.966732711163114686e-04 0.000000000000000000e+00 -3.995815321536366760e-01 3.287246793563896041e-01 0.000000000000000000e+00
4.558826949155770913e-01 4.440929450145437996e-03 0.000000000000000000e+00 -1.518508504150030691e-01 1.254157515993746586e+00 0.000000000000000000e+00
5.300947419192336696e-01 4.510007997838951996e-03 0.000000000000000000e+00 4.032380990163398904e-01 9.453071785576701025e-01 0.000000000000000000e+00
-9.422488538852563655e-01 2.245636463914573930e-04 0.000000000000000000e+00 3.815860398534015596e-02 1.149207203839605201e-01 0.000000000000000000e+00
5.344648514102938730e-01 -1.657458379007726787e-03 0.000000000000000000e+00 -4.131710803387781406e-01 9.270656479468257771e-01 0.000000000000000000e+00
4.558008656832516214e-01 1.642057924335905278e-03 0.000000000000000000e+00 1.309074458137707286e-01 1.256863626681621771e+00 0.000000000000000000e+00
7.198531604616003055e-01 -2.694950576881245891e-04 0.000000000000000000e+00 4.099163263639828414e-01 3.641316078259637101e-01 0.000000000000000000e+00
8.226581981090758111e-01 8.216959466463176487e-05 0.000000000000000000e+00 -3.187437247923049499e-01 1.074622942866329811e-01 0.000000000000000000e+00
4.651063070835992908e-01 1.080578399829373176e-03 0.000000000000000000e+00 -3.543420327289734106e-01 1.179964543026288615e+00 0.000000000000000000e+00
4.316849811816695359e-01 3.382350715313902842e-03 0.000000000000000000e+00 1.313670925493626851e-01 1.342640341323975361e+00 0.000000000000000000e+00
5.631417972910177649e-01 3.226961850532087880e-03 0.000000000000000000e+00 4.829643695913634627e-01 7.988182730247732621e-01 0.000000000000000000e+00
-9.033163053661379394e-01 1.068956906633925787e-04 0.000000000000000000e+00 -1.757100139602966737e-01 5.867283777067745787e-02 0.000000000000000000e+00
5.314304795808889592e-01 1.263359407000442386e-03 0.000000000000000000e+00 -4.774283429960110015e-01 9.057291946179826247e-01 0.000000000000000000e+00
4.266240987018499187e-01 5.688101210920293478e-03 0.000000000000000000e+00 -1.022113756541274537e-01 1.363716089932773379e+00 0.000000000000000000e+00
4.733857198293325297e-01 5.392641181901143554e-03 0.000000000000000000e+00 3.715345644155007010e-01 1.145565588863739936e+00 0.000000000000000000e+00
6.969169347620063348e-01 1.115180699491632923e-03 0.000000000000000000e+00 -4.272732401039271988e-01 4.204870144121673481e-01 0.000000000000000000e+00
4.535376679291663882e-01 -1.108877947385228727e-03 0.000000000000000000e+00 -1.291622386287985813e-01 1.264898027070070929e+00 0.000000000000000000e+00
5.297586414811719102e-01 3.562817091391057289e-03 0.000000000000000000e+00 4.089635237353763664e-01 9.439461894194403069e-01 0.000000000000000000e+00
-9.413546527268168429e-01 -5.643828903104919879e-04 0.000000000000000000e+00 4.364765439647162737e-02 1.144152137640406797e-01 0.000000000000000000e+00
5.356263184520881904e-01 -1.118938658348333191e-03 0.000000000000000000e+00 -4.195900868014541540e-01 9.204658032848183069e-01 0.000000000000000000e+00
4.530056197049805444e-01 4.014769759657674936e-03 0.000000000000000000e+00 1.100783374649132312e-01 1.268492205673532158e+00 0.000000000000000000e+00
6.841967422748803651e-01 4.745685693175491320e-05 0.000000000000000000e+00 4.336327331028844156e-01 4.549939178419538655e-01 0.000000000000000000e+00
4.749679219095824800e-01 -4.429087536666152444e-03 0.000000000000000000e+00 -3.675290887315302846e-01 1.141408244841292996e+00 0.000000000000000000e+00
4.308313699784649398e-01 1.326043909165887380e-03 0.000000000000000000e+00 1.099347237550866718e-01 1.347732507355944964e+00 0.000000000000000000e+00
5.523228361312793044e-01 -5.095679529239886818e-04 0.000000000000000000e+00 4.826323662550486282e-01 8.341873639223984505e-01 0.000000000000000000e+00
-9.316694842236512564e-01 2.661998869902919285e-04 0.000000000000000000e+00 -8.050834883535029629e-02 1.116491585470353043e-01 0.000000000000000000e+00
5.384528624698476929e-01 -2.259804812147895615e-03 0.000000000000000000e+00 -4.724655591819946210e-01 8.851841468965899740e-01 0.000000000000000000e+00
4.283751422606826287e-01 3.470161482052540932e-03 0.000000000000000000e+00 -9.361297527985365519e-02 1.357949451847809241e+00 0.000000000000000000e+00
4.760439559820943689e-01 -3.918739223537227000e-03 0.000000000000000000e+00 3.939427260940862041e-01 1.128832000434041527e+00 0.000000000000000000e+00
6.695852438166185472e-01 1.397616990397260259e-03 0.000000000000000000e+00 -4.459350249442567971e-01 4.899847529429510740e-01 0.000000000000000000e+00
4.495276497285158324e-01 4.649537324974617122e-03 0.000000000000000000e+00 -1.401689696055933854e-01 1.277667137461155455e+00 0.000000000000000000e+00
5.144639587993449226e-01 -4.238174289991885474e-03 0.000000000000000000e+00 4.110477518529201957e-01 9.926548500818676013e-01 0.000000000000000000e+00
5.527308296917430308e-01 -5.883827360692170036e-04 0.000000000000000000e+00 -4.410499333549470213e-01 8.555987390614718802e-01 0.000000000000000000e+00
4.473312895888631457e-01 -5.960362366331403011e-03 0.000000000000000000e+00 6.724386900764312003e-02 1.291214494991673734e+00 0.000000000000000000e+00
6.196999216811459599e-01 7.673650557935489218e-04 0.000000000000000000e+00 4.576996129531499813e-01 6.365414254925516602e-01 0.000000000000000000e+00
4.857713133242260728e-01 1.782093038879372163e-03 0.000000000000000000e+00 -3.701477421366065612e-01 1.103593476626488545e+00 0.000000000000000000e+00
4.454889615435790873e-01 -6.145174099925557187e-05 0.000000000000000000e+00 1.653590351633321132e-01 1.289028999860682090e+00 0.000000000000000000e+00
6.484860826678650048e-01 9.585884534836219828e-04 0.000000000000000000e+00 4.611035303282464692e-01 5.436313959345278057e-01 0.000000000000000000e+00
4.859986086570281527e-01 -5.821349448656421011e-05 0.000000000000000000e+00 -4.165651374837776033e-01 1.086160120106834270e+00 0.000000000000000000e+00
4.245912127182935314e-01 -2.405197916215441600e-03 0.000000000000000000e+00 3.664885193194022256e-02 1.374699531347767012e+00 0.000000000000000000e+00
5.069163956824853656e-01 6.901996210664923526e-04 0.000000000000000000e+00 4.502645908220267446e-01 1.000894655378487874e+00 0.000000000000000000e+00
5.976894537545709429e-01 2.062865856077860174e-03 0.000000000000000000e+00 -4.866793644609414549e-01 6.853300073344847920e-01 0.000000000000000000e+00
4.375215379356594547e-01 1.116815946499044240e-03 0.000000000000000000e+00 -1.678675792233133290e-01 1.317304025123183564e+00 0.000000000000000000e+00
4.679934570366429680e-01 5.202582815598925936e-04 0.000000000000000000e+00 3.425043488798608649e-01 1.173366412723965801e+00 0.000000000000000000e+00
7.023784777436306026e-01 1.156117152502235575e-03 0.000000000000000000e+00 -4.176630621015920974e-01 4.126777684129172563e-01 0.000000000000000000e+00
4.575530083277197790e-01 -4.935550013041465831e-04 0.000000000000000000e+00 -7.854393272967211126e-02 1.255198610529686842e+00 0.000000000000000000e+00
5.808269691705535420e-01 2.144104185623663984e-03 0.000000000000000000e+00 4.366897425491145235e-01 7.700314870608675477e-01 0.000000000000000000e+00
4.969150119924657938e-01 -3.359784203720289110e-03 0.000000000000000000e+00 -3.360671940993902318e-01 1.077361298051007665e+00 0.000000000000000000e+00
4.721475639015711989e-01 -2.035038186418018473e-03 0.000000000000000000e+00 2.552824201802507131e-01 1.181203863418730959e+00 0.000000000000000000e+00
6.579512261974436171e-01 -9.601579919288187083e-04 0.000000000000000000e+00 -4.251288396174820461e-01 5.435879970144417150e-01 0.000000000000000000e+00
4.673375816588209997e-01 5.779845077263977803e-03 0.000000000000000000e+00 4.197039147549094795e-02 1.223664221020053233e+00 0.000000000000000000e+00
7.815329677335409730e-01 9.681530877959920733e-04 0.000000000000000000e+00 3.487844526462259842e-01 2.300212420989056483e-01 0.000000000000000000e+00
7.634862160058555336e-01 -5.417260236163694634e-04 0.000000000000000000e+00 -3.568313151686833828e-01 2.822140276842212692e-01 0.000000000000000000e+00
4.810980244201746858e-01 2.747419874626623806e-03 0.000000000000000000e+00 5.409518132443748295e-02 1.177838543834525797e+00 0.000000000000000000e+00
6.736047377389819957e-01 2.708957455553584991e-04 0.000000000000000000e+00 -3.877174010240715951e-01 5.255732016705072507e-01 0.000000000000000000e+00
5.235083947152279205e-01 2.001927762971983035e-03 0.000000000000000000e+00 2.358921321018368489e-01 1.020326837625692207e+00 0.000000000000000000e+00
-9.467504511275646184e-01 -2.002977265330887872e-04 0.000000000000000000e+00 6.591753193647691134e-02 9.343470304605883126e-02 0.000000000000000000e+00
5.288111570479262502e-01 -1.353880514067241914e-03 0.000000000000000000e+00 -2.549476223484543613e-01 9.995321882666502455e-01 0.000000000000000000e+00
6.570773998341932209e-01 1.402873462828871376e-03 0.000000000000000000e+00 3.877084376052069015e-01 5.733980175380863908e-01 0.000000000000000000e+00
4.851527669644844498e-01 -2.949316126721541250e-03 0.000000000000000000e+00 -4.705226617470414929e-02 1.165009577915042005e+00 0.000000000000000000e+00
8.516831178516546252e-01 1.074031591801749563e-04 0.000000000000000000e+00 2.674929688122781313e-01 8.870467885232105609e-02 0.000000000000000000e+00
7.624878668215353539e-01 9.679583927260492632e-04 0.000000000000000000e+00 -3.218337856490827154e-01 3.244871334346384750e-01 0.000000000000000000e+00
6.428837222468273271e-01 -1.220953205003174908e-04 0.000000000000000000e+00 3.314351093935308801e-01 6.464428949509584132e-01 0.000000000000000000e+00
5.415335936635526926e-01 -1.913720709473751280e-03 0.000000000000000000e+00 1.695326362460276293e-01 9.799032241207010774e-01 0.000000000000000000e+00
5.309019685056259874e-01 3.489918844313231149e-03 0.000000000000000000e+00 -1.004255832300352119e-01 1.020414102565342596e+00 0.000000000000000000e+00
6.014857306844714202e-01 2.338315264748936848e-03 0.000000000000000000e+00 -3.083612615380882938e-01 7.712862354150615829e-01 0.000000000000000000e+00
8.248900251514359461e-01 -3.629549175952762052e-05 0.000000000000000000e+00 2.807031062276447164e-01 1.774567382553633443e-01 0.000000000000000000e+00
8.103511329212045311e-01 -1.033051155974748416e-03 0.000000000000000000e+00 -2.359524994881508630e-01 2.722484083695252410e-01 0.000000000000000000e+00
6.478309123551652116e-01 -4.258585580943965304e-04 0.000000000000000000e+00 1.112642776605750339e-01 7.056996478015669094e-01 0.000000000000000000e+00
6.826885406663819600e-01 -2.263702139260574675e-03 0.000000000000000000e+00 -1.818307021074007934e-01 6.052723027450549464e-01 0.000000000000000000e+00
7.507509322111944883e-01 2.005660279322224460e-03 0.000000000000000000e+00 2.347280034913690194e-01 4.205882691486572678e-01 0.000000000000000000e+00
6.447777783797838946e-01 3.077850374320012516e-03 0.000000000000000000e+00 -1.809189436648321048e-01 6.987736477777650723e-01 0.000000000000000000e+00
6.328182296490961756e-01 -2.275048343592517286e-06 0.000000000000000000e+00 1.448896690743828319e-01 7.370821398664406665e-01 0.000000000000000000e+00
7.957839521804893623e-01 -1.039706563110648005e-03 0.000000000000000000e+00 -2.038359945305358023e-01 3.314092509026418942e-01 0.000000000000000000e+00
7.282044836889443040e-01 1.450308539679948279e-03 0.000000000000000000e+00 -1.456346585013456874e-01 5.096158807897043230e-01 0.000000000000000000e+00
6.951731294197353028e-01 2.110928914041874070e-04 0.000000000000000000e+00 3.316238907464263280e-02 6.025096458488179429e-01 0.000000000000000000e+00
7.620520516639321951e-01 1.927720464318735324e-03 0.000000000000000000e+00 1.810282820507725376e-01 4.206220332920094229e-01 0.000000000000000000e+00
7.169020738986777719e-01 -1.591663550869679838e-03 0.000000000000000000e+00 1.837172997014483999e-01 5.234812692384844812e-01 0.000000000000000000e+00
6.571797980404869843e-01 3.109410929495367779e-03 0.000000000000000000e+00 6.677140512162760277e-02 6.886709391400611668e-01 0.000000000000000000e+00
6.630023238784124029e-01 -8.826855925924727286e-05 0.000000000000000000e+00 -9.554769329120642307e-02 6.712896056971822123e-01 0.000000000000000000e+00
7.331509297743363796e-01 1.031004327743534864e-03 0.000000000000000000e+00 -1.903917819241298104e-01 4.831303665470736419e-01 0.000000000000000000e+00
7.421771095800260287e-01 -1.250842600472192642e-03 0.000000000000000000e+00 -1.707701014357873859e-01 4.698128333635802067e-01 0.000000000000000000e+00
6.925745458868755033e-01 1.669249937971848882e-03 0.000000000000000000e+00 -4.464231980671194699e-02 6.076891259335301942e-01 0.000000000000000000e+00
7.090837586600140519e-01 1.296170415229486996e-03 0.000000000000000000e+00 1.135176037642359748e-01 5.607509834249140290e-01 0.000000000000000000e+00
7.662023190979472265e-01 8.135872964501935506e-04 0.000000000000000000e+00 1.941182200639595679e-01 4.051990663788421765e-01 0.000000000000000000e+00
6.649291272846418188e-01 8.161805677552409419e-04 0.000000000000000000e+00 1.126572391337422874e-01 6.640027277467357436e-01 0.000000000000000000e+00
6.545968362994525336e-01 2.807057200883270043e-03 0.000000000000000000e+00 -7.567473743362607141e-02 6.939760862633463923e-01 0.000000000000000000e+00
7.359563401496411750e-01 9.229443621990053581e-04 0.000000000000000000e+00 -1.960099074046778023e-01 4.743344175620514136e-01 0.000000000000000000e+00
7.628208229351299829e-01 -4.228929631044184984e-04 0.000000000000000000e+00 -1.781821142122693713e-01 4.201013495159794942e-01 0.000000000000000000e+00
6.961439209746624890e-01 -2.926977427559311618e-04 0.000000000000000000e+00 -3.135166627006016980e-03 6.012109361531405849e-01 0.000000000000000000e+00
7.590955935416803246e-01 6.527896814633813577e-04 0.000000000000000000e+00 1.752024297680332687e-01 4.297635981434091423e-01 0.000000000000000000e+00
7.506136754310710479e-01 1.192728367036837225e-03 0.000000000000000000e+00 2.008387634694555057e-01 4.381076377061004501e-01 0.000000000000000000e+00
6.499671379635360013e-01 -1.652595627280716711e-04 0.000000000000000000e+00 6.612001756900748317e-02 7.061606339640167374e-01 0.000000000000000000e+00
6.735883215616706998e-01 -3.841828537774660997e-04 0.000000000000000000e+00 -1.440248612587056720e-01 6.370598133080633829e-01 0.000000000000000000e+00
8.471473244309345452e-01 -1.141656617543362374e-03 0.000000000000000000e+00 -1.170616774121952253e-01 2.655051475062541466e-01 0.000000000000000000e+00
8.383019508419664589e-01 5.839958340592468202e-04 0.000000000000000000e+00 1.106046410041275352e-01 2.860010659048146109e-01 0.000000000000000000e+00
7.159088221974865274e-01 1.257729855144295184e-03 0.000000000000000000e+00 -8.200826244918837937e-02 5.509061555485890160e-01 0.000000000000000000e+00
7.769056829172418244e-01 -1.874759583610488209e-03 0.000000000000000000e+00 1.747978719780101664e-01 3.898474696350989754e-01 0.000000000000000000e+00
7.627364464894055285e-01 6.379586355174425918e-04 0.000000000000000000e+00 2.073116795705989834e-01 4.067145530624041161e-01 0.000000000000000000e+00
6.373414591262047679e-01 1.814167425889152280e-03 0.000000000000000000e+00 1.627080589468020075e-02 7.398371001859787022e-01 0.000000000000000000e+00
7.308340999985067921e-01 5.556868098059615513e-04 0.000000000000000000e+00 -2.099034606600078678e-01 4.804598019258213837e-01 0.000000000000000000e+00
8.284016399678292286e-01 -1.056896159241585940e-03 0.000000000000000000e+00 2.191725738700750215e-01 2.404861382544755122e-01 0.000000000000000000e+00
8.682237494417590629e-01 -1.095444118596595323e-03 0.000000000000000000e+00 -1.074861552861068464e-01 2.279679186906025945e-01 0.000000000000000000e+00
-9.999490015743687232e-01 -1.513515326675936626e-04 0.000000000000000000e+00 4.186137619122966280e-02 4.973732916300734053e-02 0.000000000000000000e+00
8.516379274732115423e-01 -1.284363830694402325e-03 0.000000000000000000e+00 9.430500295035043612e-02 2.656601817401086363e-01 0.000000000000000000e+00
7.481949937575422815e-01 -5.791550415091334045e-04 0.000000000000000000e+00 -1.480934438164392408e-01 4.640131053869265276e-01 0.000000000000000000e+00
7.303370954530836734e-01 -2.415776707000268780e-03 0.000000000000000000e+00 1.217372108086428872e-01 5.110790621863552374e-01 0.000000000000000000e+00
8.194137032995876258e-01 -1.033078757116386286e-03 0.000000000000000000e+00 -1.330121836535883006e-01 3.157629631963033701e-01 0.000000000000000000e+00
-9.975480005181543985e-01 -5.035913396960397539e-05 0.000000000000000000e+00 -3.530813613385330859e-04 6.515439198633894702e-02 0.000000000000000000e+00
8.187148650490980728e-01 -8.185659316043399428e-04 0.000000000000000000e+00 1.332484779925353080e-01 3.171303695403526746e-01 0.000000000000000000e+00
7.317555072198966837e-01 -8.558690737542652693e-04 0.000000000000000000e+00 -1.222401302619593455e-01 5.078048907314071103e-01 0.000000000000000000e+00
7.464604190893190383e-01 -2.316978434389179060e-03 0.000000000000000000e+00 1.477145953343039775e-01 4.679907629649190937e-01 0.000000000000000000e+00
8.481043690571251625e-01 8.536028328880868044e-06 0.000000000000000000e+00 -1.007291835897090593e-01 2.702381632890878960e-01 0.000000000000000000e+00
8.179575341895796159e-01 5.040533074924008657e-04 0.000000000000000000e+00 1.226566392772785938e-02 3.452346321612020930e-01 0.000000000000000000e+00
8.209698057087162493e-01 -1.299103930872352528e-03 0.000000000000000000e+00 6.991011688760079279e-02 3.323554362049414568e-01 0.000000000000000000e+00
8.003599700350116919e-01 -1.113221600493117646e-04 0.000000000000000000e+00 1.005394780821567691e-01 3.664238914213554521e-01 0.000000000000000000e+00
-1.398352848159002182e+00 -2.209054911504634150e-03 0.000000000000000000e+00 -1.259221862923161905e-01 6.114821174600557629e-01 0.000000000000000000e+00
-1.468438121562578802e+00 -2.637070978266057176e-03 0.000000000000000000e+00 6.647748210507786748e-02 7.197208145813112079e-01 0.000000000000000000e+00
-1.164800905969716638e+00 9.355236455021063643e-04 0.000000000000000000e+00 -1.788142918891705291e-01 2.144370938131247017e-01 0.000000000000000000e+00
-1.476661956828403621e+00 -2.115740611361904312e-03 0.000000000000000000e+00 -7.539648583438893215e-02 7.303184007462106830e-01 0.000000000000000000e+00
-1.457920541382417889e+00 -2.035752189795160538e-04 0.000000000000000000e+00 9.292369864797769830e-02 7.020158464781014462e-01 0.000000000000000000e+00
-1.195803661843955368e+00 -1.106562193363100008e-03 0.000000000000000000e+00 1.883697011073295902e-01 2.667126182239308863e-01 0.000000000000000000e+00
-1.361335729947930506e+00 -1.609969861234621102e-03 0.000000000000000000e+00 6.360382642163442402e-02 5.678568418506941828e-01 0.000000000000000000e+00
-1.161811669512206491e+00 2.855018822484618572e-04 0.000000000000000000e+00 1.438456912068958038e-01 2.339455921943241479e-01 0.000000000000000000e+00
-1.339215666967991769e+00 -1.893941786132411452e-03 0.000000000000000000e+00 -8.180163642120813483e-02 5.332439287075272372e-01 0.000000000000000000e+00
-1.366741771303060737e+00 -1.991076869063607147e-03 0.000000000000000000e+00 -1.383074769273092974e-01 5.624183469224370846e-01 0.000000000000000000e+00
-1.461859452480743116e+00 -3.471615203362213298e-03 0.000000000000000000e+00 6.575610946337544227e-02 7.105982251692755103e-01 0.000000000000000000e+00
-1.159740749224839718e+00 -3.743549040887677454e-04 0.000000000000000000e+00 -1.796293155779427608e-01 2.035236295771524484e-01 0.000000000000000000e+00
-1.466398680749333883e+00 -2.984756251906887144e-03 0.000000000000000000e+00 -8.545072763483074763e-02 7.148610114770805879e-01 0.000000000000000000e+00
-1.464218100984902904e+00 2.785503668640994940e-03 0.000000000000000000e+00 8.748120217975587087e-02 7.115583838339970546e-01 0.000000000000000000e+00
-1.164562154075460931e+00 9.389383454672609736e-04 0.000000000000000000e+00 1.813894542564401524e-01 2.117833429677599688e-01 0.000000000000000000e+00
-1.458861330354521701e+00 -3.007641260137569605e-03 0.000000000000000000e+00 -6.320901464062506081e-02 7.066341796074826487e-01 0.000000000000000000e+00
-1.315014549381981368e+00 -1.567031676439497277e-03 0.000000000000000000e+00 1.539504151112261465e-01 4.801998296515680442e-01 0.000000000000000000e+00
-1.450137705853824066e+00 -1.343965457433626918e-03 0.000000000000000000e+00 1.995443698448283107e-03 6.972730868683822969e-01 0.000000000000000000e+00
-1.314047978177590004e+00 -2.148734052132155598e-03 0.000000000000000000e+00 -1.582257119438222337e-01 4.773219033109731280e-01 0.000000000000000000e+00
-1.475006116546776269e+00 -7.543806354851773088e-05 0.000000000000000000e+00 4.567703413262039214e-02 7.304753398873174985e-01 0.000000000000000000e+00
-1.203922729698294836e+00 -1.263302736941286641e-03 0.000000000000000000e+00 -1.801584085311104810e-01 2.869931985271170771e-01 0.000000000000000000e+00
-1.495040390292145194e+00 3.026545185930006043e-03 0.000000000000000000e+00 -3.554705274423398953e-02 7.587846098705304243e-01 0.000000000000000000e+00
-1.382653160223190625e+00 1.103434593234843986e-03 0.000000000000000000e+00 1.384458202973644081e-01 5.858153302852280309e-01 0.000000000000000000e+00
-1.029619956791878232e+00 1.079963388725463033e-04 0.000000000000000000e+00 -2.021163006551137883e-02 7.991901229271303198e-02 0.000000000000000000e+00
-1.253480316462064481e+00 6.736188449503258124e-04 0.000000000000000000e+00 -5.371703845606867755e-02 4.099151948482270269e-01 0.000000000000000000e+00
-1.184336322498779737e+00 -3.897859057468179567e-04 0.000000000000000000e+00 1.125395404820166423e-01 2.878510498239854609e-01 0.000000000000000000e+00
-1.083081949054391480e+00 -1.025950943705679764e-04 0.000000000000000000e+00 8.223861276600123726e-02 1.306847845226920546e-01 0.000000000000000000e+00
-1.077012538857383905e+00 -8.889864050907634804e-05 0.000000000000000000e+00 -8.320828647938574574e-02 1.192310864409009824e-01 0.000000000000000000e+00
