8.488051655938538831e-01 1.598609350593363336e-05 0.000000000000000000e+00 -1.748989785529636021e-01 2.276528568426315902e-01 0.000000000000000000e+00
7.758610032324511074e-01 3.525431372600222255e-04 0.000000000000000000e+00 1.523380182189727761e-01 4.014326837757518085e-01 0.000000000000000000e+00
-9.820696699212246861e-01 -1.802093750016236888e-04 0.000000000000000000e+00 -3.458950188538636311e-02 6.322764397751171050e-02 0.000000000000000000e+00
7.657739335465691966e-01 4.099015209182883812e-04 0.000000000000000000e+00 -1.510511942181920753e-01 4.240693603930887901e-01 0.000000000000000000e+00
7.944007137821645914e-01 1.571931912665028991e-03 0.000000000000000000e+00 1.700063003379169158e-01 3.530161848819129977e-01 0.000000000000000000e+00
7.497802339291048668e-01 2.011118880441602544e-03 0.000000000000000000e+00 2.045078834383206035e-01 4.383314583795616670e-01 0.000000000000000000e+00
6.433204193249147940e-01 1.018418366840580583e-04 0.000000000000000000e+00 3.866577458588318916e-02 7.243369655700612197e-01 0.000000000000000000e+00
6.956484507657896277e-01 -3.743670800840682988e-04 0.000000000000000000e+00 -1.828050343203822536e-01 5.739220045426030037e-01 0.000000000000000000e+00
8.444340743323043297e-01 1.072860608361961635e-04 0.000000000000000000e+00 2.153029928253300529e-01 2.019120010023323364e-01 0.000000000000000000e+00
1.032221710764636757e+00 -1.854331578616259503e-05 0.000000000000000000e+00 1.381828981114351929e-01 1.016513974941520015e-02 0.000000000000000000e+00
-1.383478830324614606e+00 -2.347757986771094318e-03 0.000000000000000000e+00 2.915542268858911309e-02 6.024146334333664310e-01 0.000000000000000000e+00
-1.174831160029146560e+00 3.435336173373097768e-04 0.000000000000000000e+00 1.387197257536477712e-01 2.598145496725708936e-01 0.000000000000000000e+00
-1.362413994746371371e+00 2.476935438552353708e-03 0.000000000000000000e+00 -3.753867099728465384e-02 5.717144500697730614e-01 0.000000000000000000e+00
-1.194326842864808391e+00 3.848480122648325133e-06 0.000000000000000000e+00 -5.624715207663308347e-02 3.193400219277690022e-01 0.000000000000000000e+00
-1.157694142256382230e+00 9.721072232606389751e-04 0.000000000000000000e+00 7.356031321796673017e-02 2.580086722062573390e-01 0.000000000000000000e+00
-1.114160695681050584e+00 -4.901654267356371497e-04 0.000000000000000000e+00 9.668970263312400004e-02 1.767573377756057607e-01 0.000000000000000000e+00
-1.013609338026982831e+00 1.282006203720617446e-04 0.000000000000000000e+00 -4.031959369460012821e-02 5.593545722027033762e-02 0.000000000000000000e+00
-1.116425478918481096e+00 5.124996902717568817e-04 0.000000000000000000e+00 -5.284055438192340748e-02 1.980143364678743911e-01 0.000000000000000000e+00
9.814607181407259962e-01 3.476205746298995807e-04 0.000000000000000000e+00 1.127579724874822331e-01 1.197972303522717996e-01 0.000000000000000000e+00
8.982399594459404835e-01 -8.459143482231752491e-04 0.000000000000000000e+00 -9.723919335764585892e-02 1.763381150108438156e-01 0.000000000000000000e+00
-1.008657946519410764e+00 -2.314849097814427898e-05 0.000000000000000000e+00 3.672238767739707116e-02 5.550707776243303526e-02 0.000000000000000000e+00
8.807770057059983726e-01 -1.036346587819603812e-03 0.000000000000000000e+00 8.192094979562013213e-02 2.151280014694720855e-01 0.000000000000000000e+00
-1.128950816323605721e+00 1.800550356242448021e-05 0.000000000000000000e+00 -3.337918103534719821e-02 2.216581969593809653e-01 0.000000000000000000e+00
9.887037133584104520e-01 -4.861338407149776988e-04 0.000000000000000000e+00 -2.437375973964751516e-02 2.012425266619510822e-01 0.000000000000000000e+00
-1.147462754420575770e+00 -1.104338304563189620e-03 0.000000000000000000e+00 6.493947281752146528e-02 2.440994405794469913e-01 0.000000000000000000e+00
-1.249920077522853390e+00 -1.811874841130167897e-03 0.000000000000000000e+00 -1.583979424896284072e-02 4.077770087058560367e-01 0.000000000000000000e+00
-9.910921865921225038e-01 1.808414868674421399e-04 0.000000000000000000e+00 -4.771000347385613571e-02 4.666237916102078387e-02 0.000000000000000000e+00
9.031678697873977146e-01 -6.225068956109153923e-04 0.000000000000000000e+00 2.091811288713906619e-02 1.925116293319132921e-01 0.000000000000000000e+00
-1.239947823582575603e+00 -4.906535331557909663e-05 0.000000000000000000e+00 1.137318494794825746e-01 3.763482854963097757e-01 0.000000000000000000e+00
-1.355948947328484033e+00 -2.244411660623688541e-03 0.000000000000000000e+00 3.310940596469311506e-04 5.636421499032013838e-01 0.000000000000000000e+00
-1.241527403414554920e+00 1.120746776654604933e-03 0.000000000000000000e+00 -1.134074037835962612e-01 3.789189377888615984e-01 0.000000000000000000e+00
1.000092824892495180e+00 -6.177105632796345714e-04 0.000000000000000000e+00 1.448946065121383131e-01 2.357053795014621145e-01 0.000000000000000000e+00
-1.388587856670473020e+00 4.153328155618862816e-04 0.000000000000000000e+00 1.951965193740087118e-02 6.100926281655723038e-01 0.000000000000000000e+00
-1.114090413787770739e+00 -6.556380969182703383e-04 0.000000000000000000e+00 1.324462020255825490e-01 1.516816505359434020e-01 0.000000000000000000e+00
-1.075621645691635875e+00 4.829568208571945968e-05 0.000000000000000000e+00 -1.197295320145671804e-01 7.871105105756776021e-02 0.000000000000000000e+00
-1.381923070366765760e+00 8.969788418645430195e-04 0.000000000000000000e+00 -1.263771170482387227e-02 6.007639011487134750e-01 0.000000000000000000e+00
-1.278997296807389272e+00 -5.925427636347558452e-04 0.000000000000000000e+00 -1.942940514178462252e-02 4.508942197103190663e-01 0.000000000000000000e+00
-1.235597243753556285e+00 1.415162043051032548e-03 0.000000000000000000e+00 9.961418007971103994e-02 3.735793616569565989e-01 0.000000000000000000e+00
-1.412691630348314575e+00 3.081815526159908947e-03 0.000000000000000000e+00 -6.807906038341790533e-02 6.410213312056574075e-01 0.000000000000000000e+00
-1.245629069337409023e+00 1.769038785907200333e-03 0.000000000000000000e+00 -1.588086161301831278e-01 3.689408938242453306e-01 0.000000000000000000e+00
-1.357840585878045570e+00 1.575924080096779284e-03 0.000000000000000000e+00 1.194987498303347467e-01 5.536147131374294927e-01 0.000000000000000000e+00
-1.402974976574008270e+00 -1.333994552873106476e-04 0.000000000000000000e+00 5.396242249280434888e-02 6.285481162952660794e-01 0.000000000000000000e+00
-1.221664508487884326e+00 9.009203026721541996e-04 0.000000000000000000e+00 1.289755207997206887e-01 3.421640914567550817e-01 0.000000000000000000e+00
-1.355538557294930779e+00 -3.018076255877008562e-04 0.000000000000000000e+00 -4.046331333905709565e-02 5.615929026326806905e-01 0.000000000000000000e+00
-1.264378730038218990e+00 1.081371993074457111e-03 0.000000000000000000e+00 2.314122668291091617e-02 4.290107665922522351e-01 0.000000000000000000e+00
9.986381258762964119e-01 1.191206816828321554e-03 0.000000000000000000e+00 1.363163387976765173e-01 3.408390221409346443e-01 0.000000000000000000e+00
-1.141489508678159570e+00 6.525032732988059192e-04 0.000000000000000000e+00 -4.935685112375232803e-03 2.433689781267913965e-01 0.000000000000000000e+00
9.861004313531875898e-01 -7.010705635810746388e-04 0.000000000000000000e+00 -1.181906042043035648e-02 1.846251157752558381e-01 0.000000000000000000e+00
-1.123305318755309479e+00 -8.255720992262579640e-04 0.000000000000000000e+00 5.859526073865440471e-02 2.073757089047494340e-01 0.000000000000000000e+00
1.055140980146421104e+00 3.979311307189287595e-05 0.000000000000000000e+00 1.371987088970172408e-01 2.815273169304239112e-02 0.000000000000000000e+00
-1.706575054660509183e+00 -3.443173215459414092e-03 0.000000000000000000e+00 1.231164469247930660e-01 1.035984664514218778e+00 0.000000000000000000e+00
-1.595881935778989735e+00 -1.124589592561557605e-03 0.000000000000000000e+00 -1.807210576388117163e-01 8.783440092522621923e-01 0.000000000000000000e+00
-1.806280531783870824e+00 -3.900176140986665041e-03 0.000000000000000000e+00 6.231918712045485254e-02 1.170511852533266950e+00 0.000000000000000000e+00
-1.237150219951685504e+00 1.184780270769154138e-03 0.000000000000000000e+00 -2.365051375452836835e-01 3.087976348778329605e-01 0.000000000000000000e+00
-1.819121411952202561e+00 1.070081252213393036e-03 0.000000000000000000e+00 -4.615881850379105478e-02 1.187676971169584039e+00 0.000000000000000000e+00
-1.580154936729483151e+00 -2.274309455666936874e-03 0.000000000000000000e+00 1.897028271942723388e-01 8.548035248476515413e-01 0.000000000000000000e+00
-1.710277745677915018e+00 1.438989782005315431e-03 0.000000000000000000e+00 -1.300128237971027167e-01 1.040012177435628349e+00 0.000000000000000000e+00
1.057227936924832079e+00 -2.971570018562661591e-04 0.000000000000000000e+00 1.229768258303729767e-01 6.989774902021556047e-02 0.000000000000000000e+00
-2.218080730142653501e+00 7.144598446894313490e-03 0.000000000000000000e+00 -2.346046302844982667e-02 1.680809674015091515e+00 0.000000000000000000e+00
-2.188410878368901358e+00 5.333699330506356563e-03 0.000000000000000000e+00 -8.280773315486002206e-02 1.643252490704050217e+00 0.000000000000000000e+00
-2.081876182054911872e+00 1.535009044610097240e-03 0.000000000000000000e+00 -1.505981589901327355e-01 1.508730075747492183e+00 0.000000000000000000e+00
-1.908051406215408141e+00 2.769290004108228287e-03 0.000000000000000000e+00 -2.159345572870765007e-01 1.283080556967815422e+00 0.000000000000000000e+00
-1.654804896640722056e+00 2.509884946469715956e-03 0.000000000000000000e+00 -2.791426368336339392e-01 9.344209369075355820e-01 0.000000000000000000e+00
-1.168459161026328630e+00 3.394331154059481315e-04 0.000000000000000000e+00 2.435642834337723439e-01 1.475716269572067696e-01 0.000000000000000000e+00
-1.205712377430246951e+00 -4.503643160520182966e-04 0.000000000000000000e+00 -2.642874439514250051e-01 2.163404588171315979e-01 0.000000000000000000e+00
-1.641578060357692381e+00 3.166204861728745806e-03 0.000000000000000000e+00 2.846771850903623835e-01 9.144197319535337654e-01 0.000000000000000000e+00
-1.899722335267409967e+00 2.815143922870640136e-04 0.000000000000000000e+00 2.205910587879260643e-01 1.271667334821831030e+00 0.000000000000000000e+00
-2.075913060712598401e+00 5.410638758694005790e-03 0.000000000000000000e+00 1.584027820797923036e-01 1.500615165763183878e+00 0.000000000000000000e+00
-2.185198271465253583e+00 4.295044988223264970e-03 0.000000000000000000e+00 9.279882053742311010e-02 1.638843900016950794e+00 0.000000000000000000e+00
-2.218564499583400185e+00 6.389986510565506816e-03 0.000000000000000000e+00 3.611700609621650016e-02 1.681162995905112201e+00 0.000000000000000000e+00
-1.759588085848141636e+00 -5.336684411065405198e-03 0.000000000000000000e+00 1.144242974952272701e-01 1.106248570539976939e+00 0.000000000000000000e+00
-1.443635105327430779e+00 -3.000341297075340141e-04 0.000000000000000000e+00 -2.353136689227063594e-01 6.466839261641065262e-01 0.000000000000000000e+00
-1.844358912695833741e+00 2.172557957169203580e-03 0.000000000000000000e+00 -2.204817233914841551e-02 1.220507346569173812e+00 0.000000000000000000e+00
-1.585009859566458124e+00 -3.857278681432211448e-03 0.000000000000000000e+00 1.949110437456114675e-01 8.603397849868595904e-01 0.000000000000000000e+00
-1.692321984259761214e+00 -2.632470529769023390e-03 0.000000000000000000e+00 -1.541423304332544264e-01 1.012959370997565056e+00 0.000000000000000000e+00
-1.862400297230601076e+00 4.934975116760637048e-03 0.000000000000000000e+00 5.889370319693162242e-02 1.242192564441831015e+00 0.000000000000000000e+00
-1.475399222414232492e+00 -2.710708122839401886e-03 0.000000000000000000e+00 2.367508769908205912e-01 6.931216496546974692e-01 0.000000000000000000e+00
-1.719791370603319658e+00 -1.010392203978755475e-03 0.000000000000000000e+00 -1.603887693181661467e-01 1.048316817132342038e+00 0.000000000000000000e+00
-1.893918599557398164e+00 4.631355098588932351e-03 0.000000000000000000e+00 2.528715823139372418e-02 1.283117236244910808e+00 0.000000000000000000e+00
-1.637598230469422544e+00 4.428285277171324641e-03 0.000000000000000000e+00 2.007401240626839334e-01 9.310368397730411916e-01 0.000000000000000000e+00
-1.573822322160400411e+00 -3.227833941523358674e-04 0.000000000000000000e+00 -2.184077747396240277e-01 8.391025466738710747e-01 0.000000000000000000e+00
-1.883751328234641198e+00 1.928055981413226427e-03 0.000000000000000000e+00 -4.076827034242149622e-02 1.269899106293876034e+00 0.000000000000000000e+00
-1.725173310452212228e+00 -6.044330435578219862e-05 0.000000000000000000e+00 1.482934313755369937e-01 1.057172642242326432e+00 0.000000000000000000e+00
-1.495572195589269571e+00 -5.653766203845087684e-04 0.000000000000000000e+00 -2.296778013279441588e-01 7.248168191515271808e-01 0.000000000000000000e+00
-1.859319632655114907e+00 -1.888260357906595965e-03 0.000000000000000000e+00 -3.163496686009392711e-02 1.239277010332319851e+00 0.000000000000000000e+00
-1.648829170124669563e+00 -1.975069535604161153e-03 0.000000000000000000e+00 1.768379096709819520e-01 9.510170735005293308e-01 0.000000000000000000e+00
-1.623824253965244102e+00 -1.139153687923818992e-03 0.000000000000000000e+00 -1.884052527823978640e-01 9.149066514632210323e-01 0.000000000000000000e+00
-1.858327161236566383e+00 5.126997424179421947e-03 0.000000000000000000e+00 2.577266473891665771e-02 1.238163309579946247e+00 0.000000000000000000e+00
-1.510107666487008782e+00 -3.718635547837322031e-03 0.000000000000000000e+00 2.230971874598434157e-01 7.477731494037580529e-01 0.000000000000000000e+00
-1.721745988775348346e+00 1.954399610420622796e-04 0.000000000000000000e+00 -1.478245656262730245e-01 1.052733443669517044e+00 0.000000000000000000e+00
-1.881141017902845824e+00 -4.919629875292472199e-03 0.000000000000000000e+00 4.138277956003984237e-02 1.266592793914680604e+00 0.000000000000000000e+00
-1.560126345992888908e+00 1.339959108189091308e-03 0.000000000000000000e+00 2.224103995842236503e-01 8.188806545773479328e-01 0.000000000000000000e+00
-1.650117539746170703e+00 -4.152991565114450001e-03 0.000000000000000000e+00 -1.958158073594956916e-01 9.490390529499156402e-01 0.000000000000000000e+00
-1.895175149992622377e+00 5.693048310280321433e-03 0.000000000000000000e+00 -1.229394463199990489e-02 1.284892963141539113e+00 0.000000000000000000e+00
-1.713153144664130823e+00 -7.683610830779633027e-04 0.000000000000000000e+00 1.635332640309432040e-01 1.039071078389909086e+00 0.000000000000000000e+00
-1.482166992648078718e+00 -2.277523889610798269e-03 0.000000000000000000e+00 -2.384024654052036840e-01 7.024663200568895816e-01 0.000000000000000000e+00
-1.864472386167717266e+00 -3.424039716506484601e-03 0.000000000000000000e+00 -5.833498332922774227e-02 1.244840587748794247e+00 0.000000000000000000e+00
-1.694967552746162287e+00 -2.892714113557660893e-03 0.000000000000000000e+00 1.491778348525069631e-01 1.017208170778530318e+00 0.000000000000000000e+00
-1.581542172034545057e+00 -3.005483659050737361e-03 0.000000000000000000e+00 -1.995786149467931314e-01 8.544750088610147953e-01 0.000000000000000000e+00
-1.843713763545720141e+00 -4.701577462882272629e-03 0.000000000000000000e+00 2.033175140499976496e-02 1.219724654498362426e+00 0.000000000000000000e+00
-1.439902637455555467e+00 7.750418585211055200e-04 0.000000000000000000e+00 2.360067204875402891e-01 6.408630660471608120e-01 0.000000000000000000e+00
-1.760206856047441537e+00 -3.675989022999544276e-03 0.000000000000000000e+00 -1.192528448805844909e-01 1.106538145290451247e+00 0.000000000000000000e+00
1.043535541628382468e+00 -2.066114930596869284e-04 0.000000000000000000e+00 8.854139085121359720e-02 1.024841708517111594e-01 0.000000000000000000e+00
-2.227654118111433768e+00 3.501607985919696908e-03 0.000000000000000000e+00 -2.813263161128395570e-02 1.692198338460750850e+00 0.000000000000000000e+00
-2.186813757341793618e+00 -2.013432297964790757e-03 0.000000000000000000e+00 -9.559714959607544527e-02 1.640627721765556934e+00 0.000000000000000000e+00
-2.062470148668979597e+00 -6.708731593235484070e-03 0.000000000000000000e+00 -1.683738986771436685e-01 1.482987822385358090e+00 0.000000000000000000e+00
-1.861430781312945815e+00 -2.317721442443049229e-03 0.000000000000000000e+00 -2.353574601201738892e-01 1.219856997215874150e+00 0.000000000000000000e+00
-1.558630672542731466e+00 2.108870282233922533e-03 0.000000000000000000e+00 -2.954180844924916283e-01 7.933015496581488080e-01 0.000000000000000000e+00
-1.407215803123245124e+00 2.295536680330701428e-03 0.000000000000000000e+00 3.059023716415122385e-01 5.586005815822887577e-01 0.000000000000000000e+00
-1.773329827519547486e+00 -4.423104535888650046e-03 0.000000000000000000e+00 2.542722640445135296e-01 1.100889848862610876e+00 0.000000000000000000e+00
-2.002930351872302506e+00 2.784010550663892913e-03 0.000000000000000000e+00 1.894958177858881709e-01 1.406568655293326753e+00 0.000000000000000000e+00
-2.152742295498411895e+00 5.654459858948044336e-03 0.000000000000000000e+00 1.218479505586822359e-01 1.597685057047301349e+00 0.000000000000000000e+00
-2.224804972762759903e+00 -7.036031403624083691e-03 0.000000000000000000e+00 4.546073971998071395e-02 1.688419144313530129e+00 0.000000000000000000e+00
-2.147624450697134257e+00 -9.389298721047267815e-04 0.000000000000000000e+00 1.517555578397246363e-02 1.596055310500896995e+00 0.000000000000000000e+00
-1.918138654625136219e+00 3.272404406001596516e-03 0.000000000000000000e+00 7.907711828157781841e-02 1.311397736529773095e+00 0.000000000000000000e+00
-1.681821877304058521e+00 2.029259651153154237e-04 0.000000000000000000e+00 2.044547568852951858e-01 9.899459385344318019e-01 0.000000000000000000e+00
-1.355436775918820169e+00 1.671850125949388838e-03 0.000000000000000000e+00 -2.640575328748674400e-01 4.971298597167737587e-01 0.000000000000000000e+00
-1.798193776204092043e+00 5.305887610639901941e-03 0.000000000000000000e+00 -1.533667277275954366e-01 1.151654620243271587e+00 0.000000000000000000e+00
-1.954038461281680128e+00 -6.595822576358892353e-03 0.000000000000000000e+00 -3.665036629901468473e-02 1.358144438234177631e+00 0.000000000000000000e+00
-1.812583105903361247e+00 5.040217282347922434e-03 0.000000000000000000e+00 1.204888761436016670e-01 1.174068701679565230e+00 0.000000000000000000e+00
-1.239635867465105790e+00 1.408917571991118080e-03 0.000000000000000000e+00 2.462085381203141243e-01 3.059308684329793415e-01 0.000000000000000000e+00
-1.786306789260450945e+00 -1.074788438373813076e-03 0.000000000000000000e+00 -1.344825299985631106e-01 1.138646352990061672e+00 0.000000000000000000e+00
-1.923621548042364626e+00 -5.981178642026158121e-03 0.000000000000000000e+00 2.289720150495123951e-02 1.320457294218289945e+00 0.000000000000000000e+00
-1.720223512471275695e+00 4.675877922810586784e-04 0.000000000000000000e+00 1.785479973082877980e-01 1.045950176412966837e+00 0.000000000000000000e+00
-1.370853371837949197e+00 -2.272016191066197552e-03 0.000000000000000000e+00 -2.598836413674026069e-01 5.241768110257467583e-01 0.000000000000000000e+00
-1.828867341121409362e+00 -5.471600317127577745e-03 0.000000000000000000e+00 -1.261526016362065628e-01 1.194369201985280959e+00 0.000000000000000000e+00
-1.951462915666032583e+00 -1.713009731551722557e-03 0.000000000000000000e+00 1.700181289294481340e-02 1.355311174673194063e+00 0.000000000000000000e+00
-1.802332191673031048e+00 -3.554799488989762724e-03 0.000000000000000000e+00 1.476596310646311472e-01 1.157739686265579770e+00 0.000000000000000000e+00
-1.338857879834585152e+00 -2.215716680051293009e-03 0.000000000000000000e+00 2.621891521769006417e-01 4.708816105219536530e-01 0.000000000000000000e+00
-1.705636020870797687e+00 3.067907143214242474e-03 0.000000000000000000e+00 -1.905628176187258160e-01 1.024477569888208706e+00 0.000000000000000000e+00
-1.925776316700848589e+00 -1.568052943037412383e-03 0.000000000000000000e+00 -5.889609412119557741e-02 1.322031106784689047e+00 0.000000000000000000e+00
-1.204915592066350793e+00 -1.105249680572501121e-04 0.000000000000000000e+00 2.007466669253926417e-01 2.748404948033411621e-01 0.000000000000000000e+00
-1.555617973745571758e+00 -2.276987022139069505e-04 0.000000000000000000e+00 1.506905365421770671e-01 8.288531738440145791e-01 0.000000000000000000e+00
-1.697989080911624038e+00 3.106716289432395403e-03 0.000000000000000000e+00 -5.649318753298708529e-03 1.032033341043853136e+00 0.000000000000000000e+00
-1.523541485170870624e+00 8.430882333828821143e-04 0.000000000000000000e+00 -1.646591110532662494e-01 7.815980335477661356e-01 0.000000000000000000e+00
-1.414224255244182604e+00 1.757456886719844374e-03 0.000000000000000000e+00 -1.321781165849165163e-01 6.331467726996378165e-01 0.000000000000000000e+00
-1.521775288502421830e+00 -9.779596539598489797e-04 0.000000000000000000e+00 3.765055700573246341e-03 7.963294721913837249e-01 0.000000000000000000e+00
-1.399175708555703945e+00 9.054520725244284696e-04 0.000000000000000000e+00 1.411875738819420023e-01 6.093316810058690969e-01 0.000000000000000000e+00
-1.825092284850335922e+00 -3.801757698260049834e-04 0.000000000000000000e+00 8.812790072422133081e-02 1.192941957490467164e+00 0.000000000000000000e+00
-1.257763613893317256e+00 1.591358981043577286e-03 0.000000000000000000e+00 2.463165429116900840e-01 3.399379787785112850e-01 0.000000000000000000e+00
-1.796421677231979874e+00 -4.149539662445699689e-03 0.000000000000000000e+00 -1.139922758669682651e-01 1.153930872824847187e+00 0.000000000000000000e+00
-2.084129783140061143e+00 2.372443795404981584e-03 0.000000000000000000e+00 7.043776870886959626e-03 1.518966446068501730e+00 0.000000000000000000e+00
-1.962609374181897959e+00 5.612522364822576659e-03 0.000000000000000000e+00 7.487107352577554442e-02 1.367254497246283673e+00 0.000000000000000000e+00
-1.809882703333830944e+00 2.387374599703787764e-03 0.000000000000000000e+00 1.702727667102684750e-01 1.164393207624070836e+00 0.000000000000000000e+00
-1.494970695708398578e+00 -2.102077119239435105e-03 0.000000000000000000e+00 2.592713711873128046e-01 7.138890116282787801e-01 0.000000000000000000e+00
-1.496157684146135480e+00 -3.205972987290030621e-03 0.000000000000000000e+00 -2.616238080636145158e-01 7.147764027331757752e-01 0.000000000000000000e+00
-1.812350962850777014e+00 4.164070889435343703e-03 0.000000000000000000e+00 -1.649385604180393095e-01 1.168351489416596500e+00 0.000000000000000000e+00
-1.963717141875827910e+00 3.074356600870048473e-03 0.000000000000000000e+00 -6.765429194600811047e-02 1.369003085335954717e+00 0.000000000000000000e+00
-2.088061541627515449e+00 -2.411127857219419468e-03 0.000000000000000000e+00 -7.722441004894636807e-03 1.523760827062566880e+00 0.000000000000000000e+00
-1.726635176101414704e+00 -3.558930123165354731e-03 0.000000000000000000e+00 1.269226302277905449e-01 1.061874586069982751e+00 0.000000000000000000e+00
-1.538754902637117006e+00 3.038511908552601892e-03 0.000000000000000000e+00 -2.073300402431891287e-01 7.928664369998678074e-01 0.000000000000000000e+00
-1.835427972248183881e+00 -3.440298818961923938e-04 0.000000000000000000e+00 1.872809079570893903e-02 1.209210828557523598e+00 0.000000000000000000e+00
-1.413255345860777279e+00 1.286413341827122303e-03 0.000000000000000000e+00 2.380521949618066846e-01 5.999217962765711620e-01 0.000000000000000000e+00
-1.772832010388636359e+00 3.194823120549809131e-03 0.000000000000000000e+00 -9.856298396304376264e-02 1.124921945931725009e+00 0.000000000000000000e+00
-1.151297178562918244e+00 6.656318925370762266e-04 0.000000000000000000e+00 1.870914415195790714e-01 1.783744387543204635e-01 0.000000000000000000e+00
-1.102645636900074333e+00 1.163787993095064845e-04 0.000000000000000000e+00 -1.620853700913669759e-01 8.691925770299580023e-02 0.000000000000000000e+00
-1.657917777453781660e+00 2.240963398920763072e-03 0.000000000000000000e+00 1.316197761131689958e-01 9.704606979141019441e-01 0.000000000000000000e+00
-1.672176578157973381e+00 -4.537139369621988327e-03 0.000000000000000000e+00 -1.239744846268873713e-01 9.904323532116416917e-01 0.000000000000000000e+00
-1.348563876356228874e+00 -6.469777084871335127e-04 0.000000000000000000e+00 2.098957475875437018e-01 5.116140614892579208e-01 0.000000000000000000e+00
-1.655986147883161674e+00 -4.476753948569431318e-03 0.000000000000000000e+00 7.592745257340198506e-02 9.738435382685357578e-01 0.000000000000000000e+00
-1.661342843214790310e+00 3.980420457343805327e-03 0.000000000000000000e+00 -7.033682803790508586e-02 9.813568471997791143e-01 0.000000000000000000e+00
-1.368450268396069980e+00 2.718797005530119992e-03 0.000000000000000000e+00 -2.061152037312259377e-01 5.438776088305827816e-01 0.000000000000000000e+00
-1.704543333745142775e+00 -2.805671420271792227e-03 0.000000000000000000e+00 1.125291771212573733e-01 1.034521184630903257e+00 0.000000000000000000e+00
-1.609043214696372903e+00 -3.549903723627682167e-03 0.000000000000000000e+00 -1.688078422923768307e-01 8.986665899945698310e-01 0.000000000000000000e+00
-1.827738990184918144e+00 7.388110933913769052e-04 0.000000000000000000e+00 7.558406756471572341e-02 1.197183360608306657e+00 0.000000000000000000e+00
-1.269687131089989540e+00 1.051028733244324491e-03 0.000000000000000000e+00 2.462202029952864080e-01 3.616738695821422045e-01 0.000000000000000000e+00
-1.798120087821805324e+00 -5.648920956865782772e-03 0.000000000000000000e+00 -1.054969873895453408e-01 1.156930916115405328e+00 0.000000000000000000e+00
1.021647542729464231e+00 2.560028246365849487e-04 0.000000000000000000e+00 -9.257181383235951744e-02 1.233664232490614271e-01 0.000000000000000000e+00
-1.073754952384964323e+00 3.845002895948084962e-04 0.000000000000000000e+00 8.452018551875488395e-02 1.123416989171701769e-01 0.000000000000000000e+00
-1.086048314483858634e+00 3.591991657329431445e-04 0.000000000000000000e+00 -8.273802699745011480e-02 1.355795484129850847e-01 0.000000000000000000e+00
-1.404293174592877946e+00 -5.080177356984252879e-04 0.000000000000000000e+00 -1.122840902100928073e-01 6.226966156011748410e-01 0.000000000000000000e+00
-1.408401601139390058e+00 1.388004150116806112e-03 0.000000000000000000e+00 1.098894357569547009e-01 6.290349180616798819e-01 0.000000000000000000e+00
-1.029537945723893788e+00 -4.116584762180923798e-06 0.000000000000000000e+00 -1.537992086889958948e-02 8.087636315673840670e-02 0.000000000000000000e+00
1.013864823207603738e+00 2.931463674606064732e-04 0.000000000000000000e+00 9.755696753237660945e-02 1.550520955550438729e-01 0.000000000000000000e+00
-1.641973913603460122e+00 6.421689795365129183e-04 0.000000000000000000e+00 1.456807877439906806e-01 9.470975574832618538e-01 0.000000000000000000e+00
-1.684250182283999475e+00 -4.450456816742845434e-04 0.000000000000000000e+00 -1.205011893782702292e-01 1.006846522821692513e+00 0.000000000000000000e+00
-1.325751430121474339e+00 -1.006500924816647324e-03 0.000000000000000000e+00 2.098047122754658766e-01 4.757140550954424008e-01 0.000000000000000000e+00
-1.626998828432395960e+00 3.791824372381506769e-05 0.000000000000000000e+00 9.783073708948167302e-02 9.332230321034363785e-01 0.000000000000000000e+00
-1.674382757487765438e+00 -9.025948774060085777e-04 0.000000000000000000e+00 -4.213703495538009824e-02 1.000171878845576456e+00 0.000000000000000000e+00
-1.482196063569903632e+00 1.024462590710402757e-03 0.000000000000000000e+00 -1.743783548134152928e-01 7.210774974859580633e-01 0.000000000000000000e+00
-1.446306792509138184e+00 -2.553760509382916460e-03 0.000000000000000000e+00 -7.152848971275338474e-02 6.882112092892243016e-01 0.000000000000000000e+00
-1.299251838328990605e+00 4.113127110844470163e-04 0.000000000000000000e+00 1.570730593024390886e-01 4.548218124890519576e-01 0.000000000000000000e+00
-1.452916093362648375e+00 -1.931475164366432129e-03 0.000000000000000000e+00 7.777599587067595549e-03 7.011130721102125651e-01 0.000000000000000000e+00
-1.307705013583968512e+00 1.698806366065465454e-03 0.000000000000000000e+00 -1.606592089451076566e-01 4.667011421259297799e-01 0.000000000000000000e+00
-1.485834009553556712e+00 3.200672248202942466e-03 0.000000000000000000e+00 3.282056375914917112e-02 7.461801260161065041e-01 0.000000000000000000e+00
-1.098184405629783367e+00 2.835272519727932141e-04 0.000000000000000000e+00 1.499190541358279005e-01 9.436373195779218515e-02 0.000000000000000000e+00
-1.132434934631314061e+00 -6.177638113481591364e-05 0.000000000000000000e+00 -1.655403052157333188e-01 1.590073986582171139e-01 0.000000000000000000e+00
-1.488120560091811040e+00 -2.354462548732026705e-03 0.000000000000000000e+00 -3.040422806196161828e-02 7.494437988165527642e-01 0.000000000000000000e+00
-1.313010880550860016e+00 -1.469088133721110911e-03 0.000000000000000000e+00 1.598473683058166950e-01 4.751777783882478179e-01 0.000000000000000000e+00
-1.449340496506122955e+00 6.719023494089482185e-05 0.000000000000000000e+00 -6.767214121281305006e-03 6.961258045231688563e-01 0.000000000000000000e+00
-1.314274136021073902e+00 4.972574809391158701e-04 0.000000000000000000e+00 -1.531010251620446017e-01 4.793317386850705075e-01 0.000000000000000000e+00
-1.448811497741317567e+00 2.277991195746339320e-03 0.000000000000000000e+00 7.132455783775902558e-02 6.917542069635003177e-01 0.000000000000000000e+00
-1.365633257668108724e+00 1.751811841415592402e-03 0.000000000000000000e+00 1.935861596825021458e-01 5.441720761319057686e-01 0.000000000000000000e+00
-1.544127200909640285e+00 6.088798740922704567e-04 0.000000000000000000e+00 1.327108393210181259e-01 8.161174766822937299e-01 0.000000000000000000e+00
-1.644113178357239802e+00 -4.500616439388458595e-03 0.000000000000000000e+00 4.011967780953008822e-02 9.602443964653311070e-01 0.000000000000000000e+00
-1.639972674995775037e+00 -2.453521823636561905e-05 0.000000000000000000e+00 -5.018880335320431707e-02 9.542631024127081751e-01 0.000000000000000000e+00
-1.532539556803260705e+00 -4.580532950829944300e-04 0.000000000000000000e+00 -1.387823503967376970e-01 7.990884931601316410e-01 0.000000000000000000e+00
-1.354387985826004615e+00 -9.581701211915909927e-04 0.000000000000000000e+00 -1.946633307457414364e-01 5.265719903477249497e-01 0.000000000000000000e+00
-1.449265533891054059e+00 4.984906276872529563e-04 0.000000000000000000e+00 -5.736983458760970545e-02 6.936860028692218849e-01 0.000000000000000000e+00
-1.214253435169491357e+00 1.919707185874947042e-04 0.000000000000000000e+00 1.694794445490045154e-01 3.113540693838333651e-01 0.000000000000000000e+00
-1.457373313219034294e+00 -2.613430218772298808e-03 0.000000000000000000e+00 2.637133200019029650e-02 7.068867354429164696e-01 0.000000000000000000e+00
-1.274840880245027730e+00 -1.625356556707310135e-03 0.000000000000000000e+00 -1.757525755659571365e-01 4.090137906859503958e-01 0.000000000000000000e+00
-1.503879764829757271e+00 -1.671780638288610649e-04 0.000000000000000000e+00 -2.338270054861380648e-02 7.714317915064825559e-01 0.000000000000000000e+00
-1.376927485388173444e+00 1.306673533180317121e-03 0.000000000000000000e+00 1.435116319382137295e-01 5.761636262478533332e-01 0.000000000000000000e+00
-1.023592192373714349e+00 -3.759524699210382067e-05 0.000000000000000000e+00 -1.035900939893448676e-02 7.583613908527696290e-02 0.000000000000000000e+00
-1.258973379824135375e+00 2.063137593317204005e-03 0.000000000000000000e+00 -1.355426303038904240e-02 4.213908746175600850e-01 0.000000000000000000e+00
8.736857790512821964e-01 3.225501727584425410e-04 0.000000000000000000e+00 -1.774341063591284573e-01 1.652336685425762897e-01 0.000000000000000000e+00
7.078792930677104689e-01 -1.577950244965797486e-03 0.000000000000000000e+00 1.921075326938082722e-02 5.744895022035427790e-01 0.000000000000000000e+00
-1.096504072428329923e+00 -5.148392769511664357e-04 0.000000000000000000e+00 4.301326124835631870e-02 1.692229944606294667e-01 0.000000000000000000e+00
-1.045736236604053460e+00 -2.350570299411744273e-04 0.000000000000000000e+00 -7.011398451535963416e-02 7.336364135532125186e-02 0.000000000000000000e+00
9.187194272137100270e-01 6.557243414244693161e-04 0.000000000000000000e+00 1.047996952756655442e-01 1.350541499418969893e-01 0.000000000000000000e+00
9.436575910289217717e-01 -5.279943324735343266e-05 0.000000000000000000e+00 -9.349334089867250563e-02 1.083301903631587182e-01 0.000000000000000000e+00
-1.005047533572849261e+00 1.159332469047282736e-04 0.000000000000000000e+00 -5.417199971099316558e-02 3.694653417236883758e-02 0.000000000000000000e+00
9.415731190453890953e-01 -1.635330148965197759e-04 0.000000000000000000e+00 9.956097356664414533e-02 1.051450971050069960e-01 0.000000000000000000e+00
9.191120420077506514e-01 -3.707759594060982405e-04 0.000000000000000000e+00 -1.112372596402434466e-01 1.290990891678278629e-01 0.000000000000000000e+00
8.899697815028889680e-01 3.304809925919515237e-04 0.000000000000000000e+00 2.618525988020457829e-02 2.132057528682058112e-01 0.000000000000000000e+00
6.276721018345339242e-01 -2.388975884600200595e-03 0.000000000000000000e+00 5.190037729977668365e-03 7.639483486401570378e-01 0.000000000000000000e+00
8.527594666431546067e-01 8.963573432755039122e-04 0.000000000000000000e+00 -1.111256329305089358e-01 2.568403964892590485e-01 0.000000000000000000e+00
8.517175685825484344e-01 -2.264121658369472019e-04 0.000000000000000000e+00 -3.188692837612423781e-02 2.799467155328198009e-01 0.000000000000000000e+00
8.666947300316539815e-01 -1.228493360399895463e-03 0.000000000000000000e+00 9.939392330359588662e-03 2.545475075236867113e-01 0.000000000000000000e+00
8.284142235265060661e-01 3.182676805043010287e-04 0.000000000000000000e+00 2.735615319450774435e-02 3.241995597389338846e-01 0.000000000000000000e+00
8.352985847121633389e-01 1.194451391118395069e-03 0.000000000000000000e+00 9.299975124236273261e-02 2.981233252515910204e-01 0.000000000000000000e+00
9.042344280435685722e-01 -5.083560194693494821e-05 0.000000000000000000e+00 1.539461715012697685e-01 1.148101134211426955e-01 0.000000000000000000e+00
-1.199200072857044885e+00 -9.276276865739820077e-04 0.000000000000000000e+00 6.413483964791522052e-02 3.254265632397547181e-01 0.000000000000000000e+00
-1.229884119075669968e+00 3.339190882182020703e-04 0.000000000000000000e+00 -6.189924148404444409e-02 3.729635199503247289e-01 0.000000000000000000e+00
-1.263359556548123708e+00 -1.080074081460319704e-03 0.000000000000000000e+00 9.495695055568287302e-02 4.174723355754810239e-01 0.000000000000000000e+00
-1.345847036344409275e+00 -3.314631027638292871e-04 0.000000000000000000e+00 1.984329009406496369e-02 5.487169913709748492e-01 0.000000000000000000e+00
-1.286887415624611508e+00 7.751756966725906195e-04 0.000000000000000000e+00 -8.851044985153501410e-02 4.544444956199112373e-01 0.000000000000000000e+00
-1.183534564093553954e+00 3.732488725991353791e-04 0.000000000000000000e+00 4.356282061098031705e-02 3.047461742613882807e-01 0.000000000000000000e+00
9.986840675563010139e-01 9.719891745368328291e-04 0.000000000000000000e+00 -1.470768452287538608e-01 3.876623794257436084e-01 0.000000000000000000e+00
9.186500750691404260e-01 1.951588388338799246e-04 0.000000000000000000e+00 9.893663248894410400e-02 1.395234858661751898e-01 0.000000000000000000e+00
9.449444776468931551e-01 -1.303188114811450107e-04 0.000000000000000000e+00 -8.879706037932803830e-02 1.109634964869453400e-01 0.000000000000000000e+00
-1.120293851196050516e+00 -8.905141244314514898e-04 0.000000000000000000e+00 -1.837889950643904757e-02 2.101081586794273925e-01 0.000000000000000000e+00
8.940368067482491465e-01 6.171797070509544951e-04 0.000000000000000000e+00 1.143372204524590596e-01 1.739441295222068362e-01 0.000000000000000000e+00
9.812498856931679558e-01 1.041168323397959538e-04 0.000000000000000000e+00 -1.194359913480094737e-01 1.122067752067040514e-01 0.000000000000000000e+00
-1.152734240712501412e+00 -9.919597417906416553e-04 0.000000000000000000e+00 2.102466054511501967e-03 2.607034958931593316e-01 0.000000000000000000e+00
