9.897809192296125325e-01 4.193843976106350854e-04 0.000000000000000000e+00 -5.604533755890103025e-02 2.046859244780057652e-01 0.000000000000000000e+00
-1.109128888743685648e+00 -6.696072098075055851e-04 0.000000000000000000e+00 1.012316236503792710e-01 1.652328074238642863e-01 0.000000000000000000e+00
-1.043121554541639462e+00 -2.460169703332273396e-05 0.000000000000000000e+00 -8.978578689988384043e-02 3.941404740864941358e-02 0.000000000000000000e+00
1.003936263445157184e+00 -1.512834949228361722e-03 0.000000000000000000e+00 4.675048332183597694e-03 3.035053483722490730e-01 0.000000000000000000e+00
9.599715461335419642e-01 4.838988561518812364e-04 0.000000000000000000e+00 3.784909290667635290e-02 1.309570568455723505e-01 0.000000000000000000e+00
9.245486008456292870e-01 4.876273312952345441e-04 0.000000000000000000e+00 -1.255744573486743468e-02 1.627207847966489207e-01 0.000000000000000000e+00
9.761015269327917299e-01 5.737679144616315103e-04 0.000000000000000000e+00 -5.035855447461148882e-02 1.415352020080057893e-01 0.000000000000000000e+00
-1.106558897638256322e+00 6.531648816818242526e-04 0.000000000000000000e+00 5.779372935877186146e-02 1.808434852047218211e-01 0.000000000000000000e+00
9.721228067836638065e-01 1.610174502313343721e-04 0.000000000000000000e+00 4.326081151177285644e-02 1.370678244786349143e-01 0.000000000000000000e+00
9.276301544605500826e-01 3.197830640137844238e-05 0.000000000000000000e+00 1.819590553444105918e-02 1.583333259455869113e-01 0.000000000000000000e+00
9.527757748112219982e-01 6.460743785978873693e-04 0.000000000000000000e+00 -3.161708028818458610e-02 1.339057466258765094e-01 0.000000000000000000e+00
9.552367576796669812e-01 1.066032793747753032e-04 0.000000000000000000e+00 6.437621423578970825e-02 1.207135832501780304e-01 0.000000000000000000e+00
9.191129718599160281e-01 -8.883130147583706906e-05 0.000000000000000000e+00 -6.442550254869136572e-02 1.577106126765642491e-01 0.000000000000000000e+00
9.342532714114299974e-01 -3.882083369936822209e-04 0.000000000000000000e+00 1.055813722392078408e-01 1.090823696794230580e-01 0.000000000000000000e+00
9.248637710608860196e-01 5.471261101917542597e-04 0.000000000000000000e+00 -1.106583659086745608e-01 1.194185543498413743e-01 0.000000000000000000e+00
8.678503269830624145e-01 -1.079893507721439065e-03 0.000000000000000000e+00 5.940125717936173971e-02 2.455814728119189994e-01 0.000000000000000000e+00
7.103080714265517237e-01 -6.624432179873109006e-04 0.000000000000000000e+00 -2.281916293170580413e-03 5.693802380525492257e-01 0.000000000000000000e+00
8.835080184893283617e-01 2.840210769869790444e-04 0.000000000000000000e+00 -2.805126224862511744e-02 2.238105603602294214e-01 0.000000000000000000e+00
8.813119390832087063e-01 5.591113025650280930e-05 0.000000000000000000e+00 2.759675285344321410e-02 2.276193795533471564e-01 0.000000000000000000e+00
8.263035859519061166e-01 3.332057807628498181e-04 0.000000000000000000e+00 1.659426484525760026e-01 2.845012966560859224e-01 0.000000000000000000e+00
6.333361177109512186e-01 5.711770172074511452e-04 0.000000000000000000e+00 -1.604663843987037541e-01 7.325249346380051652e-01 0.000000000000000000e+00
-9.651674857388482520e-01 2.446077172424754656e-04 0.000000000000000000e+00 5.784676471913269280e-02 6.787391456031502401e-02 0.000000000000000000e+00
6.287347886463339197e-01 4.715498199288365583e-04 0.000000000000000000e+00 1.448782987872996308e-01 7.474068174142971532e-01 0.000000000000000000e+00
8.775308558161044603e-01 -5.055583991140626815e-04 0.000000000000000000e+00 -6.112410312329736445e-02 2.276997772843367129e-01 0.000000000000000000e+00
8.760506258416975722e-01 -5.855054648597282380e-04 0.000000000000000000e+00 4.400260126802398725e-02 2.342186249322659175e-01 0.000000000000000000e+00
7.090729401387425579e-01 1.703646179492881996e-03 0.000000000000000000e+00 -2.201410112794479831e-02 5.717088206511089510e-01 0.000000000000000000e+00
8.912155213314763014e-01 -8.620873761941297633e-05 0.000000000000000000e+00 1.698155933496923453e-01 1.281132575420769193e-01 0.000000000000000000e+00
-1.187784531466667737e+00 -5.851078099584731962e-04 0.000000000000000000e+00 8.004868368343377727e-02 3.039315912417089316e-01 0.000000000000000000e+00
-1.218951871948755539e+00 -1.012828340645945818e-04 0.000000000000000000e+00 -6.846261088535041117e-02 3.550291282068851473e-01 0.000000000000000000e+00
-1.305401040228442611e+00 -2.204436521755274991e-03 0.000000000000000000e+00 7.467853317813090419e-02 4.844700870624134570e-01 0.000000000000000000e+00
-1.338325640453578380e+00 1.425733964097765372e-04 0.000000000000000000e+00 -3.701029051952341165e-02 5.369006334459355267e-01 0.000000000000000000e+00
-1.269390997493963447e+00 1.646158232123089843e-04 0.000000000000000000e+00 -8.283068930151260556e-02 4.291567850656654581e-01 0.000000000000000000e+00
-1.291089332646733645e+00 -1.320743215744660942e-03 0.000000000000000000e+00 -7.943981345269267302e-03 4.690941532109766943e-01 0.000000000000000000e+00
-1.260421529115007822e+00 -1.098145474118768575e-03 0.000000000000000000e+00 8.285059391829190101e-02 4.155667350591264464e-01 0.000000000000000000e+00
-1.364791854314576725e+00 -9.198527551341909372e-04 0.000000000000000000e+00 2.342879314340995736e-02 5.758830084206920663e-01 0.000000000000000000e+00
-1.185213577453685607e+00 1.618522484898175708e-04 0.000000000000000000e+00 -1.352973712083437863e-01 2.793363312010442856e-01 0.000000000000000000e+00
-1.396090952292394993e+00 -1.591838505828561262e-03 0.000000000000000000e+00 -3.626921692906909245e-02 6.200249627218463733e-01 0.000000000000000000e+00
-1.326924495390940262e+00 1.968469352375910170e-04 0.000000000000000000e+00 1.979817568462196031e-01 4.825858127139927012e-01 0.000000000000000000e+00
-1.516571388372962792e+00 -3.029767585690013032e-03 0.000000000000000000e+00 1.465397268791864271e-01 7.754832390379735596e-01 0.000000000000000000e+00
-1.639343639166645605e+00 -9.029300197480744083e-05 0.000000000000000000e+00 5.598361901040820737e-02 9.530967805270582627e-01 0.000000000000000000e+00
-1.647391762962853168e+00 -2.366916718684802801e-03 0.000000000000000000e+00 -4.383559176461641199e-02 9.644179136659887241e-01 0.000000000000000000e+00
-1.540191854498667023e+00 -1.885421181170854332e-04 0.000000000000000000e+00 -1.365002808413804669e-01 8.100524488953828595e-01 0.000000000000000000e+00
-1.345433129339586031e+00 2.364907797412557286e-05 0.000000000000000000e+00 -1.971140159535435532e-01 5.118166013381008073e-01 0.000000000000000000e+00
-1.252913614267095799e+00 -1.307032604812720378e-03 0.000000000000000000e+00 1.150408583022908826e-01 3.961896552567212293e-01 0.000000000000000000e+00
-1.351101653812803116e+00 5.141210290804040794e-04 0.000000000000000000e+00 -3.770623659002327044e-02 5.553720568866578056e-01 0.000000000000000000e+00
-1.276396127678302239e+00 1.817276795915874488e-04 0.000000000000000000e+00 -5.861127480710576210e-02 4.436069911989094505e-01 0.000000000000000000e+00
-1.285999919759671206e+00 1.297928734297700394e-03 0.000000000000000000e+00 4.003727236501253978e-02 4.599191859106285252e-01 0.000000000000000000e+00
-1.313113435435842691e+00 1.203171543174678254e-03 0.000000000000000000e+00 6.355878861867041152e-02 4.974359048251362214e-01 0.000000000000000000e+00
-1.335984859500922273e+00 1.624089985489226250e-03 0.000000000000000000e+00 -3.083061317836246346e-02 5.338937958149048146e-01 0.000000000000000000e+00
-1.276986182331804276e+00 -3.299599759107665897e-05 0.000000000000000000e+00 -8.017645579389953703e-02 4.411084341193008962e-01 0.000000000000000000e+00
-1.290978966454618959e+00 -1.909339598387662686e-03 0.000000000000000000e+00 -1.506129984179205294e-02 4.687588355553992114e-01 0.000000000000000000e+00
-1.261258912953526989e+00 -2.011069255441885403e-04 0.000000000000000000e+00 8.002010052219182823e-02 4.173905378052821802e-01 0.000000000000000000e+00
-1.375582488930724434e+00 1.550281234987786532e-03 0.000000000000000000e+00 1.554786657981633777e-02 5.916278742176561689e-01 0.000000000000000000e+00
-1.126515893129090395e+00 -1.339476434819063602e-04 0.000000000000000000e+00 -1.353676445341691625e-01 1.739545387107779284e-01 0.000000000000000000e+00
-1.384910091199999638e+00 -2.852361783698607184e-03 0.000000000000000000e+00 -2.115106280511707543e-02 6.047946280291180976e-01 0.000000000000000000e+00
-1.167005187799503130e+00 2.498808071328944419e-04 0.000000000000000000e+00 1.482599136494025180e-02 2.821692368295082298e-01 0.000000000000000000e+00
8.838949075635900154e-01 5.978291114923040212e-04 0.000000000000000000e+00 -1.694138388384486826e-01 1.479334449664232998e-01 0.000000000000000000e+00
7.358196785913035942e-01 1.422302436549299168e-04 0.000000000000000000e+00 1.039338110762874079e-01 5.028887104521023721e-01 0.000000000000000000e+00
-9.763273876550211394e-01 -6.500746025374408909e-05 0.000000000000000000e+00 6.167299874650065961e-02 4.611574179664397477e-02 0.000000000000000000e+00
7.448800040113102705e-01 6.566071971369148892e-04 0.000000000000000000e+00 -1.167462761372926316e-01 4.801133223449007836e-01 0.000000000000000000e+00
9.181650002539646360e-01 -3.278384545732033529e-04 0.000000000000000000e+00 1.532629204498063835e-01 7.732041277267548418e-02 0.000000000000000000e+00
1.001317626074277545e+00 -3.852519649028087780e-04 0.000000000000000000e+00 2.829506564133795199e-01 2.456659279971092902e-01 0.000000000000000000e+00
-1.434848827440211583e+00 8.705611215677629654e-04 0.000000000000000000e+00 -7.461217590759289253e-02 6.717133421036062257e-01 0.000000000000000000e+00
-1.264846158632310313e+00 -1.725302707724445843e-03 0.000000000000000000e+00 1.621381473788022221e-01 3.986150593951439669e-01 0.000000000000000000e+00
-1.452456396171160513e+00 -2.823243346821945748e-03 0.000000000000000000e+00 2.226330303853814654e-02 7.001530140366982735e-01 0.000000000000000000e+00
-1.274822040881229857e+00 2.967247054214625090e-04 0.000000000000000000e+00 -1.768628022739046624e-01 4.084857281833793596e-01 0.000000000000000000e+00
-1.504078579098798940e+00 -7.999209189225187783e-04 0.000000000000000000e+00 -3.601057540585466538e-02 7.712104750376864715e-01 0.000000000000000000e+00
-1.416923010431531571e+00 1.865572714264338017e-03 0.000000000000000000e+00 1.254146533188587043e-01 6.384000890344054824e-01 0.000000000000000000e+00
-1.746848222709119547e+00 -3.168036493509523988e-04 0.000000000000000000e+00 1.101836416702798027e-01 1.090106131314262816e+00 0.000000000000000000e+00
-1.500310227122905626e+00 -1.999049644149278326e-03 0.000000000000000000e+00 -2.179144855630084643e-01 7.352514400632292890e-01 0.000000000000000000e+00
-1.826843113435189458e+00 1.404244679941751145e-03 0.000000000000000000e+00 1.872901976455509238e-02 1.198274778303355159e+00 0.000000000000000000e+00
-1.374317681097281696e+00 -1.066526232203789115e-03 0.000000000000000000e+00 2.396862550061187314e-01 5.391412696199691101e-01 0.000000000000000000e+00
-1.784336092174438670e+00 4.829078950744213061e-03 0.000000000000000000e+00 -7.974803508309577516e-02 1.141250420238705487e+00 0.000000000000000000e+00
-1.566615123538600773e+00 1.143955069559457471e-03 0.000000000000000000e+00 1.801883793226207731e-01 8.381759525197167715e-01 0.000000000000000000e+00
-1.728359794823785656e+00 2.074463815105058451e-03 0.000000000000000000e+00 -8.450495856232607961e-02 1.068331409110714780e+00 0.000000000000000000e+00
-1.440606567077465483e+00 1.606453467526322218e-03 0.000000000000000000e+00 2.107995865212637931e-01 6.506259750030286559e-01 0.000000000000000000e+00
-1.747394561392805468e+00 2.552399395131613527e-03 0.000000000000000000e+00 -1.614006339455900663e-02 1.096252178812793021e+00 0.000000000000000000e+00
-1.300377389145498830e+00 -1.139306911612575010e-03 0.000000000000000000e+00 -2.282417716909226901e-01 4.254658855358171010e-01 0.000000000000000000e+00
-1.734225766523834311e+00 -1.668030511801289317e-03 0.000000000000000000e+00 5.981730662288994860e-02 1.077632260298586608e+00 0.000000000000000000e+00
-1.544356901354831724e+00 1.360145304054847376e-03 0.000000000000000000e+00 -1.808045302704036073e-01 8.071395361584391415e-01 0.000000000000000000e+00
-1.780767377166624588e+00 -1.989005583311356101e-03 0.000000000000000000e+00 8.699199823162501177e-02 1.136113064380858129e+00 0.000000000000000000e+00
-1.388667698303463149e+00 2.011740232893908728e-03 0.000000000000000000e+00 -2.383077266265387073e-01 5.620885142950922120e-01 0.000000000000000000e+00
-1.829264178806231822e+00 1.971234579451048435e-03 0.000000000000000000e+00 -1.583186942565962055e-02 1.201402431652424774e+00 0.000000000000000000e+00
-1.507966014436311397e+00 2.116913270773231742e-03 0.000000000000000000e+00 2.166692175797954034e-01 7.465919963569143114e-01 0.000000000000000000e+00
-1.743340955615057863e+00 5.179965511023801317e-03 0.000000000000000000e+00 -1.112203360152616560e-01 1.085443392499053417e+00 0.000000000000000000e+00
-1.171254134332151864e+00 9.566600472616856865e-05 0.000000000000000000e+00 -7.661545165993396966e-02 2.787254333781679083e-01 0.000000000000000000e+00
-1.177496905073281530e+00 -8.546297204272690351e-04 0.000000000000000000e+00 -1.642627670111835789e-02 2.981549701895451765e-01 0.000000000000000000e+00
-1.147514004968472445e+00 8.822478830414551276e-05 0.000000000000000000e+00 -7.903793127994121481e-02 2.399926540275773013e-01 0.000000000000000000e+00
-1.179999441640184887e+00 -1.118332490750043127e-03 0.000000000000000000e+00 6.562260928955071515e-02 2.952233683351864757e-01 0.000000000000000000e+00
9.944776819305520821e-01 -5.129012357201739175e-04 0.000000000000000000e+00 2.097341707847624470e-01 1.964756155517217995e-01 0.000000000000000000e+00
8.806039631275528468e-01 -3.156325512330190181e-04 0.000000000000000000e+00 -1.343755271804483453e-01 1.872796435960834560e-01 0.000000000000000000e+00
7.936794562759933447e-01 1.651039985998128826e-03 0.000000000000000000e+00 1.504375870213616774e-02 3.929769751042936354e-01 0.000000000000000000e+00
8.617505112502645837e-01 -6.176161724977327627e-04 0.000000000000000000e+00 1.331683942441867774e-01 2.274172675112225428e-01 0.000000000000000000e+00
9.070761733919422420e-01 -2.130160477961638450e-04 0.000000000000000000e+00 8.577662676981754079e-04 1.876800146846943074e-01 0.000000000000000000e+00
8.927815625327989446e-01 5.281626230898485864e-04 0.000000000000000000e+00 -4.253183183514726295e-02 2.058170309020955491e-01 0.000000000000000000e+00
-1.135751379115718329e+00 7.593270033164684811e-04 0.000000000000000000e+00 1.178184431879791480e-02 2.343117104297398057e-01 0.000000000000000000e+00
8.495147754656195982e-01 8.884707194108024510e-04 0.000000000000000000e+00 1.539476160403384017e-02 2.853619294465993828e-01 0.000000000000000000e+00
8.302418130826915155e-01 1.322415729029626993e-03 0.000000000000000000e+00 9.301552500053494529e-03 3.217141334531552488e-01 0.000000000000000000e+00
1.024436409026607819e+00 3.212216743491440232e-04 0.000000000000000000e+00 1.079800470791330569e-01 1.016368453711961328e-01 0.000000000000000000e+00
-1.691027815467763151e+00 7.686169500029198243e-04 0.000000000000000000e+00 1.313975158235755059e-01 1.014446121254824362e+00 0.000000000000000000e+00
-1.621342924869835223e+00 -4.568444868410957357e-03 0.000000000000000000e+00 -1.694014730224634169e-01 9.152592203181826314e-01 0.000000000000000000e+00
-1.820868536531107917e+00 5.407110047558547072e-03 0.000000000000000000e+00 7.666051659252995365e-02 1.188343034286337918e+00 0.000000000000000000e+00
-1.217306078858384488e+00 5.614028127579537286e-04 0.000000000000000000e+00 2.353491348122329629e-01 2.712077864845373609e-01 0.000000000000000000e+00
-1.808984801869357506e+00 5.385727142798654721e-03 0.000000000000000000e+00 -8.161556968654089250e-02 1.172797741390313231e+00 0.000000000000000000e+00
-1.514427318826364832e+00 -5.031733035620478828e-04 0.000000000000000000e+00 1.839558454966204459e-01 7.644429096839320259e-01 0.000000000000000000e+00
-1.731047517829717997e+00 3.855614519116703012e-03 0.000000000000000000e+00 -2.556030791020258430e-02 1.074863308050532318e+00 0.000000000000000000e+00
-1.328273476798671915e+00 -2.019057551891489857e-03 0.000000000000000000e+00 -2.244051212282550112e-01 4.730580836927102406e-01 0.000000000000000000e+00
-1.707202410880295451e+00 1.503175511224013466e-03 0.000000000000000000e+00 8.345184035556443836e-02 1.040751277989320656e+00 0.000000000000000000e+00
-1.609311001216523263e+00 -9.160871786204425465e-04 0.000000000000000000e+00 -1.502032262630276782e-01 9.023155360102239619e-01 0.000000000000000000e+00
-1.082734093698158873e+00 3.289666050343984308e-04 0.000000000000000000e+00 1.022421001379140992e-01 1.149524476418246621e-01 0.000000000000000000e+00
-1.085647059171967355e+00 -4.095771016549495935e-04 0.000000000000000000e+00 -1.025532119948155407e-01 1.204552325750568587e-01 0.000000000000000000e+00
-1.698828490554123771e+00 -5.055782258488766834e-03 0.000000000000000000e+00 1.233552932963372650e-01 1.025759447143216985e+00 0.000000000000000000e+00
-1.611308012251498667e+00 -3.631177781530010168e-03 0.000000000000000000e+00 -1.734038020537328473e-01 9.008695271140636507e-01 0.000000000000000000e+00
-1.810617764358051218e+00 6.004674917087227115e-04 0.000000000000000000e+00 7.293816954821230603e-02 1.175451447656043591e+00 0.000000000000000000e+00
-1.203839078561626197e+00 9.566036364517527257e-04 0.000000000000000000e+00 -2.300606224504052055e-01 2.485826339218913661e-01 0.000000000000000000e+00
-1.818754247355119702e+00 -1.597707674340552442e-03 0.000000000000000000e+00 -6.406633314487764075e-02 1.186377712791506944e+00 0.000000000000000000e+00
-1.621722906485004501e+00 -4.349075335783915419e-03 0.000000000000000000e+00 1.706303601847430629e-01 9.155459975171766906e-01 0.000000000000000000e+00
-1.684869314292495757e+00 4.899711278255350355e-03 0.000000000000000000e+00 -1.399725900089120179e-01 1.005150028358815062e+00 0.000000000000000000e+00
-1.956606596126919895e+00 6.171721574687615008e-03 0.000000000000000000e+00 4.719941510065778917e-02 1.361015027198110516e+00 0.000000000000000000e+00
-1.797585231048236087e+00 -6.644103506346366039e-04 0.000000000000000000e+00 1.609808700576604024e-01 1.149815512849913457e+00 0.000000000000000000e+00
-1.383815775952970117e+00 -1.096442514041402749e-03 0.000000000000000000e+00 2.652058632154586926e-01 5.422158620667345552e-01 0.000000000000000000e+00
-1.651097229306962122e+00 4.211384841908333287e-03 0.000000000000000000e+00 -2.148251609689222075e-01 9.462465595546337704e-01 0.000000000000000000e+00
-1.904043909572437743e+00 -3.926510799655794082e-03 0.000000000000000000e+00 -1.000105983720191438e-01 1.292231105348142783e+00 0.000000000000000000e+00
-2.005510981924564007e+00 -3.135726213586785549e-03 0.000000000000000000e+00 4.739446198902125262e-03 1.422456105050240893e+00 0.000000000000000000e+00
-1.913162667440859943e+00 1.323464231106009220e-03 0.000000000000000000e+00 1.051584373940996353e-01 1.303301546773071307e+00 0.000000000000000000e+00
-1.689096947915619040e+00 4.239666580831908185e-03 0.000000000000000000e+00 2.135967508299548290e-01 9.977890109748357439e-01 0.000000000000000000e+00
-1.096834208892697005e+00 6.171021642515620194e-05 0.000000000000000000e+00 1.719806951842990650e-01 3.272846108310203256e-02 0.000000000000000000e+00
-1.209206073356278166e+00 -3.580079224665272397e-05 0.000000000000000000e+00 -2.465003938855421517e-01 2.439977119064240529e-01 0.000000000000000000e+00
-1.710866942897719678e+00 -1.346993831162296429e-03 0.000000000000000000e+00 -2.045885894340300770e-01 1.028730688550581585e+00 0.000000000000000000e+00
-1.923071743497726249e+00 6.219836751433005517e-03 0.000000000000000000e+00 -9.237588676879943117e-02 1.316730345064470509e+00 0.000000000000000000e+00
-2.013143670036086963e+00 -1.467486674669893354e-03 0.000000000000000000e+00 -3.830769438962086659e-03 1.431878167249606371e+00 0.000000000000000000e+00
-1.917915605098249543e+00 -8.986730011333113333e-04 0.000000000000000000e+00 9.397850786119360533e-02 1.310129501431015475e+00 0.000000000000000000e+00
-1.692700448066509100e+00 1.820985698457580626e-03 0.000000000000000000e+00 2.084119988580172833e-01 1.003705873617066313e+00 0.000000000000000000e+00
-1.244147238107021769e+00 3.736656655360065353e-04 0.000000000000000000e+00 -2.557169120061102419e-01 3.068725219927309622e-01 0.000000000000000000e+00
-1.735196238404845825e+00 4.511437784321677136e-03 0.000000000000000000e+00 -1.894201181089690267e-01 1.063826886573216113e+00 0.000000000000000000e+00
-1.934776429483883842e+00 2.463723047262736388e-03 0.000000000000000000e+00 -7.820899882978443740e-02 1.332302970801073183e+00 0.000000000000000000e+00
-2.055180125442588768e+00 -5.761827447635092803e-04 0.000000000000000000e+00 2.126016140598471771e-03 1.483570351908205076e+00 0.000000000000000000e+00
-1.958172893565369055e+00 -4.419815795074180653e-03 0.000000000000000000e+00 7.380429080594867741e-02 1.361779154957142746e+00 0.000000000000000000e+00
-1.798754660754766643e+00 4.552468260750307250e-03 0.000000000000000000e+00 1.772750170208097775e-01 1.148940841732810192e+00 0.000000000000000000e+00
-1.477390076865465751e+00 -1.788102908961452728e-03 0.000000000000000000e+00 2.622981042175613897e-01 6.868177460080788777e-01 0.000000000000000000e+00
-1.509303343722567581e+00 1.029073108966202521e-04 0.000000000000000000e+00 -2.583238649686641075e-01 7.351690786192376370e-01 0.000000000000000000e+00
-1.814743788063071461e+00 -5.370226626371682466e-03 0.000000000000000000e+00 -1.707256964604559057e-01 1.170611430203070569e+00 0.000000000000000000e+00
-1.964986895128652655e+00 4.235703807963647760e-04 0.000000000000000000e+00 -6.995223400312244877e-02 1.370463617879466467e+00 0.000000000000000000e+00
-2.083984106819612325e+00 -5.967962380320809834e-03 0.000000000000000000e+00 -1.012776852551314222e-02 1.518778630339977731e+00 0.000000000000000000e+00
-1.788693089375332113e+00 -4.807746532489498570e-03 0.000000000000000000e+00 1.098788000153060468e-01 1.144369338396178382e+00 0.000000000000000000e+00
-1.310435534882559372e+00 6.943932173372037529e-04 0.000000000000000000e+00 -2.495453619520846267e-01 4.304648974427842667e-01 0.000000000000000000e+00
-1.833419376669609413e+00 -1.655196662665885110e-03 0.000000000000000000e+00 -7.601498556565816633e-02 1.204402287997371701e+00 0.000000000000000000e+00
-1.604751168428792729e+00 -3.793808951870689117e-03 0.000000000000000000e+00 1.644180923525553339e-01 8.936391923691561212e-01 0.000000000000000000e+00
-1.708764861401007362e+00 -1.050099289863569429e-03 0.000000000000000000e+00 -1.082445894222460736e-01 1.040518842072869043e+00 0.000000000000000000e+00
-1.437528133208676895e+00 -1.163201862825615635e-03 0.000000000000000000e+00 2.014359543999825197e-01 6.490704147010335490e-01 0.000000000000000000e+00
-1.719838415501659501e+00 2.614363630589626279e-03 0.000000000000000000e+00 1.704438531640194154e-02 1.060443903126658372e+00 0.000000000000000000e+00
-1.519707963809569629e+00 -7.944686542906524707e-04 0.000000000000000000e+00 -1.769542165950472312e-01 7.735228670098712733e-01 0.000000000000000000e+00
1.027240552264959694e+00 6.757365416291056300e-04 0.000000000000000000e+00 4.289058954451092226e-02 1.372282245442412729e-01 0.000000000000000000e+00
-2.044325941510510614e+00 -5.820296127952734322e-03 0.000000000000000000e+00 2.442648018728865722e-02 1.470064749079420530e+00 0.000000000000000000e+00
-1.977096571093022170e+00 -5.089255826229349688e-03 0.000000000000000000e+00 8.818935319255408189e-02 1.384490046553905840e+00 0.000000000000000000e+00
-1.859079833922472336e+00 3.904968500721452129e-03 0.000000000000000000e+00 1.654435221571408376e-01 1.228289567421261275e+00 0.000000000000000000e+00
-1.667909716103640472e+00 1.985892974301668376e-03 0.000000000000000000e+00 2.333662606550932495e-01 9.647045295704079759e-01 0.000000000000000000e+00
-1.349379558816264701e+00 1.929187587975916829e-03 0.000000000000000000e+00 2.771555458101344627e-01 4.798852913561873490e-01 0.000000000000000000e+00
-1.501367328619385155e+00 -3.167020029842069779e-03 0.000000000000000000e+00 -2.688370954006227831e-01 7.197586128102233527e-01 0.000000000000000000e+00
-1.755282521105148819e+00 -1.829205937657913533e-03 0.000000000000000000e+00 -2.060733680616938512e-01 1.087221266855365132e+00 0.000000000000000000e+00
-1.913977988234398353e+00 -4.555236296602691026e-03 0.000000000000000000e+00 -1.374407587925662866e-01 1.301329300443872850e+00 0.000000000000000000e+00
-2.007564611280858280e+00 4.823951590892175401e-03 0.000000000000000000e+00 -6.120055806370784668e-02 1.423690662750123348e+00 0.000000000000000000e+00
-2.085283269629983671e+00 -1.155004207008966666e-03 0.000000000000000000e+00 -1.614425367493267649e-02 1.520302768301964758e+00 0.000000000000000000e+00
1.030111931623656663e+00 1.666975448668144748e-04 0.000000000000000000e+00 -6.088526513041676858e-02 1.265209488281672234e-01 0.000000000000000000e+00
-1.364399161990199616e+00 -1.612468530029977087e-03 0.000000000000000000e+00 2.011748592185584883e-01 5.395157304808180232e-01 0.000000000000000000e+00
-1.615284872494711976e+00 -2.610975020849143347e-03 0.000000000000000000e+00 9.778808927904175663e-02 9.175235017261230697e-01 0.000000000000000000e+00
-1.671373167017818240e+00 2.308440609426025414e-03 0.000000000000000000e+00 -2.307766210798182366e-02 9.968285965411445293e-01 0.000000000000000000e+00
-1.539429021084183447e+00 -2.424174611419777081e-03 0.000000000000000000e+00 -1.476133979035620936e-01 8.070531491992263273e-01 0.000000000000000000e+00
-1.256944412778154163e+00 -1.631349853117342215e-04 0.000000000000000000e+00 -2.063282002410222749e-01 3.641879560404935878e-01 0.000000000000000000e+00
-2.006632145961097180e+00 -4.963317938134370610e-03 0.000000000000000000e+00 3.039150651028321021e-02 1.423530396274277798e+00 0.000000000000000000e+00
-1.911197709376921017e+00 1.467357920553781503e-03 0.000000000000000000e+00 1.213166158469135558e-01 1.299423117185974696e+00 0.000000000000000000e+00
-1.712244490288653997e+00 8.949337566212176021e-04 0.000000000000000000e+00 2.111552271182206009e-01 1.029240102945642388e+00 0.000000000000000000e+00
-1.323032432999154295e+00 1.689956100309721737e-03 0.000000000000000000e+00 2.717018757846394461e-01 4.386277084068769816e-01 0.000000000000000000e+00
-1.596140613537517128e+00 2.490934929360439504e-03 0.000000000000000000e+00 -2.419429582830790737e-01 8.638547837668602014e-01 0.000000000000000000e+00
-1.848984222069746775e+00 5.934064281939953334e-04 0.000000000000000000e+00 -1.549368515112812261e-01 1.216753894344383191e+00 0.000000000000000000e+00
-1.978302728883370776e+00 -6.887321329000620218e-03 0.000000000000000000e+00 -7.134443042172922134e-02 1.386966196187105815e+00 0.000000000000000000e+00
-2.095319864757829720e+00 -2.332224590768650074e-04 0.000000000000000000e+00 -9.123858088673691968e-03 1.532600028094754041e+00 0.000000000000000000e+00
1.065994544651414522e+00 -2.331156903649645156e-05 0.000000000000000000e+00 -1.435101347291419249e-01 3.899179626976564950e-02 0.000000000000000000e+00
-1.235502759838705611e+00 -1.359713145649346991e-03 0.000000000000000000e+00 2.038279776926901765e-01 3.283850407308381847e-01 0.000000000000000000e+00
-1.535771247670911333e+00 1.605406094570229446e-03 0.000000000000000000e+00 1.530770014059936734e-01 8.009599893714951513e-01 0.000000000000000000e+00
-1.680862698532751054e+00 -1.620892750990955700e-03 0.000000000000000000e+00 1.716876714512302268e-02 1.009435089776200112e+00 0.000000000000000000e+00
-1.597815622454777484e+00 -2.540947984856996300e-03 0.000000000000000000e+00 -1.193801947627526616e-01 8.913861455940046419e-01 0.000000000000000000e+00
-1.271728552676572477e+00 -2.059610694891684905e-04 0.000000000000000000e+00 -2.117506210404846989e-01 3.863298406713333022e-01 0.000000000000000000e+00
-1.634218891451387101e+00 2.899892205313215482e-03 0.000000000000000000e+00 1.331397898515111478e-01 9.385454902914682762e-01 0.000000000000000000e+00
-1.691848577994214509e+00 -1.081993481065857132e-03 0.000000000000000000e+00 -9.005428305987089876e-02 1.020033447685028349e+00 0.000000000000000000e+00
-1.305841464916441819e+00 3.343475089259903554e-04 0.000000000000000000e+00 2.230489818341799546e-01 4.372379429802799589e-01 0.000000000000000000e+00
-1.716040972321909219e+00 -1.110249549065814301e-03 0.000000000000000000e+00 4.329539491649365274e-02 1.054742683163091943e+00 0.000000000000000000e+00
-1.571195050990198183e+00 3.538753717419853076e-03 0.000000000000000000e+00 -1.560415739566194948e-01 8.493085865571918802e-01 0.000000000000000000e+00
-1.199139029782173127e+00 4.806563101841347663e-04 0.000000000000000000e+00 -1.163898388766037434e-01 3.104871536099552687e-01 0.000000000000000000e+00
-1.168034645647271885e+00 2.413645174553346456e-04 0.000000000000000000e+00 9.507932950242176107e-02 2.677728199436342216e-01 0.000000000000000000e+00
-1.199658984716906795e+00 6.208877713581514857e-04 0.000000000000000000e+00 -8.409126785186360475e-02 3.215620241854428851e-01 0.000000000000000000e+00
-1.124753586699089425e+00 6.787381606523056055e-05 0.000000000000000000e+00 1.217592400184910328e-01 1.805122271878609186e-01 0.000000000000000000e+00
-1.175807651200858839e+00 1.252513938183284770e-04 0.000000000000000000e+00 -7.968779950695310810e-02 2.851130510086025138e-01 0.000000000000000000e+00
-1.255274492436950107e+00 -9.657866096661185326e-04 0.000000000000000000e+00 -4.764093106252485776e-02 4.133527822268455720e-01 0.000000000000000000e+00
-1.193254908394702163e+00 5.258068522175033538e-04 0.000000000000000000e+00 1.135802828243515639e-01 3.019890608678859611e-01 0.000000000000000000e+00
9.162142761477996000e-01 5.755512315877443080e-04 0.000000000000000000e+00 1.553810797163666241e-02 1.736913221760069681e-01 0.000000000000000000e+00
9.783513238242125265e-01 -2.593362949433745588e-04 0.000000000000000000e+00 -6.754005148603565989e-02 1.398676427734896199e-01 0.000000000000000000e+00
-1.141719947103661870e+00 6.640607298143991893e-04 0.000000000000000000e+00 1.305580237079378286e-02 2.434359897975340026e-01 0.000000000000000000e+00
9.921370678188836667e-01 3.952607414764822439e-04 0.000000000000000000e+00 -2.260859452700448441e-02 2.378913854670777206e-01 0.000000000000000000e+00
-1.129825237534622051e+00 1.921432606093349815e-05 0.000000000000000000e+00 -9.485790235639607326e-02 2.045961767373440376e-01 0.000000000000000000e+00
9.677349993344231960e-01 1.687842733726343191e-04 0.000000000000000000e+00 6.320056896805917312e-02 1.241430834509653636e-01 0.000000000000000000e+00
9.145956518739448704e-01 6.783235173411874576e-04 0.000000000000000000e+00 -4.605975367885288552e-02 1.705589988527949075e-01 0.000000000000000000e+00
9.233840232297971795e-01 -3.261205590719760527e-04 0.000000000000000000e+00 1.200652001766581711e-01 1.127757175391028432e-01 0.000000000000000000e+00
9.403727461952366973e-01 -3.034315560126565458e-04 0.000000000000000000e+00 -1.112582388741833184e-01 9.426699505745797514e-02 0.000000000000000000e+00
9.083731721282634064e-01 -1.887691433165212835e-04 0.000000000000000000e+00 9.259400582741514341e-02 1.610251379975534691e-01 0.000000000000000000e+00
9.625504860583571354e-01 4.198318736063245005e-04 0.000000000000000000e+00 -8.338699887530623411e-02 1.083905148971756049e-01 0.000000000000000000e+00
9.551627675007274831e-01 5.985129958612197057e-04 0.000000000000000000e+00 3.837867546449549860e-02 1.313574178194283348e-01 0.000000000000000000e+00
9.256092857926014883e-01 -4.115251127417904461e-04 0.000000000000000000e+00 -2.286843111257642197e-02 1.602682429473061831e-01 0.000000000000000000e+00
9.849952822618728288e-01 -3.282357669499738704e-04 0.000000000000000000e+00 -7.409111531290679675e-02 1.632068031802282881e-01 0.000000000000000000e+00
-1.102749732905327074e+00 3.545575794384782375e-04 0.000000000000000000e+00 8.472896744104527200e-02 1.634082350765029279e-01 0.000000000000000000e+00
-1.045951072122917491e+00 6.870166174138608514e-05 0.000000000000000000e+00 -8.516546605303874917e-02 5.561565310496167924e-02 0.000000000000000000e+00
1.005057305080053753e+00 5.468773000883585429e-04 0.000000000000000000e+00 -1.389811885457591101e-02 2.803248374122010445e-01 0.000000000000000000e+00
-1.163044926152150271e+00 6.494684340287559116e-04 0.000000000000000000e+00 -3.430605401590177544e-02 2.743691473451481677e-01 0.000000000000000000e+00
-1.187003640451980147e+00 6.608226705613826080e-04 0.000000000000000000e+00 6.952210123866250924e-02 3.053037522928532255e-01 0.000000000000000000e+00
-1.086340856669949062e+00 1.062808681862826773e-04 0.000000000000000000e+00 1.171353164301071198e-01 1.078897372068886723e-01 0.000000000000000000e+00
-1.096535992253875769e+00 2.090888899585864949e-04 0.000000000000000000e+00 -1.196256225903054443e-01 1.272181890257444992e-01 0.000000000000000000e+00
-1.163729740704210425e+00 1.686420507053089726e-04 0.000000000000000000e+00 -8.746653571695257867e-02 2.634121191366763926e-01 0.000000000000000000e+00
9.011201734177654021e-01 1.049923282105385408e-05 0.000000000000000000e+00 -2.412068306304320647e-02 1.953659014179555675e-01 0.000000000000000000e+00
-1.119642845789620145e+00 -5.437452940594781486e-04 0.000000000000000000e+00 4.047977633038438161e-02 2.059515562759186569e-01 0.000000000000000000e+00
9.753651312763759185e-01 6.139591062114329537e-04 0.000000000000000000e+00 3.181337300808081969e-02 1.453869129275885963e-01 0.000000000000000000e+00
9.402482271915888479e-01 -8.736424526677741362e-05 0.000000000000000000e+00 -1.310196471548006059e-01 6.423011049348245627e-02 0.000000000000000000e+00
8.013900405885012734e-01 1.723559988516878971e-03 0.000000000000000000e+00 4.661323660118870532e-02 3.750138514816554469e-01 0.000000000000000000e+00
8.357293582933459364e-01 1.199657837099131139e-03 0.000000000000000000e+00 1.254208283531157708e-01 2.850883984505359625e-01 0.000000000000000000e+00
8.877019197795104066e-01 1.114487441425063979e-04 0.000000000000000000e+00 1.822271492887115873e-01 1.206236624566587312e-01 0.000000000000000000e+00
1.002511933073193306e+00 -7.914012095294195928e-04 0.000000000000000000e+00 2.923455654175193263e-01 2.127080941152037219e-01 0.000000000000000000e+00
-1.206771906980591336e+00 1.727890726767270652e-04 0.000000000000000000e+00 -1.940057921871000124e-01 2.830423407403828695e-01 0.000000000000000000e+00
-1.441691496088407742e+00 1.745081300738408892e-03 0.000000000000000000e+00 -1.991161507976505970e-02 6.851558929220618044e-01 0.000000000000000000e+00
-1.319344389751575974e+00 -9.394277759998959088e-04 0.000000000000000000e+00 -1.475613651742597177e-01 4.887907547831139565e-01 0.000000000000000000e+00
-1.411390401538842543e+00 -2.651953708544567065e-04 0.000000000000000000e+00 9.682776373074422627e-02 6.354466883931532140e-01 0.000000000000000000e+00
-1.095051624850607919e+00 3.151583672130787994e-04 0.000000000000000000e+00 8.836012637508683376e-02 1.479912581897315227e-01 0.000000000000000000e+00
-1.062773169853462818e+00 -2.414168777131453763e-04 0.000000000000000000e+00 -8.933908298685330762e-02 8.694384142894967527e-02 0.000000000000000000e+00
-1.278583576782648112e+00 -2.915802306150704938e-04 0.000000000000000000e+00 9.307673292445578506e-02 4.409853235502633750e-01 0.000000000000000000e+00
-1.347816042341083875e+00 2.348395636123493807e-03 0.000000000000000000e+00 -9.899273771608757891e-03 5.518223261868396845e-01 0.000000000000000000e+00
-1.264840651388024373e+00 1.584062213836195943e-03 0.000000000000000000e+00 -9.657347388924525378e-02 4.193455861164210319e-01 0.000000000000000000e+00
