9.953540791053780978e-01 8.671995176827595369e-04 0.000000000000000000e+00 -2.747935788208227467e-02 2.980696644563868292e-01 0.000000000000000000e+00
-1.264935419370889935e+00 2.989720003546804741e-04 0.000000000000000000e+00 -1.868862272941462788e-02 4.300537806182619383e-01 0.000000000000000000e+00
-1.397136365496500998e+00 2.599750345303391413e-03 0.000000000000000000e+00 -3.068805877080553121e-03 6.225653784628705223e-01 0.000000000000000000e+00
-1.164246486389015622e+00 -8.108573628664329791e-04 0.000000000000000000e+00 2.084419593236608997e-02 2.775510070430808884e-01 0.000000000000000000e+00
9.833721183779563502e-01 5.927460817520286557e-04 0.000000000000000000e+00 7.311026324643904450e-02 1.553503828332649661e-01 0.000000000000000000e+00
9.224128437862864072e-01 -6.577769391422423791e-04 0.000000000000000000e+00 1.207683354988730445e-02 1.655197490569398910e-01 0.000000000000000000e+00
9.642642984731053524e-01 2.417294260215834510e-04 0.000000000000000000e+00 -4.160385331597434011e-02 1.308300900769533703e-01 0.000000000000000000e+00
-1.218695712034639334e+00 1.104535719294447160e-04 0.000000000000000000e+00 -9.451083796765938350e-02 3.485987289633005748e-01 0.000000000000000000e+00
-1.248155495484783994e+00 1.829634758066646903e-03 0.000000000000000000e+00 6.899802678835420533e-02 3.995327566713975931e-01 0.000000000000000000e+00
8.766999395560303165e-01 1.566885396437076375e-04 0.000000000000000000e+00 -2.047973044824659694e-01 1.196652890336680486e-01 0.000000000000000000e+00
6.272763727073029649e-01 1.531019618581502643e-03 0.000000000000000000e+00 1.367448757959268020e-02 7.648278619016071200e-01 0.000000000000000000e+00
8.369403660361374175e-01 -1.335717347196122701e-04 0.000000000000000000e+00 -1.413446476145153730e-01 2.749757841734751795e-01 0.000000000000000000e+00
-9.801622900457427345e-01 -1.098416202690367699e-04 0.000000000000000000e+00 6.685114708667463934e-02 3.077181674083688534e-02 0.000000000000000000e+00
8.163468615739568612e-01 -4.396032245117021970e-04 0.000000000000000000e+00 1.299158346678330744e-01 3.234372065926650053e-01 0.000000000000000000e+00
7.145145615188123189e-01 -1.177923129490379348e-03 0.000000000000000000e+00 -6.216106465407559428e-02 5.565857804919664975e-01 0.000000000000000000e+00
8.243679348931217676e-01 7.040721950501913073e-04 0.000000000000000000e+00 1.846558690909097522e-01 2.771960756984601648e-01 0.000000000000000000e+00
8.611064090955400374e-01 -4.229256736528368490e-04 0.000000000000000000e+00 2.359495761398777425e-01 1.199509506005943665e-01 0.000000000000000000e+00
8.564362168374782813e-01 -6.306844571448326844e-04 0.000000000000000000e+00 -1.225087480663782369e-01 2.441072467301292348e-01 0.000000000000000000e+00
8.303651412247874397e-01 8.198425045551586011e-04 0.000000000000000000e+00 1.028876958102626638e-01 3.047104869527677007e-01 0.000000000000000000e+00
7.800718973721718630e-01 7.040727018493581763e-04 0.000000000000000000e+00 1.448688393164522803e-01 3.950339023451074905e-01 0.000000000000000000e+00
7.321068802700222422e-01 3.009517704664101123e-04 0.000000000000000000e+00 -1.134271785278797851e-01 5.090511664518411195e-01 0.000000000000000000e+00
7.834247395360310895e-01 -3.100288466688465305e-04 0.000000000000000000e+00 1.724797654769919253e-01 3.762955818123151497e-01 0.000000000000000000e+00
7.676022454618955937e-01 -1.234082691703696985e-03 0.000000000000000000e+00 2.097281088005041594e-01 3.940394058649064890e-01 0.000000000000000000e+00
6.326994503027315586e-01 1.677010051389633263e-03 0.000000000000000000e+00 -1.242881332804538635e-02 7.513607870262692945e-01 0.000000000000000000e+00
7.996339258117816096e-01 8.087671485871548993e-04 0.000000000000000000e+00 -1.874510683158024382e-01 3.321427414154941582e-01 0.000000000000000000e+00
7.031547698717963701e-01 1.775326837985789080e-03 0.000000000000000000e+00 2.081125331566604370e-02 5.850075836778734217e-01 0.000000000000000000e+00
8.444786882597610234e-01 -8.120666489607950012e-05 0.000000000000000000e+00 1.883826537554523228e-01 2.271278354517548281e-01 0.000000000000000000e+00
-1.140393666705021403e+00 -2.330852173613069678e-04 0.000000000000000000e+00 -8.896811091586891845e-03 2.415692706245068655e-01 0.000000000000000000e+00
9.890377707247244299e-01 -7.415637483039268403e-04 0.000000000000000000e+00 -2.607820171680060028e-02 2.036649921927899953e-01 0.000000000000000000e+00
-1.152757280014460761e+00 5.004404416972911551e-04 0.000000000000000000e+00 6.179788540649707590e-02 2.532865978788748085e-01 0.000000000000000000e+00
-1.228260592265778994e+00 -9.943720179700684531e-04 0.000000000000000000e+00 3.043967356371601526e-02 3.743669332859533849e-01 0.000000000000000000e+00
-1.226600078806429739e+00 1.638086229897327273e-03 0.000000000000000000e+00 -3.086649589967661866e-02 3.718247168036242223e-01 0.000000000000000000e+00
-1.119881965622944175e+00 8.755308199639870231e-04 0.000000000000000000e+00 -8.322534615167105632e-02 1.930671390688303568e-01 0.000000000000000000e+00
-1.234927148670996289e+00 2.933449859658840940e-04 0.000000000000000000e+00 1.100447742192452588e-01 3.695887003064484144e-01 0.000000000000000000e+00
-1.358123894539726262e+00 2.443046535940316365e-04 0.000000000000000000e+00 1.908432788835433269e-02 5.664497562063983693e-01 0.000000000000000000e+00
-1.231336348218035059e+00 1.260638845863668728e-03 0.000000000000000000e+00 -1.213509866852780644e-01 3.603443347111378592e-01 0.000000000000000000e+00
-1.349848112212865825e+00 1.684112636315612810e-04 0.000000000000000000e+00 1.968417599152943454e-01 5.187489294400741136e-01 0.000000000000000000e+00
-1.545997080466012141e+00 -2.654501739658629567e-03 0.000000000000000000e+00 1.319768140540812928e-01 8.188065534864634731e-01 0.000000000000000000e+00
-1.649429263823779745e+00 -1.849372302115980405e-03 0.000000000000000000e+00 3.756225719720357459e-02 9.673823356397122097e-01 0.000000000000000000e+00
-1.636777918317042779e+00 -2.482067810883507170e-03 0.000000000000000000e+00 -6.141739941632250177e-02 9.493511554665319263e-01 0.000000000000000000e+00
-1.508141063682686411e+00 -2.678027100128450595e-03 0.000000000000000000e+00 -1.533988227721886088e-01 7.623576484069747305e-01 0.000000000000000000e+00
-1.322289070640031206e+00 -1.925502873647878810e-03 0.000000000000000000e+00 -1.984763734437896554e-01 4.750790054051085565e-01 0.000000000000000000e+00
-1.431426286413619131e+00 -1.641362290504613797e-04 0.000000000000000000e+00 -6.011481636919054766e-03 6.710086014992961978e-01 0.000000000000000000e+00
-1.302063161059670016e+00 -5.955900497079495703e-04 0.000000000000000000e+00 -1.708679899847857508e-01 4.542186819594914438e-01 0.000000000000000000e+00
-1.507624011499423933e+00 -7.322835291228568799e-04 0.000000000000000000e+00 -2.164075632892985615e-02 7.766235696877550332e-01 0.000000000000000000e+00
-1.388610826049551772e+00 2.293478031967985387e-03 0.000000000000000000e+00 1.401956152382344278e-01 5.941224182297177858e-01 0.000000000000000000e+00
8.580529772488881823e-01 9.474290084541562781e-04 0.000000000000000000e+00 -1.713549561428623080e-01 2.089102018935362348e-01 0.000000000000000000e+00
8.156372988887032882e-01 5.324393683061620468e-04 0.000000000000000000e+00 1.684909339493658176e-01 3.066996830889948678e-01 0.000000000000000000e+00
6.385261573467904128e-01 -9.119356587577887724e-04 0.000000000000000000e+00 4.881377194742603232e-02 7.354809913128359522e-01 0.000000000000000000e+00
7.126450716434864496e-01 -2.468526900189236054e-05 0.000000000000000000e+00 -2.046815971034571247e-01 5.257592118687213212e-01 0.000000000000000000e+00
7.803742928973413928e-01 1.659023308363798393e-03 0.000000000000000000e+00 2.306310702323960959e-01 3.511834649712534118e-01 0.000000000000000000e+00
6.867949453242591096e-01 2.514674210985466674e-04 0.000000000000000000e+00 -2.563906752072926953e-01 5.672934058828347226e-01 0.000000000000000000e+00
6.035885896511138382e-01 2.515231588595377016e-03 0.000000000000000000e+00 -4.008369263824926310e-02 8.241932066875297114e-01 0.000000000000000000e+00
6.489243289177621943e-01 2.968699881794887099e-03 0.000000000000000000e+00 2.108049253232352760e-01 6.798129849083607290e-01 0.000000000000000000e+00
8.474832858715722894e-01 -2.447484265189728454e-04 0.000000000000000000e+00 -1.310915609395911785e-01 2.581427367419579788e-01 0.000000000000000000e+00
8.025095906407402335e-01 -1.006081032084247401e-03 0.000000000000000000e+00 -4.633394996880323136e-02 3.728159442254195266e-01 0.000000000000000000e+00
-1.103124010241666619e+00 3.658714460459322124e-04 0.000000000000000000e+00 1.239478342269773326e-01 1.368271534055346406e-01 0.000000000000000000e+00
-1.081565907699262308e+00 2.794649393083321713e-04 0.000000000000000000e+00 -1.179055716543624122e-01 9.607679492796508680e-02 0.000000000000000000e+00
8.507225427094752268e-01 1.185628808422775973e-04 0.000000000000000000e+00 -2.242175094560863169e-01 1.735830393235529012e-01 0.000000000000000000e+00
6.231089167292307440e-01 3.540182014169110120e-03 0.000000000000000000e+00 -1.054542953046656850e-02 7.752965696041818067e-01 0.000000000000000000e+00
8.172761071299304847e-01 -5.035986234494084848e-04 0.000000000000000000e+00 2.416517621809559091e-01 2.486817794738402365e-01 0.000000000000000000e+00
8.235166347160038924e-01 -3.022769921630918954e-04 0.000000000000000000e+00 -2.211690978610430514e-01 2.512234265551968049e-01 0.000000000000000000e+00
7.224115540348972075e-01 -1.971335711017003361e-03 0.000000000000000000e+00 2.068888232537305361e-01 5.016649418047762765e-01 0.000000000000000000e+00
6.384925641682538400e-01 2.589654246466745711e-03 0.000000000000000000e+00 -2.020871641924402301e-02 7.368932422035442409e-01 0.000000000000000000e+00
7.557344988633454275e-01 -6.574140675881324017e-04 0.000000000000000000e+00 -2.079135148207078010e-01 4.227802302736623496e-01 0.000000000000000000e+00
8.032189126872451013e-01 -1.002807233570143786e-03 0.000000000000000000e+00 -1.639985010046527969e-01 3.364400345541086468e-01 0.000000000000000000e+00
8.810145122810388862e-01 4.407692919004037313e-04 0.000000000000000000e+00 1.661988700923463513e-01 1.586979538068926110e-01 0.000000000000000000e+00
-1.131407913354567807e+00 -2.997665564897413620e-04 0.000000000000000000e+00 5.557784569853629203e-02 2.210536629984583001e-01 0.000000000000000000e+00
-1.420557420728002285e+00 2.840627436110369254e-03 0.000000000000000000e+00 -4.396123554168768210e-02 6.542596413363517271e-01 0.000000000000000000e+00
-1.331898682607985052e+00 8.684973018916065240e-04 0.000000000000000000e+00 -1.344572220314200206e-01 5.114738039097928013e-01 0.000000000000000000e+00
-1.320901802231458255e+00 4.026825990976819637e-04 0.000000000000000000e+00 1.396169582325141323e-01 4.934791451316120625e-01 0.000000000000000000e+00
-1.422393154543820648e+00 2.073078981268012492e-03 0.000000000000000000e+00 4.776677806854125186e-02 6.565865655376827981e-01 0.000000000000000000e+00
8.772587167727600166e-01 5.640253409368973202e-05 0.000000000000000000e+00 -9.286120318144619468e-02 2.172181845958069957e-01 0.000000000000000000e+00
9.522288542885433138e-01 5.926003099743096594e-05 0.000000000000000000e+00 1.241629072977627757e-01 5.983393340363670626e-02 0.000000000000000000e+00
9.640803705211722363e-01 1.248080122486988695e-04 0.000000000000000000e+00 -1.275595153661918113e-01 5.064009033029409634e-02 0.000000000000000000e+00
-1.363115519557069444e+00 -2.057435407689376435e-03 0.000000000000000000e+00 -1.525917761791210636e-01 5.532975131385825529e-01 0.000000000000000000e+00
-1.512315904614414119e+00 -1.317654939293914917e-03 0.000000000000000000e+00 8.019791985782696864e-04 7.833687367601938067e-01 0.000000000000000000e+00
-1.356877076068717436e+00 1.375442913554058080e-03 0.000000000000000000e+00 1.547884432137006938e-01 5.433597384423008991e-01 0.000000000000000000e+00
-1.139512681435442154e+00 9.727728439963695406e-04 0.000000000000000000e+00 -4.567469174081720262e-02 2.360043074183160172e-01 0.000000000000000000e+00
9.823597848804292987e-01 -3.010003422441634002e-04 0.000000000000000000e+00 3.209333559255046764e-02 1.645660082742014252e-01 0.000000000000000000e+00
-1.149121241513389347e+00 -5.150300043363191527e-05 0.000000000000000000e+00 5.788997365243186977e-02 2.484842099745593613e-01 0.000000000000000000e+00
-1.273470523080934225e+00 -1.226642307764983647e-03 0.000000000000000000e+00 2.011417296178741321e-01 3.948484585233912880e-01 0.000000000000000000e+00
-1.513593208120206146e+00 2.113625577795888444e-03 0.000000000000000000e+00 1.595017444001124440e-01 7.687498042628889694e-01 0.000000000000000000e+00
-1.667197122605908355e+00 -1.104046650139113572e-03 0.000000000000000000e+00 3.663101169523136358e-02 9.909102550959683064e-01 0.000000000000000000e+00
-1.629302606050921032e+00 2.890417823217007742e-03 0.000000000000000000e+00 -8.593555617151577009e-02 9.374696722079737254e-01 0.000000000000000000e+00
-1.393699820005650292e+00 -2.606444118681810335e-04 0.000000000000000000e+00 -1.965492071174543276e-01 5.855775026297761476e-01 0.000000000000000000e+00
1.008117103081935806e+00 -7.982980452120103706e-04 0.000000000000000000e+00 -1.347210073247693540e-01 1.880172073678080813e-01 0.000000000000000000e+00
8.254142765459870912e-01 -1.104073422029267990e-03 0.000000000000000000e+00 -9.861293258136820394e-02 3.160365819852046787e-01 0.000000000000000000e+00
8.482196416735668931e-01 5.630364642808857040e-04 0.000000000000000000e+00 1.190269891808005964e-01 2.624320257510986409e-01 0.000000000000000000e+00
6.376734497916298761e-01 1.382831539467710251e-03 0.000000000000000000e+00 5.083310620765610355e-02 7.374429864724707517e-01 0.000000000000000000e+00
7.168888594944848869e-01 5.446931633145031537e-05 0.000000000000000000e+00 -2.085159346319145901e-01 5.141298510138421207e-01 0.000000000000000000e+00
7.711345136324112559e-01 -1.382844166569387884e-04 0.000000000000000000e+00 2.310401936618505236e-01 3.733841614895822558e-01 0.000000000000000000e+00
6.559654433255039940e-01 9.365095547844599910e-04 0.000000000000000000e+00 -2.161760191073835713e-01 6.603314688735174576e-01 0.000000000000000000e+00
6.096324461297339958e-01 -2.059508927644074228e-04 0.000000000000000000e+00 6.000109055417033460e-02 8.073788832331962873e-01 0.000000000000000000e+00
7.311560164130250783e-01 4.594876142188868660e-04 0.000000000000000000e+00 2.682123682913821749e-01 4.496888262987551732e-01 0.000000000000000000e+00
8.039914271477223151e-01 6.135593186754485090e-06 0.000000000000000000e+00 -2.097066808459153164e-01 3.081755841840033705e-01 0.000000000000000000e+00
7.726631391139657801e-01 1.652339850986754219e-03 0.000000000000000000e+00 -1.708680119502314909e-01 4.010494008802362176e-01 0.000000000000000000e+00
7.210034129250133539e-01 -7.966956144140127649e-05 0.000000000000000000e+00 9.482947357753482298e-02 5.374427006992383848e-01 0.000000000000000000e+00
8.162064802041993916e-01 -6.838896951325132076e-05 0.000000000000000000e+00 -1.328502881607825370e-01 3.225417617757205813e-01 0.000000000000000000e+00
-9.921931858280041983e-01 1.805770133293414445e-06 0.000000000000000000e+00 3.655707400342470687e-02 5.534569771971064450e-02 0.000000000000000000e+00
8.058827446101295422e-01 -2.915319834389704882e-04 0.000000000000000000e+00 1.244760798620474784e-01 3.473988580306512919e-01 0.000000000000000000e+00
7.239296153073424556e-01 2.268392411144923380e-03 0.000000000000000000e+00 5.138157180688827930e-02 5.368704163507753702e-01 0.000000000000000000e+00
7.465225507624519974e-01 6.577746975116576661e-04 0.000000000000000000e+00 -1.045720454703275293e-01 4.793352227740110827e-01 0.000000000000000000e+00
8.017630982148951091e-01 1.308148488913377528e-03 0.000000000000000000e+00 -1.189989876362438359e-01 3.578989874320831488e-01 0.000000000000000000e+00
8.361010861734314847e-01 -8.324648380179325985e-04 0.000000000000000000e+00 1.427133383759083274e-01 2.760511655126546282e-01 0.000000000000000000e+00
6.258799446838152480e-01 1.887598488301143324e-03 0.000000000000000000e+00 -3.068481333287478852e-02 7.678266104622628596e-01 0.000000000000000000e+00
8.121938198567912881e-01 1.537814490228245345e-04 0.000000000000000000e+00 2.421389457918780574e-01 2.618505148147391437e-01 0.000000000000000000e+00
8.086172827546300734e-01 3.213308966876129297e-06 0.000000000000000000e+00 -2.804904520269360657e-01 2.314444169381831007e-01 0.000000000000000000e+00
8.123793086059128976e-01 5.558885738999020353e-04 0.000000000000000000e+00 2.778091128629782691e-01 2.230707791162311049e-01 0.000000000000000000e+00
8.184700495645276241e-01 -5.472879573995533334e-04 0.000000000000000000e+00 -2.254449574025420289e-01 2.604128378374256370e-01 0.000000000000000000e+00
6.972598358504731308e-01 -6.180644005012031483e-04 0.000000000000000000e+00 1.879045309031197042e-01 5.684294747107312418e-01 0.000000000000000000e+00
6.421266139539417717e-01 3.607697981615365368e-03 0.000000000000000000e+00 -4.714203552711124928e-02 7.267314576830466999e-01 0.000000000000000000e+00
7.669933060834910332e-01 4.424095223248721009e-04 0.000000000000000000e+00 -2.031107488891704671e-01 3.989117553898610669e-01 0.000000000000000000e+00
7.398952631362751831e-01 -1.059499875218059689e-03 0.000000000000000000e+00 -1.621518901469358176e-01 4.780038973377288558e-01 0.000000000000000000e+00
6.928460077469339451e-01 1.564941194759540341e-03 0.000000000000000000e+00 -2.283970756475837451e-03 6.086934840505218158e-01 0.000000000000000000e+00
7.373061505883006239e-01 -1.566019566919367011e-03 0.000000000000000000e+00 1.607240796670512673e-01 4.843449225326940111e-01 0.000000000000000000e+00
7.716005503723251113e-01 1.859489317037261438e-03 0.000000000000000000e+00 2.027692183814807647e-01 3.883726220118306482e-01 0.000000000000000000e+00
6.393995921320561049e-01 -4.038255751978667846e-04 0.000000000000000000e+00 3.395487167151010899e-02 7.341731439633817358e-01 0.000000000000000000e+00
7.135928182424928767e-01 -2.343658354255516180e-03 0.000000000000000000e+00 -2.007388821895665365e-01 5.250196140860809990e-01 0.000000000000000000e+00
8.044563114579019736e-01 5.803181014993330500e-04 0.000000000000000000e+00 2.275275924937716354e-01 2.941036779555730174e-01 0.000000000000000000e+00
6.458454554274122295e-01 2.399355283753916348e-03 0.000000000000000000e+00 3.195688477824492613e-01 6.443282822938558585e-01 0.000000000000000000e+00
5.569490893653571417e-01 -1.310601267467259926e-03 0.000000000000000000e+00 2.014583972076640084e-01 9.291101246662303303e-01 0.000000000000000000e+00
5.327999646524195221e-01 -4.784273410104612073e-03 0.000000000000000000e+00 -4.346746822331461896e-03 1.019734320833620700e+00 0.000000000000000000e+00
5.609263064618794647e-01 2.729455675900807100e-03 0.000000000000000000e+00 -2.166959144040844221e-01 9.142616464967101564e-01 0.000000000000000000e+00
6.556577096539686345e-01 -1.073129002293766662e-03 0.000000000000000000e+00 -3.230812675388676780e-01 6.159717869172014471e-01 0.000000000000000000e+00
8.082181073741486754e-01 9.922209387113519602e-05 0.000000000000000000e+00 -2.205510659158248510e-01 2.901202609719499281e-01 0.000000000000000000e+00
-9.715403066214438610e-01 -1.791757253531700567e-06 0.000000000000000000e+00 5.859645878356159465e-02 5.718481637524388400e-02 0.000000000000000000e+00
7.863705219673280400e-01 9.332668456864239709e-04 0.000000000000000000e+00 2.214352433676080034e-01 3.426551181995631801e-01 0.000000000000000000e+00
6.634381367809754071e-01 8.697111842130792608e-04 0.000000000000000000e+00 -2.328228913861453142e-01 6.357232945888237063e-01 0.000000000000000000e+00
6.038547260675486417e-01 -3.114362452991453235e-03 0.000000000000000000e+00 1.687779877434524706e-02 8.242994052213983291e-01 0.000000000000000000e+00
6.807074342499203068e-01 2.483580793394708861e-03 0.000000000000000000e+00 2.473603756251426256e-01 5.865382514899428745e-01 0.000000000000000000e+00
7.701798381336504296e-01 -1.004545376802775097e-03 0.000000000000000000e+00 -2.368672225235459450e-01 3.720517524518832664e-01 0.000000000000000000e+00
6.787073908275542689e-01 -5.028383751922733264e-04 0.000000000000000000e+00 1.750165995616894954e-01 6.168594591240056380e-01 0.000000000000000000e+00
6.484336450051025880e-01 1.654017599254441022e-03 0.000000000000000000e+00 -1.071207472783404502e-01 7.048504672662578852e-01 0.000000000000000000e+00
8.413980042320028385e-01 -8.515378874867285050e-04 0.000000000000000000e+00 2.230242887639060090e-01 2.018827692266774720e-01 0.000000000000000000e+00
-1.135785427967041405e+00 4.655405306163407607e-04 0.000000000000000000e+00 -1.259732273091229149e-01 1.979805028815666557e-01 0.000000000000000000e+00
-1.172544072430488749e+00 -1.367825225458836093e-03 0.000000000000000000e+00 -6.560149532281106706e-03 2.909655924605907273e-01 0.000000000000000000e+00
-1.249891606972738156e+00 1.479566377350621104e-04 0.000000000000000000e+00 -4.583472052876461089e-02 4.054616222804409698e-01 0.000000000000000000e+00
-1.250884560928654743e+00 6.517865564244808285e-04 0.000000000000000000e+00 9.947398034642930542e-02 3.972625728219307262e-01 0.000000000000000000e+00
-1.350727131378843371e+00 -8.010078482786411880e-04 0.000000000000000000e+00 2.616413934699540755e-02 5.554972945997136424e-01 0.000000000000000000e+00
-1.265185783699128041e+00 3.766802607421083568e-04 0.000000000000000000e+00 -1.061431920981396743e-01 4.175559156196976263e-01 0.000000000000000000e+00
9.969248465997437858e-01 -1.645912023190109798e-03 0.000000000000000000e+00 7.267982094276978500e-02 3.403761061905642982e-01 0.000000000000000000e+00
9.265915662287083077e-01 -6.587758701875457258e-04 0.000000000000000000e+00 3.305635717287554870e-02 1.572202732125439761e-01 0.000000000000000000e+00
9.506978419002687364e-01 3.294412542161221985e-04 0.000000000000000000e+00 -4.080559747965105399e-02 1.323711424907554890e-01 0.000000000000000000e+00
9.509468265821017230e-01 4.140565560340666576e-04 0.000000000000000000e+00 4.331734889569787555e-02 1.314431950504629243e-01 0.000000000000000000e+00
9.262916747567039311e-01 6.961957073040726633e-04 0.000000000000000000e+00 -3.502465079918780366e-02 1.571732988428700406e-01 0.000000000000000000e+00
1.000798621568159907e+00 1.510768647027918880e-03 0.000000000000000000e+00 -2.417089297120376679e-01 1.612874131117128518e-01 0.000000000000000000e+00
-1.331977778451882699e+00 -1.190174079833738584e-03 0.000000000000000000e+00 7.184113119922350132e-02 5.240681214423097423e-01 0.000000000000000000e+00
-1.267161646132646702e+00 -8.802691887557863217e-04 0.000000000000000000e+00 -1.146844152782401371e-01 4.183361768531838609e-01 0.000000000000000000e+00
-1.400448658648197231e+00 2.935782714089223144e-04 0.000000000000000000e+00 -9.352652046326528912e-02 6.202652825563625960e-01 0.000000000000000000e+00
-1.206552583131441869e+00 4.875576939696018436e-04 0.000000000000000000e+00 1.655952311540343780e-01 3.001730381452498708e-01 0.000000000000000000e+00
-1.425186546656415532e+00 2.753197199165131198e-03 0.000000000000000000e+00 6.494817702899094436e-02 6.590686547397379691e-01 0.000000000000000000e+00
8.491021283259170271e-01 -6.222379082383051874e-04 0.000000000000000000e+00 4.820656423391142531e-02 2.824545364725342123e-01 0.000000000000000000e+00
-9.822106076594306900e-01 -1.180371469083866414e-04 0.000000000000000000e+00 -6.704814909144840573e-02 2.621779720133420727e-02 0.000000000000000000e+00
8.268739650174381506e-01 -3.377124806008234559e-04 0.000000000000000000e+00 -5.375350096665425237e-02 3.238431008403476752e-01 0.000000000000000000e+00
8.758995365823839530e-01 9.607320876144397406e-04 0.000000000000000000e+00 1.141591502413780157e-01 2.095014274292612000e-01 0.000000000000000000e+00
-1.427786992712912539e+00 8.706624828577827491e-04 0.000000000000000000e+00 -3.711409767731037312e-02 6.648837886551138832e-01 0.000000000000000000e+00
-1.328962899645614204e+00 -1.691085029594332351e-03 0.000000000000000000e+00 -1.391371524752772759e-01 5.058003754498385796e-01 0.000000000000000000e+00
-1.352635429295214742e+00 2.075597529540135905e-03 0.000000000000000000e+00 1.283100157520707385e-01 5.439386632308823577e-01 0.000000000000000000e+00
-1.417482876769313727e+00 -1.720078347497456042e-03 0.000000000000000000e+00 3.888043259136525487e-02 6.502335755738399836e-01 0.000000000000000000e+00
-1.119504999950336144e+00 2.764276273011226012e-04 0.000000000000000000e+00 8.275780947986899339e-02 1.926468887308096511e-01 0.000000000000000000e+00
-1.246987789064347263e+00 -1.088511934379779618e-04 0.000000000000000000e+00 -4.707467342743742143e-03 4.036757880821394417e-01 0.000000000000000000e+00
-1.157746350603687802e+00 5.153051221295848472e-04 0.000000000000000000e+00 3.871274779530368970e-02 2.655693679241024618e-01 0.000000000000000000e+00
9.834345694795328940e-01 -7.915838653473499832e-04 0.000000000000000000e+00 4.096151656206560576e-02 1.669537266145987853e-01 0.000000000000000000e+00
-1.387131057203499829e+00 -1.133653826659023010e-03 0.000000000000000000e+00 -1.334319727068418171e-01 5.935162852942899026e-01 0.000000000000000000e+00
-1.482099531213060928e+00 -3.905597381171840854e-04 0.000000000000000000e+00 5.257893791699933678e-02 7.398568015936871634e-01 0.000000000000000000e+00
-1.102137412843575026e+00 -3.404278605264143658e-04 0.000000000000000000e+00 1.534203091749057335e-01 9.998162936495164077e-02 0.000000000000000000e+00
-1.133476341084962868e+00 3.274549492773932632e-04 0.000000000000000000e+00 -1.676932345045138717e-01 1.590348078825644662e-01 0.000000000000000000e+00
-1.484639241745392191e+00 -1.464718811967162613e-03 0.000000000000000000e+00 -5.297257613302271823e-02 7.433532042730115474e-01 0.000000000000000000e+00
-1.396623307956010418e+00 -2.380500693824054437e-03 0.000000000000000000e+00 1.281853832081818467e-01 6.084903592551945684e-01 0.000000000000000000e+00
1.016860969190204855e+00 4.479536496150544151e-05 0.000000000000000000e+00 -1.534163130839991118e-01 7.152637729932173616e-02 0.000000000000000000e+00
8.604356931289138810e-01 6.130858731021940344e-04 0.000000000000000000e+00 -2.120641799279420203e-01 1.604155386905600222e-01 0.000000000000000000e+00
6.492753253350600495e-01 1.281196711853597840e-03 0.000000000000000000e+00 1.038215755166611853e-01 7.032881812662136189e-01 0.000000000000000000e+00
6.781514759518895152e-01 -2.686374920870492761e-03 0.000000000000000000e+00 -1.698414729434510606e-01 6.196304953165164831e-01 0.000000000000000000e+00
7.792765539206111258e-01 -1.194323065684530037e-03 0.000000000000000000e+00 2.374865940860872993e-01 3.493001924634805411e-01 0.000000000000000000e+00
7.428849856296948495e-01 1.351536925925879342e-03 0.000000000000000000e+00 -2.636964179085812265e-01 4.228840163557130438e-01 0.000000000000000000e+00
6.132887026703539579e-01 6.063266792484534040e-04 0.000000000000000000e+00 -1.761553994107060289e-02 8.000595286242659920e-01 0.000000000000000000e+00
7.145740358652250546e-01 -4.088170362243198890e-04 0.000000000000000000e+00 2.562324683879298459e-01 4.978560563035184794e-01 0.000000000000000000e+00
7.103351115740517141e-01 9.324909167577719211e-04 0.000000000000000000e+00 -2.563623775436596475e-01 5.083488668488633788e-01 0.000000000000000000e+00
6.120010948204522849e-01 -1.394399928968379811e-04 0.000000000000000000e+00 1.219377517347184844e-02 8.034490479659542883e-01 0.000000000000000000e+00
7.288884668982159587e-01 -1.612452356738007520e-03 0.000000000000000000e+00 2.630142510931645639e-01 4.584297000507472353e-01 0.000000000000000000e+00
7.400313890593392951e-01 9.974934133052341251e-04 0.000000000000000000e+00 -2.591343793652031158e-01 4.328281905163347543e-01 0.000000000000000000e+00
6.170300001418667080e-01 -3.445365010401975001e-04 0.000000000000000000e+00 1.886997745687226183e-02 7.905141297240922960e-01 0.000000000000000000e+00
7.804656794579110102e-01 8.214043414472155247e-04 0.000000000000000000e+00 2.569748459673520946e-01 3.321654472325810126e-01 0.000000000000000000e+00
6.466558279315969271e-01 1.716857812491946571e-04 0.000000000000000000e+00 3.188037344565523012e-01 6.425242597511704457e-01 0.000000000000000000e+00
5.628010475500023757e-01 8.931811796028424170e-04 0.000000000000000000e+00 2.101422156451873136e-01 9.104684068407316033e-01 0.000000000000000000e+00
5.346410973028763447e-01 2.533780567869316908e-03 0.000000000000000000e+00 1.595918324288987666e-02 1.014286299508462719e+00 0.000000000000000000e+00
5.536069529026108604e-01 2.447297823823388167e-03 0.000000000000000000e+00 -1.831231031987017588e-01 9.424476608575527159e-01 0.000000000000000000e+00
6.259302659513918954e-01 2.434494468928702013e-03 0.000000000000000000e+00 -3.116984332432617411e-01 7.022544750336846553e-01 0.000000000000000000e+00
7.633348611671888495e-01 -9.149849780076945577e-04 0.000000000000000000e+00 -2.760852676080339796e-01 3.619736843381390345e-01 0.000000000000000000e+00
6.212814864090641098e-01 2.780373716454877242e-03 0.000000000000000000e+00 -1.648860627218661501e-01 7.623534752100549206e-01 0.000000000000000000e+00
6.035475040080062747e-01 -3.171903584935557678e-03 0.000000000000000000e+00 8.096629480953043689e-02 8.212870393029092497e-01 0.000000000000000000e+00
6.919741746519116887e-01 1.538356273391553591e-03 0.000000000000000000e+00 2.639350418015485311e-01 5.507116656460782078e-01 0.000000000000000000e+00
8.325938867854364434e-01 -1.260709357571403524e-03 0.000000000000000000e+00 -1.639111284907583677e-01 2.717880437200006494e-01 0.000000000000000000e+00
8.179784720264381415e-01 -1.313278448432165721e-03 0.000000000000000000e+00 -1.057557837877899504e-01 3.288049782874495341e-01 0.000000000000000000e+00
7.882275948408341559e-01 1.689350395106554298e-04 0.000000000000000000e+00 8.888178304100822699e-03 4.041305443109300954e-01 0.000000000000000000e+00
8.140375176431919879e-01 1.526024061507621002e-03 0.000000000000000000e+00 1.038951841010734289e-01 3.374157577244164541e-01 0.000000000000000000e+00
8.847854501574150543e-01 7.346950287272311503e-04 0.000000000000000000e+00 1.592536847798374233e-01 1.566996234868162086e-01 0.000000000000000000e+00
9.928961118303918365e-01 1.549444693378790121e-04 0.000000000000000000e+00 -2.249385376242002965e-01 1.201813363502583637e-01 0.000000000000000000e+00
-1.145729500957574087e+00 -3.436122500690068186e-04 0.000000000000000000e+00 1.933304819567527658e-02 2.491882691235079994e-01 0.000000000000000000e+00
8.993133095455041470e-01 2.676741946584595706e-04 0.000000000000000000e+00 -1.597423807556174191e-01 1.198130976325671171e-01 0.000000000000000000e+00
8.027147687407045762e-01 1.338341073289251240e-03 0.000000000000000000e+00 1.629919346806081859e-01 3.380385494168494098e-01 0.000000000000000000e+00
7.730295302742472563e-01 6.698543757724623009e-04 0.000000000000000000e+00 2.113885093825130235e-01 3.803942581489796471e-01 0.000000000000000000e+00
6.294202407690686618e-01 1.281008391184517217e-03 0.000000000000000000e+00 -5.025402683623968192e-02 7.579458547096775689e-01 0.000000000000000000e+00
8.076161511645423285e-01 -3.841796695452440180e-04 0.000000000000000000e+00 2.425502848250247201e-01 2.735803510624433832e-01 0.000000000000000000e+00
8.191490216199872609e-01 2.301372237653647942e-04 0.000000000000000000e+00 -2.854001758969887392e-01 1.904864602643444038e-01 0.000000000000000000e+00
6.064308120497527987e-01 1.567589962449092954e-03 0.000000000000000000e+00 3.080253251315812069e-01 7.576225111288619196e-01 0.000000000000000000e+00
5.321743368043354572e-01 -1.895195910837324527e-03 0.000000000000000000e+00 1.069724954373021952e-01 1.016014742642738611e+00 0.000000000000000000e+00
5.405755193084473831e-01 -1.532321882168002393e-03 0.000000000000000000e+00 -1.571306689635034448e-01 9.847611373459579376e-01 0.000000000000000000e+00
6.365282828280844907e-01 -1.139323511459816585e-03 0.000000000000000000e+00 -3.277833630772847284e-01 6.657018489419860297e-01 0.000000000000000000e+00
7.705507134666090829e-01 -3.816266063053921041e-05 0.000000000000000000e+00 3.175792566879069856e-01 3.049606999156294629e-01 0.000000000000000000e+00
8.207158550262751984e-01 6.511213752296853789e-04 0.000000000000000000e+00 -3.020624233198578312e-01 1.562951655914625038e-01 0.000000000000000000e+00
4.884173238739248912e-01 2.240400096195204610e-03 0.000000000000000000e+00 7.110843712170544784e-02 1.153299491353791062e+00 0.000000000000000000e+00
6.270747891559094178e-01 2.460622899389986514e-03 0.000000000000000000e+00 -3.915405222443761879e-01 6.577489655372130706e-01 0.000000000000000000e+00
5.315757929493745149e-01 1.624638519294064644e-03 0.000000000000000000e+00 2.721072124463229658e-01 9.865611701024139535e-01 0.000000000000000000e+00
-9.162944796551351079e-01 1.270376786679372613e-04 0.000000000000000000e+00 -1.589040353178932108e-01 3.615032364708350987e-02 0.000000000000000000e+00
5.208956464385650076e-01 -3.529468022913984093e-03 0.000000000000000000e+00 -2.344911360388370891e-01 1.028623120221495046e+00 0.000000000000000000e+00
6.598611839202302987e-01 1.300240907912796409e-03 0.000000000000000000e+00 3.910496086608575839e-01 5.630464392587415379e-01 0.000000000000000000e+00
4.819897024344133030e-01 5.415761025704349946e-03 0.000000000000000000e+00 -7.553148052546454494e-02 1.173680202607307432e+00 0.000000000000000000e+00
7.528808680962810751e-01 -1.028466381831920698e-03 0.000000000000000000e+00 3.649167925133984247e-01 3.074252723258473208e-01 0.000000000000000000e+00
7.921135847810976127e-01 -3.539069937325885901e-04 0.000000000000000000e+00 -3.428510113715408369e-01 1.989880674578320963e-01 0.000000000000000000e+00
4.617422260630549280e-01 3.404289744721047430e-03 0.000000000000000000e+00 -1.249658890117935073e-01 1.237028982174245506e+00 0.000000000000000000e+00
5.677198329920631892e-01 2.356152198571668469e-03 0.000000000000000000e+00 4.256666956840810534e-01 8.165518943320939638e-01 0.000000000000000000e+00
5.027049689844327318e-01 -4.581559217757387448e-03 0.000000000000000000e+00 -3.371855866216252329e-01 1.058014166122459576e+00 0.000000000000000000e+00
4.774900117830102042e-01 -1.009772271617795023e-03 0.000000000000000000e+00 2.612674223554160013e-01 1.161868545230447136e+00 0.000000000000000000e+00
6.331192548813978638e-01 -1.849483631108417986e-03 0.000000000000000000e+00 -4.305244094603249971e-01 6.146689926476824883e-01 0.000000000000000000e+00
4.665835465971757134e-01 5.176835471783845788e-03 0.000000000000000000e+00 6.240371432477836988e-02 1.225344077068991400e+00 0.000000000000000000e+00
7.977216374258124798e-01 3.163093878825349800e-04 0.000000000000000000e+00 3.340157376167423031e-01 1.918657883446209245e-01 0.000000000000000000e+00
7.574516736352936430e-01 6.119350961018860807e-04 0.000000000000000000e+00 -3.540055007588863711e-01 3.054080702120209878e-01 0.000000000000000000e+00
5.001016086754849210e-01 -2.161784378128868856e-03 0.000000000000000000e+00 1.460020129453307169e-01 1.109010094538768199e+00 0.000000000000000000e+00
5.694777289729140435e-01 3.548212640368279477e-03 0.000000000000000000e+00 -3.535033793796280577e-01 8.450322336946696211e-01 0.000000000000000000e+00
5.700975452275897082e-01 3.882222862599033278e-03 0.000000000000000000e+00 3.432649870129004244e-01 8.474059819407691041e-01 0.000000000000000000e+00
5.016876229265841980e-01 -4.242015591770805991e-03 0.000000000000000000e+00 -1.432660679667565051e-01 1.104342886806394031e+00 0.000000000000000000e+00
7.533876008751998476e-01 7.666701683891122276e-04 0.000000000000000000e+00 3.561172975332139723e-01 3.159710919948007790e-01 0.000000000000000000e+00
8.083483244271718604e-01 1.962954591779282956e-04 0.000000000000000000e+00 -3.247226539425706604e-01 1.648724528365027586e-01 0.000000000000000000e+00
4.643303287132082291e-01 -3.640159949364783418e-03 0.000000000000000000e+00 -1.003110438848069108e-01 1.230481147357197491e+00 0.000000000000000000e+00
5.881899515030795111e-01 2.138370967266505288e-03 0.000000000000000000e+00 4.307205006651558810e-01 7.507909440780571320e-01 0.000000000000000000e+00
4.906820504213747491e-01 1.973382171172799980e-03 0.000000000000000000e+00 -3.111163848490454686e-01 1.105335568217764131e+00 0.000000000000000000e+00
4.892415448842236669e-01 -3.500127138806301968e-04 0.000000000000000000e+00 3.024143200019198119e-01 1.112519861943135346e+00 0.000000000000000000e+00
5.913683204218963541e-01 8.403413965775139750e-04 0.000000000000000000e+00 -4.347506666158278410e-01 7.387264534427719909e-01 0.000000000000000000e+00
4.646244443878218000e-01 5.483492209497424150e-03 0.000000000000000000e+00 9.303064921898843154e-02 1.229997252705626209e+00 0.000000000000000000e+00
8.063828320681165618e-01 5.065781541929012186e-04 0.000000000000000000e+00 3.265144273166007416e-01 1.698418914200821028e-01 0.000000000000000000e+00
7.525759983469064718e-01 9.220359726562297326e-04 0.000000000000000000e+00 -3.577941686479870764e-01 3.166596882805624569e-01 0.000000000000000000e+00
4.993885732487423623e-01 -3.724902425485614177e-03 0.000000000000000000e+00 1.476639581602595119e-01 1.111007845622455914e+00 0.000000000000000000e+00
5.712608587672858285e-01 1.998232484338223133e-03 0.000000000000000000e+00 -3.542867867507604185e-01 8.394363792316603679e-01 0.000000000000000000e+00
5.656853007689992552e-01 7.546364714887399128e-06 0.000000000000000000e+00 3.441081168073748531e-01 8.601697828548340308e-01 0.000000000000000000e+00
5.012815874838227881e-01 4.230653436039247262e-03 0.000000000000000000e+00 -1.603460382117302130e-01 1.103269935612743780e+00 0.000000000000000000e+00
7.401235583488714465e-01 6.086332356443780595e-04 0.000000000000000000e+00 3.648038394416611707e-01 3.481606226740290300e-01 0.000000000000000000e+00
8.566654975996287336e-01 -2.337507853194928289e-04 0.000000000000000000e+00 -2.662720061905411439e-01 5.893169892976078683e-02 0.000000000000000000e+00
4.630031854162384164e-01 1.956333518828278287e-03 0.000000000000000000e+00 -1.513012870536105670e-01 1.229811191548558336e+00 0.000000000000000000e+00
5.472031670785323376e-01 -2.267977793581742868e-03 0.000000000000000000e+00 4.188943940342761962e-01 8.840120167218169511e-01 0.000000000000000000e+00
5.142942427022050289e-01 -4.588070611410415868e-03 0.000000000000000000e+00 -3.630515161717985384e-01 1.011724840953630133e+00 0.000000000000000000e+00
4.719153777543682038e-01 8.221908758275693098e-04 0.000000000000000000e+00 2.257186753443516936e-01 1.187997891804716044e+00 0.000000000000000000e+00
6.645331924381692179e-01 -2.375002952310792045e-03 0.000000000000000000e+00 -4.172744930463554991e-01 5.298433360834251538e-01 0.000000000000000000e+00
4.726540049902844265e-01 1.480691873918989383e-03 0.000000000000000000e+00 7.399288224299536976e-02 1.204517689449930096e+00 0.000000000000000000e+00
7.157906849969413177e-01 1.411174742314249414e-03 0.000000000000000000e+00 -3.703113842920828791e-01 4.163928268760062057e-01 0.000000000000000000e+00
5.279629993549310729e-01 3.249682360817896659e-04 0.000000000000000000e+00 2.315009422868394839e-01 1.007787987602157820e+00 0.000000000000000000e+00
-9.526278752444055087e-01 -5.397764891214979193e-05 0.000000000000000000e+00 -3.010442306883832214e-02 1.014263324331598770e-01 0.000000000000000000e+00
5.246961329115873429e-01 3.978762832006809205e-03 0.000000000000000000e+00 -2.272702600162997411e-01 1.018621645471362136e+00 0.000000000000000000e+00
7.285994591269756571e-01 -1.035394030014860633e-04 0.000000000000000000e+00 3.637595895314910122e-01 3.843023339908651081e-01 0.000000000000000000e+00
4.689456221870793029e-01 2.046047989542378216e-03 0.000000000000000000e+00 -9.790198425031386431e-02 1.215171652260950363e+00 0.000000000000000000e+00
6.227223012308549244e-01 2.596071595587539499e-03 0.000000000000000000e+00 4.280070640967048590e-01 6.477418119776527927e-01 0.000000000000000000e+00
4.803166780713246098e-01 -6.816045799978003722e-04 0.000000000000000000e+00 -2.535181066245088544e-01 1.154139027486032143e+00 0.000000000000000000e+00
5.120324103835546259e-01 3.430747707854968701e-03 0.000000000000000000e+00 3.511492179419077320e-01 1.023215665820859321e+00 0.000000000000000000e+00
5.497297815754784711e-01 -2.126784659695486659e-03 0.000000000000000000e+00 -4.074746686990639022e-01 8.814289165467430465e-01 0.000000000000000000e+00
4.689253584283218368e-01 1.566252948968917084e-03 0.000000000000000000e+00 1.686101002744891109e-01 1.207472464125065592e+00 0.000000000000000000e+00
6.919615359871579274e-01 1.020984960163461280e-03 0.000000000000000000e+00 -3.978564975160875372e-01 4.633610145084528509e-01 0.000000000000000000e+00
4.887080713367485396e-01 -4.396409787061062585e-03 0.000000000000000000e+00 1.369124745432108714e-01 1.146369692706572074e+00 0.000000000000000000e+00
6.025605355739824809e-01 2.869435368634064287e-03 0.000000000000000000e+00 -3.932875101397048656e-01 7.284643252670004454e-01 0.000000000000000000e+00
5.226903671560594322e-01 1.148132899350035041e-03 0.000000000000000000e+00 2.700279456838995951e-01 1.014359191636498680e+00 0.000000000000000000e+00
-9.478997969109196342e-01 -1.844861923487911733e-04 0.000000000000000000e+00 5.052136120029182553e-02 1.006504368429730623e-01 0.000000000000000000e+00
5.274598594742058166e-01 -1.141486748659532521e-03 0.000000000000000000e+00 -2.836561840708224924e-01 9.959160377790786667e-01 0.000000000000000000e+00
5.955391291225364814e-01 9.931358001307941108e-04 0.000000000000000000e+00 3.842876834417432441e-01 7.538850412830380154e-01 0.000000000000000000e+00
4.909648646644086400e-01 2.848499956175213656e-03 0.000000000000000000e+00 -1.444079482578665419e-01 1.138233720109998792e+00 0.000000000000000000e+00
6.923088920545288349e-01 2.320501356707334664e-03 0.000000000000000000e+00 3.944645649384991293e-01 4.652054210181644223e-01 0.000000000000000000e+00
4.693101077751328232e-01 1.911425593594025078e-03 0.000000000000000000e+00 -1.635011547399480292e-01 1.206874210613996468e+00 0.000000000000000000e+00
5.592011534188005006e-01 -2.012855474085943272e-03 0.000000000000000000e+00 4.184132377286412519e-01 8.466803843912462657e-01 0.000000000000000000e+00
5.018636592541908525e-01 4.115278836682641564e-03 0.000000000000000000e+00 -3.380679513244146950e-01 1.060488568829612843e+00 0.000000000000000000e+00
4.870573833262904495e-01 -5.074896556679935403e-03 0.000000000000000000e+00 2.914732969729929013e-01 1.122570858560100637e+00 0.000000000000000000e+00
5.909170769308822457e-01 3.562828905234958696e-03 0.000000000000000000e+00 -4.328876736755800092e-01 7.411704465538273556e-01 0.000000000000000000e+00
4.693043119210489333e-01 5.854646461676713161e-03 0.000000000000000000e+00 1.136410394491196296e-01 1.212493828646528105e+00 0.000000000000000000e+00
7.156424525338995757e-01 -1.075104362620226718e-03 0.000000000000000000e+00 -3.755489650143645219e-01 4.121227152597132237e-01 0.000000000000000000e+00
5.108512065127521762e-01 4.722399153783553988e-03 0.000000000000000000e+00 1.846184384174583970e-01 1.069530786855882099e+00 0.000000000000000000e+00
5.466100859085201158e-01 1.617121104217510499e-03 0.000000000000000000e+00 -3.104360409848994085e-01 9.294520007347286672e-01 0.000000000000000000e+00
6.041940865086945500e-01 -9.931043387486383767e-04 0.000000000000000000e+00 3.785513158811449896e-01 7.314853016804414576e-01 0.000000000000000000e+00
4.931420361807304920e-01 2.027389593428864309e-03 0.000000000000000000e+00 -8.959180481001385865e-02 1.136934049013224923e+00 0.000000000000000000e+00
8.925744875006549339e-01 -1.383478007354975838e-05 0.000000000000000000e+00 2.103255883581840457e-01 8.893112824693457513e-03 0.000000000000000000e+00
7.626178057148864653e-01 1.228643961900342330e-03 0.000000000000000000e+00 -3.148528807956078035e-01 3.308798059905133648e-01 0.000000000000000000e+00
7.083495302369069435e-01 -1.661942390708034956e-03 0.000000000000000000e+00 3.311676422284436372e-01 4.685417860587736127e-01 0.000000000000000000e+00
5.450900803072491474e-01 3.401785694070346387e-03 0.000000000000000000e+00 2.061242363576751280e-01 9.624084244533864796e-01 0.000000000000000000e+00
5.251158356809720873e-01 -4.275134523591727145e-04 0.000000000000000000e+00 -1.006885916999910313e-01 1.037585408999933900e+00 0.000000000000000000e+00
6.214936830820797509e-01 -1.497649536830876829e-03 0.000000000000000000e+00 -3.319485012546493641e-01 7.052542681712117290e-01 0.000000000000000000e+00
7.072682556516647345e-01 -1.559968130516082435e-03 0.000000000000000000e+00 3.505703926647081303e-01 4.572552235642669549e-01 0.000000000000000000e+00
5.045338815557763867e-01 8.213558316111104450e-04 0.000000000000000000e+00 9.937967078208233274e-02 1.100342578655234327e+00 0.000000000000000000e+00
5.726134871840236062e-01 -2.171501533185597396e-03 0.000000000000000000e+00 -3.295047954272883328e-01 8.455094048588696065e-01 0.000000000000000000e+00
6.095081107519544350e-01 -2.478581432474721499e-03 0.000000000000000000e+00 3.706404166056229688e-01 7.201491113771185670e-01 0.000000000000000000e+00
