9.837191573057481042e-01 3.522302458820915231e-04 0.000000000000000000e+00 1.337932065963858830e-01 1.146858572736632609e-01 0.000000000000000000e+00
8.841834191300401713e-01 -3.833423808643826244e-05 0.000000000000000000e+00 -1.268026935164112412e-01 1.878483772856912037e-01 0.000000000000000000e+00
8.266776174105421315e-01 2.598407997838924396e-04 0.000000000000000000e+00 -2.237869545563465207e-02 3.294023290464329623e-01 0.000000000000000000e+00
8.359939723356808461e-01 -4.142433762812018465e-04 0.000000000000000000e+00 -5.585425558347924951e-03 3.125105587614883662e-01 0.000000000000000000e+00
8.375019426561113312e-01 6.061660488283450096e-04 0.000000000000000000e+00 6.432855199598405682e-02 3.029833876699873363e-01 0.000000000000000000e+00
8.124912401343616919e-01 -8.658719561183761404e-04 0.000000000000000000e+00 1.213710428162655397e-01 3.362256484748639696e-01 0.000000000000000000e+00
7.217781722114389176e-01 -2.536086127191919219e-03 0.000000000000000000e+00 6.044984152196923588e-02 5.415869551595319242e-01 0.000000000000000000e+00
7.425728247649223679e-01 -1.572678857119692158e-03 0.000000000000000000e+00 -1.048222225632049337e-01 4.889122518523684180e-01 0.000000000000000000e+00
8.067950647078721005e-01 -3.634671936121047775e-04 0.000000000000000000e+00 -1.192886029476121490e-01 3.487480188368770051e-01 0.000000000000000000e+00
9.259599186304645624e-01 -2.612024741487595182e-04 0.000000000000000000e+00 6.295247169991238789e-02 1.519761244113150556e-01 0.000000000000000000e+00
9.325325402350856940e-01 1.464986171743195772e-04 0.000000000000000000e+00 -6.257321880518865176e-02 1.438821822374697634e-01 0.000000000000000000e+00
8.622436606566679096e-01 4.651158350850309597e-04 0.000000000000000000e+00 -1.229158335161238125e-01 2.342562500077501886e-01 0.000000000000000000e+00
8.854133597274300715e-01 9.386812406124201997e-04 0.000000000000000000e+00 1.030848414067368421e-02 2.243529015827009920e-01 0.000000000000000000e+00
7.103923693650727733e-01 -5.730989661198657159e-04 0.000000000000000000e+00 2.526822826213777351e-02 5.695150774400151716e-01 0.000000000000000000e+00
8.012641577113883695e-01 5.492891738286074382e-04 0.000000000000000000e+00 -1.340978948499239320e-01 3.549873776199566899e-01 0.000000000000000000e+00
7.673352518549133583e-01 -8.947649298546335450e-04 0.000000000000000000e+00 8.227624584674642083e-02 4.404269741833960472e-01 0.000000000000000000e+00
8.365471063984950550e-01 -5.002470348424749302e-06 0.000000000000000000e+00 1.635884749410294048e-01 2.651166611445625598e-01 0.000000000000000000e+00
8.442334086464110543e-01 4.332471976662786300e-04 0.000000000000000000e+00 -2.580034484501966263e-01 1.475714219986220543e-01 0.000000000000000000e+00
7.153802673179765481e-01 -2.133605478622153852e-03 0.000000000000000000e+00 3.265759408038715894e-01 4.537187048182707017e-01 0.000000000000000000e+00
5.513229927812819398e-01 5.318426519513985012e-04 0.000000000000000000e+00 2.283267002256688660e-01 9.397107503574513299e-01 0.000000000000000000e+00
5.225658514382898190e-01 2.051951520944109673e-03 0.000000000000000000e+00 -6.299099836405636088e-02 1.048618409474313173e+00 0.000000000000000000e+00
5.918244595684618581e-01 3.303863792365557481e-03 0.000000000000000000e+00 -3.117770956310638164e-01 7.977420693622121473e-01 0.000000000000000000e+00
7.695117100741485361e-01 -7.390587849050956823e-04 0.000000000000000000e+00 3.262100889072614418e-01 3.005548225806838891e-01 0.000000000000000000e+00
8.019897257216082043e-01 -3.744426812342200803e-04 0.000000000000000000e+00 -3.221203839933243773e-01 1.978707297979567237e-01 0.000000000000000000e+00
4.883053318882565330e-01 2.974377409012428364e-03 0.000000000000000000e+00 8.058465720221454076e-02 1.153454751755306651e+00 0.000000000000000000e+00
6.166284651948380491e-01 3.053605753890939294e-03 0.000000000000000000e+00 -3.927134117393677459e-01 6.882226640066080314e-01 0.000000000000000000e+00
5.305800449253179618e-01 -3.166283743896467634e-03 0.000000000000000000e+00 2.854840184674647396e-01 9.863013499879826895e-01 0.000000000000000000e+00
5.168064953025276465e-01 1.879536030630787197e-03 0.000000000000000000e+00 -2.386509510972578685e-01 1.040783616759818786e+00 0.000000000000000000e+00
6.546845390526401243e-01 -1.868602359286729298e-03 0.000000000000000000e+00 3.973394633195765913e-01 5.746069561276976323e-01 0.000000000000000000e+00
4.804779091194197327e-01 4.613881576669122409e-03 0.000000000000000000e+00 -8.006005402028718021e-02 1.178751492411497459e+00 0.000000000000000000e+00
7.392039866853942209e-01 9.731004551647368106e-04 0.000000000000000000e+00 3.759050124799371284e-01 3.405578360419924677e-01 0.000000000000000000e+00
8.154893742253204181e-01 5.003848487884292838e-04 0.000000000000000000e+00 -3.227438686096643083e-01 1.396076413308221797e-01 0.000000000000000000e+00
4.584568791744421667e-01 5.773707126771374099e-03 0.000000000000000000e+00 -2.046834065941571246e-01 1.238030334422075107e+00 0.000000000000000000e+00
5.060671080723451176e-01 2.260600507233016636e-03 0.000000000000000000e+00 3.743448821102854929e-01 1.034927273158261052e+00 0.000000000000000000e+00
5.619121358878202965e-01 -1.107640566157871466e-03 0.000000000000000000e+00 -4.391596822471645623e-01 8.281903362364714249e-01 0.000000000000000000e+00
4.522039165339071243e-01 1.558487958383707357e-03 0.000000000000000000e+00 7.539563211537378407e-02 1.274247152223569213e+00 0.000000000000000000e+00
6.670576001986873171e-01 2.028878467629075671e-03 0.000000000000000000e+00 4.396915824257746630e-01 5.044955148593475158e-01 0.000000000000000000e+00
4.747530005252393881e-01 -4.301628222429026635e-03 0.000000000000000000e+00 -3.454090110668381342e-01 1.149464909778465049e+00 0.000000000000000000e+00
4.404466694897342660e-01 -1.933791576263541034e-03 0.000000000000000000e+00 1.751424419886969952e-01 1.306151310167998902e+00 0.000000000000000000e+00
6.235782742458344519e-01 1.017977365674114024e-03 0.000000000000000000e+00 4.762675271262011290e-01 6.112386910074276702e-01 0.000000000000000000e+00
4.941133327001838160e-01 -9.312893582240134617e-04 0.000000000000000000e+00 -4.343037204183513578e-01 1.051725671366614989e+00 0.000000000000000000e+00
4.231869805454471778e-01 6.713187925628814716e-03 0.000000000000000000e+00 -1.065996376297665728e-02 1.380557639620278554e+00 0.000000000000000000e+00
4.943922605029458794e-01 1.635494717147478044e-04 0.000000000000000000e+00 4.364133718225343683e-01 1.049901184244558028e+00 0.000000000000000000e+00
6.227317587578633518e-01 -1.763822371689522869e-03 0.000000000000000000e+00 -4.760372374857294586e-01 6.141038643590385204e-01 0.000000000000000000e+00
4.412867120553178868e-01 -6.350472245442896277e-03 0.000000000000000000e+00 -1.619566069717223722e-01 1.304686405780016489e+00 0.000000000000000000e+00
4.731398373357386666e-01 7.468850366092265845e-04 0.000000000000000000e+00 3.497930170063311972e-01 1.153766614324905460e+00 0.000000000000000000e+00
6.688726440981080934e-01 -1.044196045695730893e-03 0.000000000000000000e+00 -4.392473919564735541e-01 4.992164413456510186e-01 0.000000000000000000e+00
4.524091888339840661e-01 1.287494010965008553e-03 0.000000000000000000e+00 -7.929450464955115074e-02 1.273300264494679368e+00 0.000000000000000000e+00
5.614625181752097571e-01 -3.011797213183394634e-03 0.000000000000000000e+00 4.441600885064389548e-01 8.269142288219222259e-01 0.000000000000000000e+00
5.045735555191275257e-01 -1.524937281518506937e-03 0.000000000000000000e+00 -3.718722253070174122e-01 1.040724030412065737e+00 0.000000000000000000e+00
4.610936531650439152e-01 4.189990661731395581e-03 0.000000000000000000e+00 1.960385087300167417e-01 1.230392968550376498e+00 0.000000000000000000e+00
8.486436698816028912e-01 -1.719526215415842149e-05 0.000000000000000000e+00 2.806169450341400307e-01 6.957000991795489475e-02 0.000000000000000000e+00
7.334254768201842190e-01 -1.703897680832797482e-03 0.000000000000000000e+00 -3.774708591425395277e-01 3.571452141085090237e-01 0.000000000000000000e+00
4.847214255928092852e-01 1.481766904622820909e-03 0.000000000000000000e+00 9.423470904589638375e-02 1.163986364132749030e+00 0.000000000000000000e+00
6.272558068524668462e-01 1.610574150944094063e-04 0.000000000000000000e+00 -3.970710207132748804e-01 6.546733939214752773e-01 0.000000000000000000e+00
5.197648673880537196e-01 2.233841534231484002e-03 0.000000000000000000e+00 2.526998162641238554e-01 1.028300578466127435e+00 0.000000000000000000e+00
-9.364837181651144427e-01 1.641888328035158537e-04 0.000000000000000000e+00 1.088508423858210450e-01 7.774314716145799831e-02 0.000000000000000000e+00
5.269554145327359773e-01 4.977902566402261225e-03 0.000000000000000000e+00 -2.883967119568628945e-01 9.965365318530092775e-01 0.000000000000000000e+00
6.079833376090130193e-01 2.285362996779598949e-03 0.000000000000000000e+00 3.873969156129655200e-01 7.164297678174584849e-01 0.000000000000000000e+00
4.884696845490024142e-01 1.765736946772603413e-03 0.000000000000000000e+00 -1.126042954058686096e-01 1.150262727457252332e+00 0.000000000000000000e+00
7.384529757930706761e-01 -4.316618907675411759e-04 0.000000000000000000e+00 3.732341060493488127e-01 3.458586658674113190e-01 0.000000000000000000e+00
8.251558160299586886e-01 -2.815382509352352784e-04 0.000000000000000000e+00 -3.101442386747654822e-01 1.214196108719650113e-01 0.000000000000000000e+00
4.598591492497368649e-01 2.605537240165340957e-03 0.000000000000000000e+00 -1.794634614822239460e-01 1.237200864270318501e+00 0.000000000000000000e+00
5.232770140626737954e-01 4.593679190799488873e-03 0.000000000000000000e+00 3.916247904564593707e-01 9.724756287795561782e-01 0.000000000000000000e+00
-9.295321085949950213e-01 2.682873651991147385e-04 0.000000000000000000e+00 1.131036117969839022e-01 9.002008183181406387e-02 0.000000000000000000e+00
5.380827671008007185e-01 -2.761508049394580631e-03 0.000000000000000000e+00 -4.131282364874724333e-01 9.160843787670427396e-01 0.000000000000000000e+00
4.571717820306996916e-01 -3.030241057933116128e-03 0.000000000000000000e+00 1.462067872020152426e-01 1.250806225568346086e+00 0.000000000000000000e+00
7.563396211560826643e-01 -6.990462047816968505e-05 0.000000000000000000e+00 3.811052005552859612e-01 2.766564365851066354e-01 0.000000000000000000e+00
7.599644705211203721e-01 -2.519716581113381343e-04 0.000000000000000000e+00 -3.788520179216330330e-01 2.667786144299415518e-01 0.000000000000000000e+00
4.571755552012508050e-01 -7.901241080415901188e-04 0.000000000000000000e+00 -1.562513269362139634e-01 1.249612038379674495e+00 0.000000000000000000e+00
5.228611342558022734e-01 -4.195701144582373449e-03 0.000000000000000000e+00 4.105346293411862302e-01 9.660030563303284579e-01 0.000000000000000000e+00
-9.399952360323400313e-01 -5.076338094915622788e-05 0.000000000000000000e+00 6.513230198467222232e-02 1.107218942607044732e-01 0.000000000000000000e+00
5.336942953450176663e-01 1.277295425754014849e-03 0.000000000000000000e+00 -4.184629368215534440e-01 9.276947032545971306e-01 0.000000000000000000e+00
4.560953434020393882e-01 4.667673345744438942e-03 0.000000000000000000e+00 1.295330155151964979e-01 1.256310166613588963e+00 0.000000000000000000e+00
7.309454673951137904e-01 1.355001550220336082e-04 0.000000000000000000e+00 4.027097903670759926e-01 3.368476938876044935e-01 0.000000000000000000e+00
7.891219821712345261e-01 -6.657242101124273732e-04 0.000000000000000000e+00 -3.593675163142387996e-01 1.838506487410591084e-01 0.000000000000000000e+00
4.589464769918022435e-01 3.723847015931961227e-03 0.000000000000000000e+00 -3.211678035012178745e-01 1.211400821941178707e+00 0.000000000000000000e+00
4.410272438773512604e-01 -2.898958914508819457e-04 0.000000000000000000e+00 2.045781483249934363e-01 1.299788770417318995e+00 0.000000000000000000e+00
6.303163310375523576e-01 7.027696221364549897e-04 0.000000000000000000e+00 4.783120822215742862e-01 5.881181933396744110e-01 0.000000000000000000e+00
4.932718128154027770e-01 3.797615158893643747e-03 0.000000000000000000e+00 -4.555246366456124907e-01 1.045568557466811876e+00 0.000000000000000000e+00
4.196993680737144405e-01 -1.031858572196557577e-03 0.000000000000000000e+00 -4.093222447005738507e-02 1.393253626710151405e+00 0.000000000000000000e+00
4.713551399435864653e-01 2.378275367618225365e-03 0.000000000000000000e+00 3.965721087270980272e-01 1.144784465932395578e+00 0.000000000000000000e+00
8.524520012044104478e-01 1.957552635445178996e-04 0.000000000000000000e+00 2.793713130397013078e-01 3.959338754860788900e-02 0.000000000000000000e+00
7.058309029358826869e-01 9.211198016162054636e-04 0.000000000000000000e+00 -4.273796750033090897e-01 3.924857166702558908e-01 0.000000000000000000e+00
4.513166055994918269e-01 1.819730352178481128e-03 0.000000000000000000e+00 -1.811700692626569409e-01 1.266669987592957014e+00 0.000000000000000000e+00
4.958379938622717864e-01 -1.123437266261845605e-03 0.000000000000000000e+00 3.772332978815065019e-01 1.067741501680799399e+00 0.000000000000000000e+00
5.840739077283201297e-01 -8.897696570140493921e-04 0.000000000000000000e+00 -4.553788114739075743e-01 7.496362296896357247e-01 0.000000000000000000e+00
4.470926786049119750e-01 1.900787284209651609e-03 0.000000000000000000e+00 4.751297998997392434e-03 1.294300323074612846e+00 0.000000000000000000e+00
5.939645766361624224e-01 2.346916097446625528e-03 0.000000000000000000e+00 4.556105779692345426e-01 7.186418809643183581e-01 0.000000000000000000e+00
4.912919111022554519e-01 3.834781095161455319e-03 0.000000000000000000e+00 -3.756884680429058987e-01 1.083468329182339041e+00 0.000000000000000000e+00
4.502879231545424688e-01 -4.863293154204310215e-03 0.000000000000000000e+00 1.896601554679474555e-01 1.268967294806613522e+00 0.000000000000000000e+00
7.007544648542766152e-01 -1.567075654847855217e-03 0.000000000000000000e+00 4.319806464843573002e-01 4.042684394954752514e-01 0.000000000000000000e+00
4.729543526762978733e-01 -1.864925419011353308e-03 0.000000000000000000e+00 -4.050690694451429819e-01 1.136191917521919725e+00 0.000000000000000000e+00
4.186152605951427574e-01 6.452754335238702899e-04 0.000000000000000000e+00 2.597467777659809990e-02 1.397700569327513298e+00 0.000000000000000000e+00
4.883377896581726496e-01 2.237973995408832923e-03 0.000000000000000000e+00 4.367893833237318502e-01 1.070536733644997351e+00 0.000000000000000000e+00
6.534741302081179537e-01 -1.917440814400418053e-03 0.000000000000000000e+00 -4.644519552661426354e-01 5.257487613927569470e-01 0.000000000000000000e+00
4.436203217200624938e-01 4.472156753977621357e-03 0.000000000000000000e+00 -2.096144016837607760e-01 1.289573322976657721e+00 0.000000000000000000e+00
4.684643785262629367e-01 4.590595637262485235e-03 0.000000000000000000e+00 3.215853204444470981e-01 1.177980703330655743e+00 0.000000000000000000e+00
6.933074650176220821e-01 1.584396931745245263e-04 0.000000000000000000e+00 -4.215978920324937596e-01 4.387634361219284740e-01 0.000000000000000000e+00
4.582738997705542161e-01 -3.463882785421224311e-03 0.000000000000000000e+00 -4.486853632809027076e-02 1.254733063121927117e+00 0.000000000000000000e+00
6.117988510671286129e-01 2.851198393060561630e-03 0.000000000000000000e+00 4.407524208324237747e-01 6.732439305029933596e-01 0.000000000000000000e+00
4.828541279171268963e-01 -9.558412506704087180e-04 0.000000000000000000e+00 -3.037427030368726744e-01 1.133869159958333039e+00 0.000000000000000000e+00
4.802690362502776145e-01 3.557686609799935382e-03 0.000000000000000000e+00 2.876917076787284255e-01 1.146655813185036621e+00 0.000000000000000000e+00
6.187744172611997495e-01 3.067290165138447482e-03 0.000000000000000000e+00 -4.451537749758444074e-01 6.489566761963367902e-01 0.000000000000000000e+00
4.593010603695205640e-01 -4.061691340782937545e-03 0.000000000000000000e+00 5.096686438739863462e-02 1.250972145515051537e+00 0.000000000000000000e+00
7.008096383645329164e-01 -5.744661917857305650e-05 0.000000000000000000e+00 4.160648684268181685e-01 4.204616205515188110e-01 0.000000000000000000e+00
4.652975680217588117e-01 1.774807239703404468e-03 0.000000000000000000e+00 -3.264000641027375860e-01 1.187734912301788182e+00 0.000000000000000000e+00
4.456912527227617771e-01 6.170296689674866289e-03 0.000000000000000000e+00 1.975520298202462777e-01 1.284006084202016673e+00 0.000000000000000000e+00
6.546959037091738542e-01 -3.831408039263210427e-04 0.000000000000000000e+00 4.659279329940592129e-01 5.205236018149697053e-01 0.000000000000000000e+00
4.875223505004006586e-01 -1.071877145655689492e-03 0.000000000000000000e+00 -4.405007633344667495e-01 1.071851536441370989e+00 0.000000000000000000e+00
4.178693276004181167e-01 1.402998657304687594e-03 0.000000000000000000e+00 -3.668534914326740393e-02 1.400271820583141036e+00 0.000000000000000000e+00
4.666438613827412762e-01 -4.899275734779552985e-03 0.000000000000000000e+00 4.085186294196769818e-01 1.157189653676589103e+00 0.000000000000000000e+00
7.940179488380125772e-01 -6.049423215190801546e-04 0.000000000000000000e+00 3.590535355280858321e-01 1.618985285786733730e-01 0.000000000000000000e+00
7.183976981209255763e-01 -8.596755898484910799e-04 0.000000000000000000e+00 -4.214404057971236073e-01 3.571074811167237462e-01 0.000000000000000000e+00
4.523454847513305177e-01 -2.294047588181534307e-03 0.000000000000000000e+00 -2.230074712071066501e-01 1.256348038947016299e+00 0.000000000000000000e+00
4.710852457298022600e-01 8.995261984936211638e-04 0.000000000000000000e+00 3.209141300431493371e-01 1.169187388677391137e+00 0.000000000000000000e+00
6.707600974140852657e-01 -1.462624069978334367e-03 0.000000000000000000e+00 -4.329729442250836446e-01 4.988186953351951836e-01 0.000000000000000000e+00
4.561488184398500567e-01 -4.663089672366635061e-04 0.000000000000000000e+00 -3.920402761803763736e-02 1.262255453927175752e+00 0.000000000000000000e+00
6.091948567465835795e-01 2.944289850615322210e-03 0.000000000000000000e+00 4.430855170902966988e-01 6.796809910249260733e-01 0.000000000000000000e+00
4.826060529946484268e-01 4.395663725945979719e-03 0.000000000000000000e+00 -3.221911972404888358e-01 1.129537545639446972e+00 0.000000000000000000e+00
4.735705447116019817e-01 -6.629211644209502888e-04 0.000000000000000000e+00 2.767322645296429462e-01 1.171964787501458716e+00 0.000000000000000000e+00
6.439706895017818233e-01 1.192767932643331447e-03 0.000000000000000000e+00 -4.370333427796521120e-01 5.778346525492268349e-01 0.000000000000000000e+00
4.617903085685565179e-01 5.198748221820652556e-03 0.000000000000000000e+00 2.578851470023402551e-02 1.243237266489781057e+00 0.000000000000000000e+00
7.076958392149850230e-01 -1.426073467562251861e-03 0.000000000000000000e+00 4.106720620940527144e-01 4.040181628848830142e-01 0.000000000000000000e+00
4.625016468465793507e-01 5.486729298504045352e-03 0.000000000000000000e+00 -3.199285241746537278e-01 1.199160712864753453e+00 0.000000000000000000e+00
4.470896526812787042e-01 -5.152061291144094390e-03 0.000000000000000000e+00 2.330252596429638057e-01 1.273091789161034271e+00 0.000000000000000000e+00
6.797489415549007319e-01 -1.970552605828661957e-03 0.000000000000000000e+00 4.525823744041135299e-01 4.519241895211195681e-01 0.000000000000000000e+00
4.804213978646939553e-01 4.341898205209501586e-03 0.000000000000000000e+00 -4.528030553350040899e-01 1.091507995706938683e+00 0.000000000000000000e+00
4.145665395162319022e-01 -1.628289515874915480e-03 0.000000000000000000e+00 -5.543621290167373428e-02 1.412202701249909431e+00 0.000000000000000000e+00
4.538148086555781613e-01 2.562414531276807975e-03 0.000000000000000000e+00 3.669496800048239749e-01 1.216790344553870362e+00 0.000000000000000000e+00
6.721107502190435401e-01 -1.567356007741904991e-03 0.000000000000000000e+00 4.766689995190797058e-01 4.526678553543166950e-01 0.000000000000000000e+00
5.074440672921000095e-01 -6.198579553735881001e-04 0.000000000000000000e+00 -5.238325945901431968e-01 9.631135106654118427e-01 0.000000000000000000e+00
4.156878641625584292e-01 1.903935501533161184e-03 0.000000000000000000e+00 -2.941685500690688349e-01 1.377990686897840433e+00 0.000000000000000000e+00
3.981010583974863293e-01 -6.456304039912343778e-03 0.000000000000000000e+00 8.626080150903506216e-02 1.474791942126944644e+00 0.000000000000000000e+00
4.401043160135165166e-01 -7.091327858619028007e-04 0.000000000000000000e+00 4.075740481340437427e-01 1.254570016814731126e+00 0.000000000000000000e+00
5.795915679592622549e-01 4.048411897223467421e-04 0.000000000000000000e+00 5.389928640866846754e-01 7.071483929594226669e-01 0.000000000000000000e+00
-9.331259650701475561e-01 -4.323042309763559885e-05 0.000000000000000000e+00 -5.239031337786568578e-03 1.388359610808502231e-01 0.000000000000000000e+00
5.804241208493781112e-01 -3.456442275226808466e-03 0.000000000000000000e+00 -5.353042659718234564e-01 7.071043265119500987e-01 0.000000000000000000e+00
4.401446643667190628e-01 -5.999929721237271495e-04 0.000000000000000000e+00 -4.046413870694083315e-01 1.255368324254477752e+00 0.000000000000000000e+00
3.986221331381831767e-01 -7.046346528806926406e-03 0.000000000000000000e+00 -5.915430206672397939e-02 1.474010531327671236e+00 0.000000000000000000e+00
4.162179597306695511e-01 1.711256865200115086e-03 0.000000000000000000e+00 2.868593529518725371e-01 1.377477622223772791e+00 0.000000000000000000e+00
5.039736354738089119e-01 -4.266463213407601339e-03 0.000000000000000000e+00 5.309785374234134991e-01 9.713463936645281294e-01 0.000000000000000000e+00
6.752747671333081403e-01 7.009970249954424262e-04 0.000000000000000000e+00 -4.738988073795545874e-01 4.448500974192097779e-01 0.000000000000000000e+00
4.525732606677371761e-01 2.959060787956021080e-03 0.000000000000000000e+00 -3.774273187655700634e-01 1.218070707089218718e+00 0.000000000000000000e+00
4.141662420248044540e-01 -6.563456672359770788e-03 0.000000000000000000e+00 6.830108443820376296e-02 1.412981316449238633e+00 0.000000000000000000e+00
4.818653974672977292e-01 5.847795154753270344e-04 0.000000000000000000e+00 4.442406689438171963e-01 1.090026142268414766e+00 0.000000000000000000e+00
6.838484242034339466e-01 -2.831099570995993658e-04 0.000000000000000000e+00 -4.483132170354465762e-01 4.428036779644864418e-01 0.000000000000000000e+00
4.477657769194410831e-01 2.657956294327464691e-03 0.000000000000000000e+00 -2.284323005573585252e-01 1.271592005295365535e+00 0.000000000000000000e+00
4.644674744912121733e-01 -8.827126606680071874e-04 0.000000000000000000e+00 3.146585184277257974e-01 1.193798926141862671e+00 0.000000000000000000e+00
7.044599306472238975e-01 4.166193953143212253e-04 0.000000000000000000e+00 -4.123169505806631996e-01 4.126331602254411646e-01 0.000000000000000000e+00
4.613840112575846586e-01 -4.267795100538819900e-03 0.000000000000000000e+00 -2.626021552881617829e-02 1.244639075766375225e+00 0.000000000000000000e+00
6.416216556138016891e-01 -2.133592352518532288e-03 0.000000000000000000e+00 4.388128473948521568e-01 5.836594846769435074e-01 0.000000000000000000e+00
4.743426801540770454e-01 -1.057851455536508098e-03 0.000000000000000000e+00 -2.763626268560542831e-01 1.169432737321566940e+00 0.000000000000000000e+00
4.818092957231118190e-01 -4.856775677246760216e-03 0.000000000000000000e+00 3.207588304570250792e-01 1.132613853499497614e+00 0.000000000000000000e+00
6.104312464528720561e-01 -1.591629925025732015e-03 0.000000000000000000e+00 -4.443826394366995336e-01 6.750602797607527794e-01 0.000000000000000000e+00
4.561609297495231585e-01 -3.994169261179293141e-03 0.000000000000000000e+00 4.398359270195061066e-02 1.261997460123394088e+00 0.000000000000000000e+00
6.680139880069158043e-01 -1.610230616563797235e-03 0.000000000000000000e+00 4.362031022360000065e-01 5.045513350065939928e-01 0.000000000000000000e+00
4.710482040739643605e-01 -9.556438416577764036e-04 0.000000000000000000e+00 -3.195779337688507971e-01 1.169681007443893028e+00 0.000000000000000000e+00
4.522185373817502185e-01 -1.628481628091730735e-03 0.000000000000000000e+00 2.313366466343096950e-01 1.255299344672752948e+00 0.000000000000000000e+00
7.253282260888247457e-01 1.609077525798795986e-03 0.000000000000000000e+00 4.155160943529324635e-01 3.405114170153585862e-01 0.000000000000000000e+00
7.845618433002836678e-01 -7.181831643265509067e-04 0.000000000000000000e+00 -3.688453976646113297e-01 1.854831982379948618e-01 0.000000000000000000e+00
4.634206229046648473e-01 5.651356578107023798e-03 0.000000000000000000e+00 -3.914946647406615243e-01 1.174469963245522219e+00 0.000000000000000000e+00
4.212570728989715740e-01 3.108413196153319256e-03 0.000000000000000000e+00 6.617065324919001179e-02 1.386392507414442310e+00 0.000000000000000000e+00
5.069097012917164191e-01 -3.910812082128780828e-04 0.000000000000000000e+00 4.654537043136156016e-01 9.944475249186435217e-01 0.000000000000000000e+00
6.007586868614323006e-01 2.349258149491967318e-03 0.000000000000000000e+00 -4.932288675374468800e-01 6.714596546200548577e-01 0.000000000000000000e+00
4.374404489703049848e-01 -5.191746380270799779e-03 0.000000000000000000e+00 -1.894855008564954590e-01 1.314937888197678095e+00 0.000000000000000000e+00
4.543357730401542671e-01 1.621885278924420880e-03 0.000000000000000000e+00 3.052815549977311305e-01 1.231858864600500203e+00 0.000000000000000000e+00
7.208954223168700937e-01 1.424152638485086126e-03 0.000000000000000000e+00 4.271424681822033609e-01 3.415522904607400378e-01 0.000000000000000000e+00
7.756731785813355540e-01 -6.246254577665305910e-04 0.000000000000000000e+00 -3.825258751868627627e-01 1.984149687510104176e-01 0.000000000000000000e+00
4.726737549221535772e-01 -3.085395349227459776e-03 0.000000000000000000e+00 -4.257053463529385517e-01 1.129597656489525814e+00 0.000000000000000000e+00
4.123217340267522069e-01 1.427525195358644861e-03 0.000000000000000000e+00 -4.124574185212185468e-02 1.421281014223928274e+00 0.000000000000000000e+00
4.515036074872531557e-01 -4.981276494831898306e-03 0.000000000000000000e+00 3.875371681424223391e-01 1.218724231150009496e+00 0.000000000000000000e+00
6.691322909334289637e-01 8.801637879769444320e-04 0.000000000000000000e+00 4.786934281807612712e-01 4.606590263809156038e-01 0.000000000000000000e+00
5.101124305792020808e-01 2.465936641335970611e-03 0.000000000000000000e+00 -5.338822609363176319e-01 9.481858070946760364e-01 0.000000000000000000e+00
4.167668660624392896e-01 4.481395219299652219e-03 0.000000000000000000e+00 -3.171961293025306050e-01 1.368594314439355752e+00 0.000000000000000000e+00
3.968108163950961886e-01 -2.194590605977818874e-03 0.000000000000000000e+00 5.150490314093027211e-02 1.481759013039716688e+00 0.000000000000000000e+00
4.319154162470064673e-01 -3.292240094394630230e-03 0.000000000000000000e+00 3.896671390679376512e-01 1.291094859975644882e+00 0.000000000000000000e+00
5.569708452367884144e-01 2.223008203431440805e-03 0.000000000000000000e+00 5.403795254696601713e-01 7.827932495993226159e-01 0.000000000000000000e+00
-8.941942539749720975e-01 -4.537585907307643417e-05 0.000000000000000000e+00 1.932700111833249856e-01 6.444026111031300741e-02 0.000000000000000000e+00
6.019568162428428071e-01 -5.872539257407508040e-04 0.000000000000000000e+00 -5.273887140623327863e-01 6.409717713692799634e-01 0.000000000000000000e+00
4.436559515716891333e-01 3.035032502003637452e-03 0.000000000000000000e+00 -4.097848598579025836e-01 1.240516882390000575e+00 0.000000000000000000e+00
4.012069859669277205e-01 3.594155765761165335e-03 0.000000000000000000e+00 -6.052626099357244494e-02 1.463868967395005161e+00 0.000000000000000000e+00
4.258801585535962886e-01 1.954089582425903512e-03 0.000000000000000000e+00 3.194115098371083095e-01 1.333075391594632730e+00 0.000000000000000000e+00
5.420467774348158851e-01 3.930493263099998566e-03 0.000000000000000000e+00 5.273518326843951165e-01 8.419781096672631637e-01 0.000000000000000000e+00
6.057952219998036236e-01 -2.895149886433801001e-04 0.000000000000000000e+00 -5.181038728268781979e-01 6.357418892049931936e-01 0.000000000000000000e+00
4.413457982466988394e-01 1.160628711433463710e-03 0.000000000000000000e+00 -3.666477043794940105e-01 1.262513531979690962e+00 0.000000000000000000e+00
4.067995526868762868e-01 4.098641839631045336e-04 0.000000000000000000e+00 3.046252553243473937e-02 1.442911859167276045e+00 0.000000000000000000e+00
4.557728500981464981e-01 3.202980223416084481e-03 0.000000000000000000e+00 4.040058295061826898e-01 1.197865340148274171e+00 0.000000000000000000e+00
6.562964230678430821e-01 8.351142405400770879e-05 0.000000000000000000e+00 4.932785953641302124e-01 4.892615103904579543e-01 0.000000000000000000e+00
5.263813408814375094e-01 -2.778912081057903147e-03 0.000000000000000000e+00 -5.402798340216947715e-01 8.877300156611307447e-01 0.000000000000000000e+00
4.243215359924639718e-01 -1.728719733893118241e-03 0.000000000000000000e+00 -3.595338640984846457e-01 1.328821237353261964e+00 0.000000000000000000e+00
3.934709133792747004e-01 1.218180436455111766e-03 0.000000000000000000e+00 -3.936201227714955508e-02 1.495590051317542635e+00 0.000000000000000000e+00
4.121203852860060302e-01 -4.078502070789994001e-03 0.000000000000000000e+00 3.102248490101326972e-01 1.388373873225322352e+00 0.000000000000000000e+00
4.948760722150603586e-01 -2.613180585923973939e-04 0.000000000000000000e+00 5.260812395960158261e-01 1.006261382547179561e+00 0.000000000000000000e+00
7.401077832618597752e-01 -1.263926953961162954e-03 0.000000000000000000e+00 4.326897958743533001e-01 2.609818794212148685e-01 0.000000000000000000e+00
7.158363554249191907e-01 -1.048153814949555340e-03 0.000000000000000000e+00 -4.524474493693695365e-01 3.266463088597893472e-01 0.000000000000000000e+00
4.792290762351273381e-01 -1.588085769053835736e-03 0.000000000000000000e+00 -4.872775766483359305e-01 1.080893438159103770e+00 0.000000000000000000e+00
4.064007319033061671e-01 6.609509098777057237e-03 0.000000000000000000e+00 -2.172051870792793271e-01 1.428167886380607321e+00 0.000000000000000000e+00
4.039365354097080862e-01 -7.065991525438784261e-03 0.000000000000000000e+00 1.871859473601078516e-01 1.442096092847260369e+00 0.000000000000000000e+00
4.675274099034508746e-01 -2.938468393297762049e-03 0.000000000000000000e+00 4.782159908233724055e-01 1.127031730587888969e+00 0.000000000000000000e+00
6.750318087898641295e-01 -1.013477596739518084e-03 0.000000000000000000e+00 4.887726384404621482e-01 4.293142268483873814e-01 0.000000000000000000e+00
8.369445048762454986e-01 1.372742265072121842e-04 0.000000000000000000e+00 -3.080773590962894715e-01 4.095581379202518219e-02 0.000000000000000000e+00
5.316303846062966354e-01 -8.885155111480018408e-04 0.000000000000000000e+00 -5.606149620403703127e-01 8.566343246537031497e-01 0.000000000000000000e+00
4.317822804160069694e-01 1.396654998806578889e-04 0.000000000000000000e+00 -4.335242800255326157e-01 1.277610309187574122e+00 0.000000000000000000e+00
3.920593705300759457e-01 -5.520007028159538455e-03 0.000000000000000000e+00 -1.592937458805033513e-01 1.493213877253621868e+00 0.000000000000000000e+00
3.889200972999740102e-01 -6.493263712496633727e-03 0.000000000000000000e+00 1.522401286411537158e-01 1.506744946224170878e+00 0.000000000000000000e+00
4.271759386622913657e-01 6.049937028193228157e-03 0.000000000000000000e+00 3.986636485707086841e-01 1.306422359604484162e+00 0.000000000000000000e+00
5.136665644817561827e-01 -4.068686762341951896e-03 0.000000000000000000e+00 5.639693763610934552e-01 9.178920994377832709e-01 0.000000000000000000e+00
7.535525322302867313e-01 6.257834504172499202e-05 0.000000000000000000e+00 4.217807522791618968e-01 2.223288649662036320e-01 0.000000000000000000e+00
6.997084728563552902e-01 3.597412485670239621e-04 0.000000000000000000e+00 -4.718585441736303787e-01 3.608222903774943591e-01 0.000000000000000000e+00
4.850856633019137165e-01 -4.390498863304809207e-03 0.000000000000000000e+00 -5.038411780347825664e-01 1.052210145035045175e+00 0.000000000000000000e+00
4.091881460405739634e-01 -2.490202596165897418e-03 0.000000000000000000e+00 -2.608090353404012296e-01 1.410037650938545051e+00 0.000000000000000000e+00
3.950062261096090044e-01 -3.147767828150531758e-03 0.000000000000000000e+00 8.869612596774346935e-02 1.487231367092802792e+00 0.000000000000000000e+00
4.326392107571413459e-01 -2.770086413102492914e-03 0.000000000000000000e+00 4.046299174965167778e-01 1.283738039676024734e+00 0.000000000000000000e+00
5.518238054497873746e-01 -1.797943610375597051e-04 0.000000000000000000e+00 5.485145041787541365e-01 7.947751402210530003e-01 0.000000000000000000e+00
6.127645169698401340e-01 1.965134777342832789e-03 0.000000000000000000e+00 -5.267357148493017061e-01 6.050945415773394398e-01 0.000000000000000000e+00
4.484020601912388493e-01 2.423262360397471227e-03 0.000000000000000000e+00 -4.262357440446886692e-01 1.217288922380948879e+00 0.000000000000000000e+00
4.015546529707417212e-01 -2.293558877864925946e-03 0.000000000000000000e+00 -7.836605831391829646e-02 1.461685784874153349e+00 0.000000000000000000e+00
4.193620676552943238e-01 -2.101254091717518879e-03 0.000000000000000000e+00 2.987123800606357182e-01 1.362781629944724626e+00 0.000000000000000000e+00
5.189190537773729073e-01 -3.348613736177352869e-03 0.000000000000000000e+00 5.319670050268253680e-01 9.185310472125041148e-01 0.000000000000000000e+00
6.383415895491130199e-01 -2.130774402193034295e-03 0.000000000000000000e+00 -4.968556144454749912e-01 5.460316906018194416e-01 0.000000000000000000e+00
4.467573671822133718e-01 -3.392119530847728485e-04 0.000000000000000000e+00 -3.602731777212289099e-01 1.244433805570478446e+00 0.000000000000000000e+00
4.118357739164504316e-01 3.086588307790521721e-04 0.000000000000000000e+00 5.837803612163097733e-02 1.422557740814998306e+00 0.000000000000000000e+00
4.760959531873869555e-01 4.802284470214547400e-03 0.000000000000000000e+00 4.325315726766872926e-01 1.114861744719874537e+00 0.000000000000000000e+00
7.867965554896866331e-01 -5.362685938622728434e-04 0.000000000000000000e+00 3.703230675292064067e-01 1.720766511790783326e-01 0.000000000000000000e+00
7.113935697380429080e-01 1.775436881331723775e-03 0.000000000000000000e+00 -4.351176642151868279e-01 3.648913190212076385e-01 0.000000000000000000e+00
4.511962688054694803e-01 6.179467393747646586e-03 0.000000000000000000e+00 -3.014469602291577344e-01 1.243852357260641917e+00 0.000000000000000000e+00
4.409613440040632826e-01 -3.490490606985498061e-03 0.000000000000000000e+00 2.290220609362700888e-01 1.295897766263053974e+00 0.000000000000000000e+00
6.319869580848205270e-01 -2.693981831210977458e-03 0.000000000000000000e+00 4.830521504022105006e-01 5.788317398481095388e-01 0.000000000000000000e+00
4.937460592706888196e-01 4.619217198748071067e-03 0.000000000000000000e+00 -4.656467577767570698e-01 1.039436552840592665e+00 0.000000000000000000e+00
4.178482410979308392e-01 1.067710444178107849e-03 0.000000000000000000e+00 -7.227853568975120546e-02 1.398972259803762608e+00 0.000000000000000000e+00
4.587962632776623195e-01 3.215171991144767996e-03 0.000000000000000000e+00 3.679960405856799177e-01 1.198570249957418232e+00 0.000000000000000000e+00
7.128340656374074769e-01 1.491077676049987200e-03 0.000000000000000000e+00 4.411591623841518706e-01 3.524718952375830439e-01 0.000000000000000000e+00
7.728898451662904456e-01 2.950326457759194776e-04 0.000000000000000000e+00 -3.901050100240289753e-01 1.961103036610347405e-01 0.000000000000000000e+00
4.823299559913740708e-01 7.236379970844211695e-04 0.000000000000000000e+00 -4.822310625086414504e-01 1.072116766194554316e+00 0.000000000000000000e+00
4.100259616008684604e-01 -5.882896349916771211e-03 0.000000000000000000e+00 -1.574093121773646742e-01 1.421884715234876584e+00 0.000000000000000000e+00
4.142887970012968379e-01 -5.813918859573731154e-03 0.000000000000000000e+00 2.434852392540226285e-01 1.393103665659601198e+00 0.000000000000000000e+00
5.083093154744465769e-01 3.536077602330820954e-03 0.000000000000000000e+00 5.037632030336750555e-01 9.707259805344233827e-01 0.000000000000000000e+00
6.533625484881052659e-01 -5.382460099425867214e-04 0.000000000000000000e+00 -4.828641323508320871e-01 5.092746433262309580e-01 0.000000000000000000e+00
4.457599981131289968e-01 4.060456412265284025e-03 0.000000000000000000e+00 -3.332299806416476606e-01 1.255504116675932869e+00 0.000000000000000000e+00
4.218227312437562437e-01 9.861253873266855041e-04 0.000000000000000000e+00 1.324409660329474159e-01 1.379553115147936992e+00 0.000000000000000000e+00
5.201568670627897406e-01 -4.559930713170715424e-03 0.000000000000000000e+00 4.928219065599176996e-01 9.358802415672580199e-01 0.000000000000000000e+00
5.852946078938104923e-01 -3.136180321062415066e-03 0.000000000000000000e+00 -4.957224852688740802e-01 7.196238368335776681e-01 0.000000000000000000e+00
4.336860008907290620e-01 -4.837800522932250193e-03 0.000000000000000000e+00 -2.043333698991547376e-01 1.326452078155957892e+00 0.000000000000000000e+00
4.421614240983892108e-01 2.399936196321171208e-03 0.000000000000000000e+00 2.706813566156014983e-01 1.283510518706011627e+00 0.000000000000000000e+00
6.326409541402935321e-01 9.881764486886989406e-04 0.000000000000000000e+00 4.877223633563859684e-01 5.727945548530720687e-01 0.000000000000000000e+00
5.026687122482271786e-01 4.296244535156930333e-03 0.000000000000000000e+00 -4.939608761762234179e-01 9.951938237277681010e-01 0.000000000000000000e+00
4.160335316810630513e-01 1.063846596890128705e-03 0.000000000000000000e+00 -1.585126111255283909e-01 1.398768247892427041e+00 0.000000000000000000e+00
4.304528334427409342e-01 4.081073131790963725e-03 0.000000000000000000e+00 2.712231866614359665e-01 1.326472134252871804e+00 0.000000000000000000e+00
5.622331068229537987e-01 -3.872392557493135965e-03 0.000000000000000000e+00 5.230240732312054774e-01 7.768541070263870196e-01 0.000000000000000000e+00
-9.342538891668976664e-01 -2.423602340619968390e-06 0.000000000000000000e+00 -4.524224773976116831e-02 1.295293251273156032e-01 0.000000000000000000e+00
5.553419089533844222e-01 -2.048888364109803517e-03 0.000000000000000000e+00 -5.152016740009068840e-01 8.050126886916479929e-01 0.000000000000000000e+00
4.270094292830901028e-01 4.473667219201150902e-04 0.000000000000000000e+00 -2.684733584855770738e-01 1.340009592988575360e+00 0.000000000000000000e+00
4.164681478611502730e-01 4.902234130543506666e-03 0.000000000000000000e+00 1.554131050854736240e-01 1.397352627268561243e+00 0.000000000000000000e+00
5.047492702255986785e-01 -7.730221042354101790e-05 0.000000000000000000e+00 4.899663760387328870e-01 9.900468416359744506e-01 0.000000000000000000e+00
6.353122707335240316e-01 -1.218770709481525709e-03 0.000000000000000000e+00 -4.869017493483417391e-01 5.648080202476617462e-01 0.000000000000000000e+00
4.422953249774647655e-01 -5.619811352442268676e-04 0.000000000000000000e+00 -2.794305173302158440e-01 1.281170309450288869e+00 0.000000000000000000e+00
4.316606928373966090e-01 3.736556020067379434e-04 0.000000000000000000e+00 2.038507382080916863e-01 1.334078727446684765e+00 0.000000000000000000e+00
5.779871991699705447e-01 3.254000254882603686e-03 0.000000000000000000e+00 4.960139903637315606e-01 7.431016848696990751e-01 0.000000000000000000e+00
5.283581172207989507e-01 -2.124091005919960529e-03 0.000000000000000000e+00 -4.860830715894456366e-01 9.119122683843039479e-01 0.000000000000000000e+00
4.223983969837555863e-01 2.333814909323055249e-03 0.000000000000000000e+00 -1.445420831283193985e-01 1.376154340337375492e+00 0.000000000000000000e+00
4.476513636255938788e-01 3.659367623458883653e-03 0.000000000000000000e+00 3.173696946174646705e-01 1.252764310402109782e+00 0.000000000000000000e+00
6.533520934166943128e-01 1.596624918962820383e-05 0.000000000000000000e+00 4.827518922162204462e-01 5.094173253622338304e-01 0.000000000000000000e+00
5.064781690679063253e-01 -1.607598952186206631e-03 0.000000000000000000e+00 -5.048965582757288795e-01 9.765114677647943608e-01 0.000000000000000000e+00
4.145706597468452603e-01 3.054604215967948212e-03 0.000000000000000000e+00 -2.328081267648340891e-01 1.393951968492765037e+00 0.000000000000000000e+00
4.098677802058101616e-01 -3.577080275698248796e-03 0.000000000000000000e+00 1.829281673046735668e-01 1.419546248787911580e+00 0.000000000000000000e+00
4.842450363869746921e-01 -4.828509688948968981e-03 0.000000000000000000e+00 4.929859841595176650e-01 1.060307472147510977e+00 0.000000000000000000e+00
8.064414191642835794e-01 -5.134830637954009448e-04 0.000000000000000000e+00 3.484059860969913602e-01 1.224294792297328238e-01 0.000000000000000000e+00
7.003320284838074894e-01 6.573050393043032569e-05 0.000000000000000000e+00 -4.484332482235127704e-01 3.874085793337035954e-01 0.000000000000000000e+00
4.539237374846924467e-01 -1.743549580647181865e-03 0.000000000000000000e+00 -3.318474837359074447e-01 1.226447483565706431e+00 0.000000000000000000e+00
4.267126130550832341e-01 5.753523385860914371e-03 0.000000000000000000e+00 1.321862782337676900e-01 1.361176408670497384e+00 0.000000000000000000e+00
5.431823747127357827e-01 2.066946836900260959e-03 0.000000000000000000e+00 4.879747049937113168e-01 8.616768067803324271e-01 0.000000000000000000e+00
-9.358367351541012624e-01 4.044118907693670419e-04 0.000000000000000000e+00 5.418065214338574354e-02 1.234044655145847963e-01 0.000000000000000000e+00
5.504385253317263249e-01 4.067283828622338809e-03 0.000000000000000000e+00 -4.992650692516863442e-01 8.311161464668113119e-01 0.000000000000000000e+00
4.273966997869083073e-01 4.986214962793792706e-03 0.000000000000000000e+00 -1.661907133123489144e-01 1.354936788888740917e+00 0.000000000000000000e+00
4.522900090216270819e-01 1.563089112571355160e-03 0.000000000000000000e+00 3.219004099866815682e-01 1.234941428506022731e+00 0.000000000000000000e+00
6.943731687547616271e-01 1.787566946463932382e-03 0.000000000000000000e+00 4.512767895039572208e-01 4.045599947631999260e-01 0.000000000000000000e+00
8.556040881116047103e-01 -1.219585335164003023e-05 0.000000000000000000e+00 -2.757484484948209968e-01 1.984851281944711998e-02 0.000000000000000000e+00
4.908140651188697134e-01 -1.723009084647564738e-03 0.000000000000000000e+00 -4.884763076255432823e-01 1.039262223816436403e+00 0.000000000000000000e+00
4.115896145343515555e-01 -3.797892565373709416e-03 0.000000000000000000e+00 -1.819846646718283334e-01 1.412974267614580448e+00 0.000000000000000000e+00
4.125213269486810441e-01 -5.075230925548691527e-03 0.000000000000000000e+00 2.226208600554629990e-01 1.403470631502573784e+00 0.000000000000000000e+00
4.983334113732093007e-01 -1.160275047700649962e-03 0.000000000000000000e+00 5.032144264978877235e-01 1.005745429667612045e+00 0.000000000000000000e+00
6.676755246832768442e-01 2.334170659017854171e-03 0.000000000000000000e+00 -4.734884927271840738e-01 4.708677951880890222e-01 0.000000000000000000e+00
4.472800709952299836e-01 5.801913251064389453e-03 0.000000000000000000e+00 -3.283748525723985678e-01 1.251186957142276235e+00 0.000000000000000000e+00
4.268855727967678648e-01 4.558591425649175487e-03 0.000000000000000000e+00 1.492574860021530780e-01 1.358822793305544119e+00 0.000000000000000000e+00
5.450420918569627293e-01 -8.897259469145398988e-04 0.000000000000000000e+00 4.953218549506762103e-01 8.513296259989264758e-01 0.000000000000000000e+00
-9.382960083838928211e-01 -4.930489433266674847e-04 0.000000000000000000e+00 2.411183491955944808e-02 1.287996571527199041e-01 0.000000000000000000e+00
5.504469696804925594e-01 9.520189794649143444e-04 0.000000000000000000e+00 -4.969156237945249188e-01 8.325426661658476002e-01 0.000000000000000000e+00
4.278339579325638464e-01 -4.133851669458974386e-03 0.000000000000000000e+00 -1.576418751874893998e-01 1.354371440585692588e+00 0.000000000000000000e+00
4.485601136441026981e-01 1.836446060453139281e-03 0.000000000000000000e+00 3.109020963504384172e-01 1.251143911574146950e+00 0.000000000000000000e+00
6.675555878505405882e-01 6.964044729870630043e-04 0.000000000000000000e+00 4.710730980944496937e-01 4.736952027404361942e-01 0.000000000000000000e+00
4.974152130392173188e-01 3.477968902250767706e-03 0.000000000000000000e+00 -5.049639518665469673e-01 1.008049695744152929e+00 0.000000000000000000e+00
4.141027483329965397e-01 -4.538302877275494571e-03 0.000000000000000000e+00 -1.981844111529867392e-01 1.401044231982278454e+00 0.000000000000000000e+00
4.120496716696079309e-01 -4.856689937493166402e-03 0.000000000000000000e+00 2.083920771526887594e-01 1.407491716271114690e+00 0.000000000000000000e+00
4.973037121795613746e-01 1.976054185164839716e-03 0.000000000000000000e+00 4.937077698836331852e-01 1.014027983924773224e+00 0.000000000000000000e+00
6.759585034119717228e-01 -2.096360544859464208e-03 0.000000000000000000e+00 -4.638530448243587401e-01 4.530352692439782447e-01 0.000000000000000000e+00
4.485962968136273932e-01 1.283221079616695369e-03 0.000000000000000000e+00 -3.139059564839101202e-01 1.250269195080454310e+00 0.000000000000000000e+00
4.293290570372692017e-01 2.562558804668356623e-03 0.000000000000000000e+00 1.674072619252116589e-01 1.347706546468154798e+00 0.000000000000000000e+00
5.575517688871048927e-01 -3.404934538973222041e-03 0.000000000000000000e+00 5.007928607214106043e-01 8.067542259233982938e-01 0.000000000000000000e+00
-9.234950844714835405e-01 -2.704913544418087305e-04 0.000000000000000000e+00 -1.168503904377506120e-01 1.006574814941727930e-01 0.000000000000000000e+00
5.366035418755240594e-01 6.776497168157749260e-04 0.000000000000000000e+00 -4.907852506537454529e-01 8.818863731505620640e-01 0.000000000000000000e+00
4.256569047110650983e-01 -6.248456295795852544e-03 0.000000000000000000e+00 -1.290595149861166746e-01 1.365372741221188679e+00 0.000000000000000000e+00
4.530870661934319754e-01 4.442571948273828578e-03 0.000000000000000000e+00 3.259153245061052750e-01 1.230965254390584018e+00 0.000000000000000000e+00
6.858704242721875843e-01 -2.096032927938355772e-03 0.000000000000000000e+00 4.611435940629117214e-01 4.225716956377078004e-01 0.000000000000000000e+00
4.928844394346446611e-01 1.037927207293114218e-03 0.000000000000000000e+00 -5.005711475544580846e-01 1.026192438994843581e+00 0.000000000000000000e+00
4.109855119381082833e-01 5.008651886291631480e-03 0.000000000000000000e+00 -2.207804463301162867e-01 1.409737285540188179e+00 0.000000000000000000e+00
4.091956974897927868e-01 -1.107076604394056311e-03 0.000000000000000000e+00 1.865277706307220118e-01 1.421754822569401666e+00 0.000000000000000000e+00
4.831009543111050020e-01 -1.617404690911865934e-03 0.000000000000000000e+00 4.891396040318202187e-01 1.066231905683992620e+00 0.000000000000000000e+00
7.710602509544549621e-01 9.877071342280674578e-04 0.000000000000000000e+00 3.924758435725970163e-01 1.997524603153240097e-01 0.000000000000000000e+00
7.117062788868810941e-01 -2.233818428755735171e-04 0.000000000000000000e+00 -4.444497572319191514e-01 3.523613956907925560e-01 0.000000000000000000e+00
4.592696374383063995e-01 7.312252996992162427e-04 0.000000000000000000e+00 -3.897728311659811595e-01 1.190007705925824055e+00 0.000000000000000000e+00
4.148746561350916129e-01 -2.413104242566235444e-04 0.000000000000000000e+00 3.830648715369931734e-02 1.411609344969371183e+00 0.000000000000000000e+00
4.773146127785971027e-01 -3.604958372762390086e-03 0.000000000000000000e+00 4.422087711775211649e-01 1.106792739324330199e+00 0.000000000000000000e+00
6.890060292833948274e-01 1.406298953061727898e-03 0.000000000000000000e+00 -4.444614443833313500e-01 4.298193388549665372e-01 0.000000000000000000e+00
4.492019233438764303e-01 -6.440984254556785665e-04 0.000000000000000000e+00 -2.147440182079123905e-01 1.268905582836577617e+00 0.000000000000000000e+00
4.703374792809895677e-01 -8.625622342242713660e-04 0.000000000000000000e+00 3.284374442914708703e-01 1.169681510101804989e+00 0.000000000000000000e+00
6.732049261658756834e-01 -8.310271000303466604e-04 0.000000000000000000e+00 -4.329218246914951496e-01 4.912748658983906447e-01 0.000000000000000000e+00
4.556891678469314200e-01 3.361374135260009229e-03 0.000000000000000000e+00 -5.169690534832545314e-02 1.263348076881523507e+00 0.000000000000000000e+00
6.016906558729391286e-01 2.161697875549783033e-03 0.000000000000000000e+00 4.438767498404245226e-01 7.021952357038196979e-01 0.000000000000000000e+00
4.852433695790274171e-01 3.111036770489319231e-03 0.000000000000000000e+00 -3.267599928110773155e-01 1.119395374255351738e+00 0.000000000000000000e+00
4.736573854102362757e-01 3.472485404477373451e-03 0.000000000000000000e+00 2.651603561336027259e-01 1.174304066259101109e+00 0.000000000000000000e+00
6.478610718390236389e-01 1.154769362032224446e-03 0.000000000000000000e+00 -4.348717358854096160e-01 5.676188909204699096e-01 0.000000000000000000e+00
4.629055599692260548e-01 4.074812239190362534e-03 0.000000000000000000e+00 3.087762616272931096e-02 1.239383325213141429e+00 0.000000000000000000e+00
7.244664320448053196e-01 8.041649030163498541e-04 0.000000000000000000e+00 3.979795604647423657e-01 3.636543697692146138e-01 0.000000000000000000e+00
8.302352133716881522e-01 1.658940252521280603e-04 0.000000000000000000e+00 -3.082289214566223956e-01 9.797405372143699887e-02 0.000000000000000000e+00
4.599434293959896447e-01 4.120001668809483361e-03 0.000000000000000000e+00 -3.003771208241755031e-01 1.213209072232344532e+00 0.000000000000000000e+00
4.533035675719975233e-01 5.298236013017322901e-03 0.000000000000000000e+00 2.394375059201411804e-01 1.249858953858273392e+00 0.000000000000000000e+00
7.218374824227616893e-01 1.574070954330151692e-03 0.000000000000000000e+00 4.203217836288037912e-01 3.466824176642495647e-01 0.000000000000000000e+00
7.857870936590627409e-01 -1.693428090178573237e-04 0.000000000000000000e+00 -3.688333286671796607e-01 1.799494491781624128e-01 0.000000000000000000e+00
4.666892327581252387e-01 3.466340908558757788e-03 0.000000000000000000e+00 -4.076496544253367382e-01 1.157383881613028187e+00 0.000000000000000000e+00
4.170657044688657056e-01 -5.605236211372347128e-03 0.000000000000000000e+00 3.929121962408020641e-02 1.403112016269612461e+00 0.000000000000000000e+00
4.829735041877243340e-01 -1.729449965312192250e-03 0.000000000000000000e+00 4.404748171335922113e-01 1.087673325752328557e+00 0.000000000000000000e+00
6.657424837208882895e-01 1.555513663873610286e-03 0.000000000000000000e+00 -4.594140979991843121e-01 4.908757504198699717e-01 0.000000000000000000e+00
4.453707050780240650e-01 6.084805517243092529e-03 0.000000000000000000e+00 -2.144926188771196229e-01 1.282435502253074455e+00 0.000000000000000000e+00
4.708539252368389993e-01 2.060671869024569350e-03 0.000000000000000000e+00 3.289529376180276854e-01 1.167741558975537108e+00 0.000000000000000000e+00
6.741670213974941817e-01 1.892209365540936661e-03 0.000000000000000000e+00 -4.348875364727531889e-01 4.865220822317305460e-01 0.000000000000000000e+00
4.557061231447708805e-01 -2.297101766355999237e-03 0.000000000000000000e+00 -5.019575884618399098e-02 1.263373594185803306e+00 0.000000000000000000e+00
5.950564864518995689e-01 1.357387517777565444e-03 0.000000000000000000e+00 4.442738031210348160e-01 7.223552189875717122e-01 0.000000000000000000e+00
4.871383645215853209e-01 4.028327038816197601e-03 0.000000000000000000e+00 -3.339233426780788827e-01 1.110902658968337509e+00 0.000000000000000000e+00
4.718096726972580979e-01 -7.620101103051751812e-04 0.000000000000000000e+00 2.652612908154368676e-01 1.180588116194798864e+00 0.000000000000000000e+00
6.546361800300262157e-01 -2.031548783055458791e-03 0.000000000000000000e+00 -4.291865514071427912e-01 5.513858296496640943e-01 0.000000000000000000e+00
4.637765606167058019e-01 -6.073026514191584742e-03 0.000000000000000000e+00 4.837084310797350184e-02 1.235804376606399302e+00 0.000000000000000000e+00
7.415519276172415353e-01 1.278288534035034764e-03 0.000000000000000000e+00 3.848678470806446428e-01 3.226512233438416644e-01 0.000000000000000000e+00
7.884121138176618526e-01 2.425602221806989235e-04 0.000000000000000000e+00 -3.553946443244606623e-01 1.944334752155728596e-01 0.000000000000000000e+00
4.584257086836618922e-01 -4.290577284177921058e-03 0.000000000000000000e+00 -2.269632974205479936e-01 1.234315053016488806e+00 0.000000000000000000e+00
4.777190648740714529e-01 -3.172409946259741736e-03 0.000000000000000000e+00 3.349987460556287377e-01 1.142428937240710818e+00 0.000000000000000000e+00
6.320944506969454757e-01 -3.430046820245384598e-04 0.000000000000000000e+00 -4.495614742537930031e-01 6.048966560301796136e-01 0.000000000000000000e+00
4.523780453700745330e-01 -2.112791653460517616e-03 0.000000000000000000e+00 -2.022043853242147526e-02 1.275706977646865248e+00 0.000000000000000000e+00
6.001165883722097139e-01 5.936558674180811637e-04 0.000000000000000000e+00 4.502695185862918836e-01 7.029884225023432798e-01 0.000000000000000000e+00
4.859552822434737296e-01 4.863077664536107070e-03 0.000000000000000000e+00 -3.459632444701292719e-01 1.111166313427563557e+00 0.000000000000000000e+00
4.631539195095099037e-01 -2.856763664911799241e-03 0.000000000000000000e+00 2.438816618781955992e-01 1.214731738119998683e+00 0.000000000000000000e+00
7.034871355404288540e-01 1.082483828870396333e-03 0.000000000000000000e+00 -4.020463962016743720e-01 4.256550498897085921e-01 0.000000000000000000e+00
4.754183222728554092e-01 5.498146352233217182e-03 0.000000000000000000e+00 5.718466323202671397e-02 1.196622619901025031e+00 0.000000000000000000e+00
6.976980362029878702e-01 -7.587164025724358815e-04 0.000000000000000000e+00 -3.800010310491938048e-01 4.624419064475956409e-01 0.000000000000000000e+00
5.249881792005374193e-01 3.516941932038455954e-03 0.000000000000000000e+00 2.306494850460762414e-01 1.017478296013724304e+00 0.000000000000000000e+00
-9.544608844423492222e-01 -2.322142773533574130e-04 0.000000000000000000e+00 1.642882533300296655e-02 1.067363558831628811e-01 0.000000000000000000e+00
5.261817512838868893e-01 -2.484253893997293797e-03 0.000000000000000000e+00 -2.368640976260757425e-01 1.012433590145402018e+00 0.000000000000000000e+00
6.918663432186449302e-01 7.558750344824546885e-04 0.000000000000000000e+00 3.817024353950125848e-01 4.780872826570775058e-01 0.000000000000000000e+00
4.767206104307066816e-01 4.730676963103213131e-03 0.000000000000000000e+00 -6.193679763838530472e-02 1.192130506935138889e+00 0.000000000000000000e+00
7.361972161263052872e-01 1.606911440506925571e-03 0.000000000000000000e+00 3.797403954777417434e-01 3.459453110395771525e-01 0.000000000000000000e+00
8.220531333120341122e-01 1.369660284850633507e-04 0.000000000000000000e+00 -3.157163461876832944e-01 1.235103030804466373e-01 0.000000000000000000e+00
4.587354183116217898e-01 3.460287687641060671e-03 0.000000000000000000e+00 -2.226553485727495174e-01 1.234045971910440853e+00 0.000000000000000000e+00
4.901840657721343586e-01 -4.532412245813758657e-03 0.000000000000000000e+00 3.607001456205354839e-01 1.092244127305885382e+00 0.000000000000000000e+00
5.903647064795761734e-01 -1.674429201543323545e-04 0.000000000000000000e+00 -4.521244684449862716e-01 7.320359413856367681e-01 0.000000000000000000e+00
4.505008436893840340e-01 -1.028535183656567077e-03 0.000000000000000000e+00 2.531906119229784119e-02 1.282154114002195033e+00 0.000000000000000000e+00
6.203873570185878261e-01 -1.083559031981055822e-03 0.000000000000000000e+00 4.550546184239018244e-01 6.370856519450704969e-01 0.000000000000000000e+00
4.826424893674199357e-01 -2.362817962444196083e-03 0.000000000000000000e+00 -3.387758524049359621e-01 1.124608039729527942e+00 0.000000000000000000e+00
4.552431014220230665e-01 1.015315179853397073e-05 0.000000000000000000e+00 2.186325225996529897e-01 1.246974149559796130e+00 0.000000000000000000e+00
7.542063437277241045e-01 -8.174642500106618637e-06 0.000000000000000000e+00 3.891291689863806691e-01 2.731401211802604312e-01 0.000000000000000000e+00
7.515998852852127099e-01 8.839886874501797290e-04 0.000000000000000000e+00 -3.914039099856785331e-01 2.794187866272891396e-01 0.000000000000000000e+00
4.558186728231933826e-01 -3.821572478516861195e-03 0.000000000000000000e+00 -2.071613199635624070e-01 1.246867136695416711e+00 0.000000000000000000e+00
4.844424452604925158e-01 -1.977323395303285346e-03 0.000000000000000000e+00 3.514669881734514556e-01 1.114616537554459441e+00 0.000000000000000000e+00
6.108606887268173136e-01 1.472065470546710803e-04 0.000000000000000000e+00 -4.556707742956178087e-01 6.661745510990926267e-01 0.000000000000000000e+00
4.496207191111784018e-01 4.302938926182286322e-03 0.000000000000000000e+00 -2.165249828781731084e-02 1.285222634133787345e+00 0.000000000000000000e+00
5.922158082875119689e-01 8.914199847057232770e-04 0.000000000000000000e+00 4.528587479681833727e-01 7.258281397102444021e-01 0.000000000000000000e+00
4.907234491955969613e-01 2.386062871136855786e-03 0.000000000000000000e+00 -3.608469161615904808e-01 1.090438934949935490e+00 0.000000000000000000e+00
4.569064790196400994e-01 -2.447586378223036950e-03 0.000000000000000000e+00 2.138024768341449389e-01 1.241986218268186892e+00 0.000000000000000000e+00
7.827671811526362156e-01 1.580831695904808161e-04 0.000000000000000000e+00 3.599174261084254756e-01 2.095939781897233067e-01 0.000000000000000000e+00
7.441570718851748811e-01 -1.112269335018824246e-04 0.000000000000000000e+00 -3.833405299154376000e-01 3.158071459446843976e-01 0.000000000000000000e+00
4.642120154561627521e-01 -1.994575497469485478e-03 0.000000000000000000e+00 -3.916219071647758510e-02 1.234780970826260038e+00 0.000000000000000000e+00
6.508714027621887999e-01 -1.625600319569848497e-03 0.000000000000000000e+00 4.331056043493742846e-01 5.598027448764961722e-01 0.000000000000000000e+00
4.726512979282726512e-01 -2.307734511868296534e-03 0.000000000000000000e+00 -2.599959322998148803e-01 1.178888319196334855e+00 0.000000000000000000e+00
4.889829619571041119e-01 -1.154603361865735867e-03 0.000000000000000000e+00 3.318592564699548442e-01 1.105412619179053646e+00 0.000000000000000000e+00
5.897660381181926148e-01 2.732806535964122860e-03 0.000000000000000000e+00 -4.480591332343319966e-01 7.363653711457309736e-01 0.000000000000000000e+00
4.558205303032278888e-01 8.518739236381476891e-04 0.000000000000000000e+00 5.707471650992318457e-02 1.262705789242495324e+00 0.000000000000000000e+00
6.792135920662758508e-01 -1.698620331494106114e-03 0.000000000000000000e+00 4.323670997131573435e-01 4.729926155110096286e-01 0.000000000000000000e+00
4.692636996440953112e-01 1.312791635223418789e-03 0.000000000000000000e+00 -3.372210856159812420e-01 1.170900572852057619e+00 0.000000000000000000e+00
4.449121662832403734e-01 6.003945357471128334e-03 0.000000000000000000e+00 1.864954718724757821e-01 1.288445119470973177e+00 0.000000000000000000e+00
6.490237959508560195e-01 2.373806028375018487e-04 0.000000000000000000e+00 4.673099147251097429e-01 5.375157539864466871e-01 0.000000000000000000e+00
4.893199242832850793e-01 -4.554195078592886137e-03 0.000000000000000000e+00 -4.303126717447067762e-01 1.069724838724902760e+00 0.000000000000000000e+00
4.193723912409409449e-01 6.586828335110306992e-03 0.000000000000000000e+00 -2.881972804307401936e-02 1.394601324346730786e+00 0.000000000000000000e+00
4.779210003716403143e-01 6.910473718618453248e-04 0.000000000000000000e+00 4.159002091600240147e-01 1.114870949605842432e+00 0.000000000000000000e+00
6.820582009055897732e-01 -1.667050638769249950e-03 0.000000000000000000e+00 -4.430475370566860915e-01 4.538592372313201562e-01 0.000000000000000000e+00
4.492488702726790128e-01 -4.504041622458251903e-03 0.000000000000000000e+00 -1.692603428397231324e-01 1.275523871255942687e+00 0.000000000000000000e+00
4.910861578403484806e-01 2.663178361723558644e-03 0.000000000000000000e+00 3.667695049895152160e-01 1.087242204749951480e+00 0.000000000000000000e+00
5.979401733230207405e-01 3.452981395506619575e-03 0.000000000000000000e+00 -4.641046277056904423e-01 7.007196067449330545e-01 0.000000000000000000e+00
4.466298861707971302e-01 -4.636029643281438378e-03 0.000000000000000000e+00 -1.897984506683563985e-02 1.295730341925884321e+00 0.000000000000000000e+00
5.720118500258842831e-01 3.072483353132925230e-03 0.000000000000000000e+00 4.496129118396327007e-01 7.907568231439674467e-01 0.000000000000000000e+00
5.029507934261502333e-01 -6.059104643245903643e-05 0.000000000000000000e+00 -3.882582609008638497e-01 1.040104214283619433e+00 0.000000000000000000e+00
4.496692649507125772e-01 -5.967781854394246452e-03 0.000000000000000000e+00 1.707873874047736440e-01 1.273777203405180858e+00 0.000000000000000000e+00
6.934813121432931160e-01 1.682926553891931840e-03 0.000000000000000000e+00 4.334254295042575533e-01 4.265280270733506907e-01 0.000000000000000000e+00
4.755964499198895301e-01 -4.983895467810678555e-03 0.000000000000000000e+00 -3.966017331404119162e-01 1.129872619173854176e+00 0.000000000000000000e+00
4.208743941975231495e-01 1.661526059238836034e-03 0.000000000000000000e+00 3.929824463404806012e-02 1.388882000129436634e+00 0.000000000000000000e+00
4.981226890576390676e-01 -1.129593354756467175e-03 0.000000000000000000e+00 4.537117250660779311e-01 1.029740092614487512e+00 0.000000000000000000e+00
6.199952959660981477e-01 -2.300784300490129469e-03 0.000000000000000000e+00 -4.806037334431174091e-01 6.192859062004520965e-01 0.000000000000000000e+00
4.389767739985939166e-01 2.633292525736010033e-03 0.000000000000000000e+00 -1.997528845506611195e-01 1.307925630921825233e+00 0.000000000000000000e+00
4.594686850100352382e-01 -3.023090557108377638e-03 0.000000000000000000e+00 3.250925226169524285e-01 1.208532630220529480e+00 0.000000000000000000e+00
7.891080488612662869e-01 5.764833451246242219e-05 0.000000000000000000e+00 3.598240538801482646e-01 1.830529431441482169e-01 0.000000000000000000e+00
7.296825211377427900e-01 1.176017256649332550e-04 0.000000000000000000e+00 -4.040975060569990673e-01 3.394690296337433688e-01 0.000000000000000000e+00
4.547279864596622811e-01 5.724562597097188413e-03 0.000000000000000000e+00 -1.471945048700374348e-01 1.259064951999199877e+00 0.000000000000000000e+00
5.337746749963543369e-01 4.198652371291929260e-03 0.000000000000000000e+00 4.101077919930022908e-01 9.311213291113745738e-01 0.000000000000000000e+00
-9.439827431777982891e-01 1.453937998312578202e-04 0.000000000000000000e+00 -3.185195959377175312e-02 1.184166677921207333e-01 0.000000000000000000e+00
5.288817948067277008e-01 -4.324900943489121477e-03 0.000000000000000000e+00 -4.040839549461456848e-01 9.493624974967354024e-01 0.000000000000000000e+00
4.564681443540531958e-01 3.120333877019265244e-03 0.000000000000000000e+00 1.448967111438695110e-01 1.253393407479339583e+00 0.000000000000000000e+00
7.439294216327940745e-01 2.873480817766132459e-04 0.000000000000000000e+00 3.927739521632087616e-01 3.047887601889734399e-01 0.000000000000000000e+00
7.685807569696218033e-01 -2.838505537962375883e-05 0.000000000000000000e+00 -3.774070651494358386e-01 2.367128216447840217e-01 0.000000000000000000e+00
4.552150029810023701e-01 5.906448907066944032e-03 0.000000000000000000e+00 -2.602818118874522524e-01 1.238918413015075437e+00 0.000000000000000000e+00
4.666642205009140509e-01 4.907983769261376264e-04 0.000000000000000000e+00 3.013953503285219382e-01 1.189601942386578237e+00 0.000000000000000000e+00
6.887097879231043329e-01 1.983138283854178618e-03 0.000000000000000000e+00 -4.213240537291346177e-01 4.534470731805626542e-01 0.000000000000000000e+00
4.616122632232025347e-01 -2.163117814980230862e-03 0.000000000000000000e+00 -1.194404030969458894e-02 1.244137523679512247e+00 0.000000000000000000e+00
6.621701128298320693e-01 8.011106627792839892e-04 0.000000000000000000e+00 4.303013487644262169e-01 5.275434913016420202e-01 0.000000000000000000e+00
4.697568473827687385e-01 3.982279475185129120e-03 0.000000000000000000e+00 -2.862512721591293774e-01 1.182642911750721559e+00 0.000000000000000000e+00
4.754026494537854086e-01 1.390561282061048357e-04 0.000000000000000000e+00 3.003862797139980056e-01 1.159899361031424547e+00 0.000000000000000000e+00
6.402008924368066678e-01 -1.051258608064254557e-04 0.000000000000000000e+00 -4.417766863680085976e-01 5.857957796812676143e-01 0.000000000000000000e+00
4.572079230444561215e-01 -4.325249336080694285e-03 0.000000000000000000e+00 1.283875932818077416e-02 1.259098155855445267e+00 0.000000000000000000e+00
6.495747073749317257e-01 -1.786050833742175957e-03 0.000000000000000000e+00 4.412022816002149073e-01 5.574397905416519361e-01 0.000000000000000000e+00
4.730735087185739540e-01 8.998210291184041698e-04 0.000000000000000000e+00 -3.043188225341807440e-01 1.166810643655302293e+00 0.000000000000000000e+00
4.658196941772095312e-01 -8.880918214116797008e-04 0.000000000000000000e+00 2.715722473452993890e-01 1.199663595743363675e+00 0.000000000000000000e+00
6.890735034894768241e-01 2.581354335911606370e-04 0.000000000000000000e+00 -4.152466705973612004e-01 4.579058322274784376e-01 0.000000000000000000e+00
4.665723835432392663e-01 -5.407576516985253962e-03 0.000000000000000000e+00 3.176254499277302024e-02 1.226960599753421421e+00 0.000000000000000000e+00
7.498859306141563152e-01 -7.367319355217069946e-04 0.000000000000000000e+00 3.773741555959511107e-01 3.039013773880481217e-01 0.000000000000000000e+00
7.772009144990210672e-01 -4.139958996181008349e-04 0.000000000000000000e+00 -3.620717429081001804e-01 2.278816365797307342e-01 0.000000000000000000e+00
4.582242063136634513e-01 7.489120636744754297e-04 0.000000000000000000e+00 -1.575241166696842443e-01 1.245838571390403882e+00 0.000000000000000000e+00
5.271738245756285579e-01 -4.592146653090254695e-03 0.000000000000000000e+00 4.138106051000701169e-01 9.506556812879232155e-01 0.000000000000000000e+00
-9.455232706376661689e-01 2.203824699249217617e-04 0.000000000000000000e+00 -2.673760883798973961e-03 1.203707976129339552e-01 0.000000000000000000e+00
5.285956543343783842e-01 1.259885470465873375e-04 0.000000000000000000e+00 -4.077412367909472035e-01 9.487721687396891701e-01 0.000000000000000000e+00
4.576670939728608722e-01 -5.705159064958280520e-03 0.000000000000000000e+00 1.658520716116211324e-01 1.246559699417400413e+00 0.000000000000000000e+00
7.797132807553834866e-01 7.095867977930689179e-04 0.000000000000000000e+00 3.595535015176387073e-01 2.222501285470445676e-01 0.000000000000000000e+00
7.483711843643096051e-01 1.496710299987371803e-03 0.000000000000000000e+00 -3.779188825205090918e-01 3.083130121286168923e-01 0.000000000000000000e+00
4.680267839846836697e-01 -3.115587920951665146e-03 0.000000000000000000e+00 -9.127898882224283819e-03 1.222536881735208025e+00 0.000000000000000000e+00
7.122561642393130388e-01 -1.672412986172681568e-03 0.000000000000000000e+00 4.025592364466614170e-01 3.978167872101943114e-01 0.000000000000000000e+00
4.628365180021157821e-01 -2.124596815084087327e-03 0.000000000000000000e+00 -2.740968921692967797e-01 1.209394273424138522e+00 0.000000000000000000e+00
4.631005012618892858e-01 -3.747534142987084260e-05 0.000000000000000000e+00 2.810126336986958906e-01 1.206906335796216867e+00 0.000000000000000000e+00
7.089276030657302163e-01 5.334290585322018496e-04 0.000000000000000000e+00 -4.045183669715558539e-01 4.063336969855450009e-01 0.000000000000000000e+00
4.671858797151497988e-01 -3.006483402919670617e-04 0.000000000000000000e+00 1.152651741665466217e-02 1.225365713754262398e+00 0.000000000000000000e+00
7.381903316241642532e-01 1.998520381796698581e-06 0.000000000000000000e+00 3.853596817705338684e-01 3.331803552112903022e-01 0.000000000000000000e+00
7.974705403963548989e-01 -6.923159967005829488e-05 0.000000000000000000e+00 -3.452648065686273471e-01 1.748404515978698170e-01 0.000000000000000000e+00
4.570497912702414789e-01 5.529245502030514722e-03 0.000000000000000000e+00 -2.403047111744005537e-01 1.236540479879152166e+00 0.000000000000000000e+00
4.789830719402089487e-01 -4.610932026823038460e-03 0.000000000000000000e+00 3.400198126264916132e-01 1.136596728240760523e+00 0.000000000000000000e+00
6.236306350494273953e-01 2.173754579522162427e-03 0.000000000000000000e+00 -4.539050434263015021e-01 6.278627728236561012e-01 0.000000000000000000e+00
4.518537931338708624e-01 -2.473199544428475102e-03 0.000000000000000000e+00 -1.447523813393012011e-02 1.277599737693299931e+00 0.000000000000000000e+00
5.986676384601876677e-01 -3.078360657291397129e-03 0.000000000000000000e+00 4.551469240497133528e-01 7.043188998948097801e-01 0.000000000000000000e+00
4.873621512867646333e-01 -9.330311812370383623e-05 0.000000000000000000e+00 -3.412215555405311296e-01 1.107992984352869748e+00 0.000000000000000000e+00
4.626529999575246244e-01 1.698247700215720860e-03 0.000000000000000000e+00 2.327599780043589639e-01 1.218659000563800276e+00 0.000000000000000000e+00
7.152269540274061033e-01 -9.253730858981932400e-04 0.000000000000000000e+00 -3.929296696025507685e-01 3.981518432717452427e-01 0.000000000000000000e+00
4.775342771771646788e-01 1.678488959926855567e-03 0.000000000000000000e+00 6.828811200829920658e-02 1.189183238472019344e+00 0.000000000000000000e+00
6.773865483564615042e-01 -4.181541344506177482e-05 0.000000000000000000e+00 -3.902953266624780704e-01 5.136033867646512263e-01 0.000000000000000000e+00
5.170653541834424605e-01 -2.080611440384381311e-03 0.000000000000000000e+00 2.298698161850240285e-01 1.041964249594793612e+00 0.000000000000000000e+00
5.313146715921571728e-01 1.730417204107855770e-03 0.000000000000000000e+00 -2.770233988548328474e-01 9.865004692208956261e-01 0.000000000000000000e+00
6.342133036300943161e-01 5.965327690419348298e-04 0.000000000000000000e+00 3.902648072917049848e-01 6.386125717864489237e-01 0.000000000000000000e+00
4.866733327334559212e-01 4.336997426442132028e-03 0.000000000000000000e+00 -6.634382365315220909e-02 1.159572126966425198e+00 0.000000000000000000e+00
7.559890980260297599e-01 9.509813000508141045e-05 0.000000000000000000e+00 -3.238618250516160924e-01 3.429302638141552007e-01 0.000000000000000000e+00
6.684624933459286655e-01 -9.228225583006472582e-04 0.000000000000000000e+00 3.380897679235548292e-01 5.737094890900005240e-01 0.000000000000000000e+00
5.473686075039199128e-01 3.348625724086349079e-03 0.000000000000000000e+00 1.969279924904134838e-01 9.582215333177883654e-01 0.000000000000000000e+00
5.267354612174512951e-01 -3.855103195999340371e-03 0.000000000000000000e+00 -6.542801164684500237e-02 1.036038368997598047e+00 0.000000000000000000e+00
5.908399044830439095e-01 -2.334061622853433882e-03 0.000000000000000000e+00 -2.957618173547718055e-01 8.066093199756183552e-01 0.000000000000000000e+00
8.466147186170176475e-01 5.466054427653395040e-04 0.000000000000000000e+00 2.631287248643298105e-01 1.285881730945695189e-01 0.000000000000000000e+00
8.041470658931151316e-01 1.368741965178707498e-03 0.000000000000000000e+00 -2.344116848715262491e-01 2.911804831281187833e-01 0.000000000000000000e+00
6.851161714950879666e-01 2.267502342302600560e-03 0.000000000000000000e+00 1.785249928188161195e-01 6.012559259416616619e-01 0.000000000000000000e+00
6.427319590433908658e-01 -8.728609096569873646e-04 0.000000000000000000e+00 -7.042472868623173010e-02 7.240866284392588614e-01 0.000000000000000000e+00
8.046244250959165845e-01 2.436954172759658865e-05 0.000000000000000000e+00 -1.770955647823840018e-01 3.281343129241566237e-01 0.000000000000000000e+00
7.664572114530900926e-01 6.143768120094768304e-04 0.000000000000000000e+00 1.538776659519166534e-01 4.227498884758863484e-01 0.000000000000000000e+00
-9.873223430848625526e-01 -7.951625754321805031e-05 0.000000000000000000e+00 1.550794726671231305e-02 7.402721779137520774e-02 0.000000000000000000e+00
7.713913686418922833e-01 -5.530861058018045427e-04 0.000000000000000000e+00 -1.545189059886498684e-01 4.116667418055658390e-01 0.000000000000000000e+00
8.349237910800975104e-01 6.617472358445095765e-04 0.000000000000000000e+00 1.794202592265118912e-01 2.584210757437381267e-01 0.000000000000000000e+00
8.132855116047591482e-01 -1.652593020484583591e-04 0.000000000000000000e+00 -2.712504268332239787e-01 2.304806881169546573e-01 0.000000000000000000e+00
7.046767056051168598e-01 -2.000798869827430382e-03 0.000000000000000000e+00 -2.775044301301346494e-01 5.125380583068332996e-01 0.000000000000000000e+00
6.072781869116776754e-01 3.946271369463984907e-04 0.000000000000000000e+00 -1.298743074466625624e-01 8.058815649292008221e-01 0.000000000000000000e+00
-9.419821501424585630e-01 -2.048271071441282957e-05 0.000000000000000000e+00 1.219506562893079155e-01 2.997836474068467025e-02 0.000000000000000000e+00
6.016118767848658289e-01 -9.876322101779605456e-05 0.000000000000000000e+00 9.896048652764082021e-02 8.250073369262478362e-01 0.000000000000000000e+00
6.836408872698698236e-01 1.251733046891496427e-03 0.000000000000000000e+00 2.674167046972794060e-01 5.710941195503179690e-01 0.000000000000000000e+00
8.479497223548209117e-01 4.753244085895077728e-04 0.000000000000000000e+00 2.443154610841055951e-01 1.570106836792863891e-01 0.000000000000000000e+00
8.984891739871636585e-01 -6.563447232184067143e-05 0.000000000000000000e+00 4.591807490706443194e-03 2.034436557604562545e-01 0.000000000000000000e+00
8.850705457024397038e-01 6.815039829633114110e-05 0.000000000000000000e+00 -4.706687601019773209e-02 2.202305202985004873e-01 0.000000000000000000e+00
-1.002023277830107917e+00 -1.362092352525867082e-04 0.000000000000000000e+00 6.113177026919276724e-02 3.877096245194094210e-02 0.000000000000000000e+00
9.492060694500699114e-01 1.631575779076346530e-04 0.000000000000000000e+00 9.780565487341642827e-02 1.041916567097088270e-01 0.000000000000000000e+00
9.044467440303814998e-01 -1.841117305613156931e-04 0.000000000000000000e+00 -1.177666582623071445e-01 1.545634901118285720e-01 0.000000000000000000e+00
8.400769234784594142e-01 -1.043845343883824037e-03 0.000000000000000000e+00 4.097068768884053191e-02 3.021990123201111489e-01 0.000000000000000000e+00
8.011952318353534608e-01 6.949878638320798607e-04 0.000000000000000000e+00 4.051222474401776352e-02 3.774635742596190724e-01 0.000000000000000000e+00
1.003905123488269435e+00 -1.118267795398260539e-03 0.000000000000000000e+00 1.865186460767037646e-01 2.473782411094068712e-01 0.000000000000000000e+00
-1.171282629812679499e+00 -7.477253889659646628e-04 0.000000000000000000e+00 -1.918980169118789658e-01 2.185713978238121302e-01 0.000000000000000000e+00
-1.037593340556829613e+00 -1.204693090039457505e-04 0.000000000000000000e+00 1.291354496581603208e-02 9.582702365662335020e-02 0.000000000000000000e+00
1.019646853362619288e+00 -4.953777788204943942e-04 0.000000000000000000e+00 1.148734683445577637e-01 1.152754224963282170e-01 0.000000000000000000e+00
-1.681466949302989455e+00 3.614112941959984893e-03 0.000000000000000000e+00 1.367202535766510185e-01 1.001589535863931513e+00 0.000000000000000000e+00
-1.642333936657487170e+00 1.157516150174002501e-03 0.000000000000000000e+00 -1.549007544516618762e-01 9.466488135022429473e-01 0.000000000000000000e+00
-1.910407533637906052e+00 -5.022953728337331558e-03 0.000000000000000000e+00 5.261016587845890324e-02 1.303416128803828844e+00 0.000000000000000000e+00
-1.651312367989223429e+00 4.223334769059838845e-04 0.000000000000000000e+00 2.064270931452358848e-01 9.489332957020012449e-01 0.000000000000000000e+00
-1.492459898258301276e+00 -9.161390784463846471e-04 0.000000000000000000e+00 -2.473669395736558529e-01 7.151396403643652810e-01 0.000000000000000000e+00
-1.865176884477693031e+00 4.248633949718291780e-03 0.000000000000000000e+00 -9.772033118419748421e-02 1.243672970045465842e+00 0.000000000000000000e+00
-2.004271022278801162e+00 -5.671906169127570452e-03 0.000000000000000000e+00 1.512389413487950571e-02 1.421215909403882982e+00 0.000000000000000000e+00
-1.908659672558298492e+00 -1.782770727259977428e-03 0.000000000000000000e+00 1.129332637365514924e-01 1.297371275532569479e+00 0.000000000000000000e+00
-1.685806110688514270e+00 2.326937077798064274e-03 0.000000000000000000e+00 2.169178007734314517e-01 9.931583095711051801e-01 0.000000000000000000e+00
-1.160651592375176122e+00 7.474641310461697767e-04 0.000000000000000000e+00 2.270457481799712518e-01 1.545986329672576765e-01 0.000000000000000000e+00
-1.180374290206691601e+00 -2.447059683875351006e-04 0.000000000000000000e+00 -2.371836580614117562e-01 1.912272692791179285e-01 0.000000000000000000e+00
-1.691184779038557462e+00 2.011766715631926883e-03 0.000000000000000000e+00 -2.126411398967513744e-01 1.001294119335106814e+00 0.000000000000000000e+00
-1.910437851249647823e+00 -2.081807610771140016e-03 0.000000000000000000e+00 -1.143445215140768967e-01 1.299487823693599609e+00 0.000000000000000000e+00
-2.005286944043412234e+00 3.637663194040069783e-03 0.000000000000000000e+00 -1.552702051512915363e-02 1.422460634414898895e+00 0.000000000000000000e+00
-1.871340425148018127e+00 -4.112959813629989136e-03 0.000000000000000000e+00 9.665859358889820896e-02 1.251569852464771371e+00 0.000000000000000000e+00
-1.517266633421427535e+00 3.583504697159636820e-03 0.000000000000000000e+00 2.450896264573190209e-01 7.518679182782166404e-01 0.000000000000000000e+00
-1.623068963963235856e+00 -3.725255711937059885e-03 0.000000000000000000e+00 -2.187489099051321828e-01 9.076590667602151274e-01 0.000000000000000000e+00
-1.903201393759932802e+00 3.064937402702638813e-03 0.000000000000000000e+00 -6.812957611032494087e-02 1.293634571519396204e+00 0.000000000000000000e+00
1.029277828257179062e+00 4.857154535990249934e-04 0.000000000000000000e+00 -1.002713513364312664e-01 1.044991467291354892e-01 0.000000000000000000e+00
-1.119234981313911081e+00 4.165187922327423520e-05 0.000000000000000000e+00 1.060420570735183116e-01 1.831956271841851946e-01 0.000000000000000000e+00
-1.047450839181753413e+00 -7.329007663208451928e-05 0.000000000000000000e+00 -9.761555976899422005e-02 4.724151300814659338e-02 0.000000000000000000e+00
-1.387522256555852707e+00 -5.435321492891949380e-04 0.000000000000000000e+00 1.588326624980734153e-02 6.095160556784613437e-01 0.000000000000000000e+00
-1.105165330693281600e+00 -6.650582032968060942e-04 0.000000000000000000e+00 1.340229803812066356e-01 1.352794822965552035e-01 0.000000000000000000e+00
-1.101376357490694069e+00 -2.125022954839030174e-04 0.000000000000000000e+00 -1.331660237326718343e-01 1.280463685220467884e-01 0.000000000000000000e+00
-1.387031708175521683e+00 1.613573033937985325e-03 0.000000000000000000e+00 -1.483484498448070857e-02 6.088450927127184720e-01 0.000000000000000000e+00
-1.179744269903314269e+00 5.548186092015788308e-04 0.000000000000000000e+00 9.204384113147934254e-02 2.894364682805684597e-01 0.000000000000000000e+00
-1.213572076348184758e+00 1.777210531714486230e-04 0.000000000000000000e+00 -7.903476450733376568e-02 3.459708760790067839e-01 0.000000000000000000e+00
-1.184009562513945291e+00 1.409545599827184345e-03 0.000000000000000000e+00 1.215381710592217529e-01 2.853916036631334308e-01 0.000000000000000000e+00
9.967102448078843935e-01 -6.460179885748169827e-04 0.000000000000000000e+00 4.316120130023375079e-02 3.370740784970267523e-01 0.000000000000000000e+00
-1.123335207098105970e+00 -8.797233661437097590e-04 0.000000000000000000e+00 -4.065606400603662823e-02 2.140670241361999904e-01 0.000000000000000000e+00
7.210876475467267177e-01 2.437158827182581144e-03 0.000000000000000000e+00 6.921293738589412436e-02 5.420825090415903880e-01 0.000000000000000000e+00
7.528687862365069927e-01 -1.019778438360015652e-03 0.000000000000000000e+00 -1.234256420100696416e-01 4.620346558956705540e-01 0.000000000000000000e+00
8.275841238251783194e-01 -1.281308556929499146e-03 0.000000000000000000e+00 -1.055405410394335275e-01 3.110507850043154332e-01 0.000000000000000000e+00
