9.937136632150587179e-01 6.503555843347787278e-04 0.000000000000000000e+00 2.064045063506661226e-01 1.733921902381729274e-01 0.000000000000000000e+00
8.779272299041489536e-01 8.397719697989863494e-04 0.000000000000000000e+00 -1.264139535481612897e-01 2.007024946977611912e-01 0.000000000000000000e+00
8.384467952125653767e-01 -9.149750592357310669e-04 0.000000000000000000e+00 -3.076880711196408602e-02 3.064296190870201553e-01 0.000000000000000000e+00
8.884016854616705317e-01 5.431219612212663528e-04 0.000000000000000000e+00 1.123739120897452870e-01 1.887314079975724035e-01 0.000000000000000000e+00
9.816566550898264687e-01 -3.105308456192756080e-04 0.000000000000000000e+00 -1.200767627312902264e-01 1.177972848164303421e-01 0.000000000000000000e+00
-1.145705602394071487e+00 8.595282264679373133e-04 0.000000000000000000e+00 2.334523733562270803e-02 2.507989810573706402e-01 0.000000000000000000e+00
9.903178054053185519e-01 -4.114784807433775676e-04 0.000000000000000000e+00 -3.492484853469886297e-02 2.168179477416126155e-01 0.000000000000000000e+00
-1.145746898418758430e+00 -1.152578201363792416e-03 0.000000000000000000e+00 9.807858124333462824e-02 2.320718773715136074e-01 0.000000000000000000e+00
-1.390630878301257978e+00 2.525356927894770870e-03 0.000000000000000000e+00 1.404152047923713439e-02 6.139714458357790061e-01 0.000000000000000000e+00
-1.148784406752735077e+00 8.407158274176592533e-04 0.000000000000000000e+00 -1.365704107941986267e-01 2.172051316267210319e-01 0.000000000000000000e+00
-1.402226659661047314e+00 2.404241254424572226e-03 0.000000000000000000e+00 -1.037125553509138098e-01 6.220061409340869041e-01 0.000000000000000000e+00
-1.324994768696486691e+00 1.266594053955251084e-03 0.000000000000000000e+00 1.465756385198721812e-01 4.986788934163048914e-01 0.000000000000000000e+00
-1.441373419139222900e+00 2.317887741964762879e-03 0.000000000000000000e+00 2.662522785279286194e-02 6.852114646225271333e-01 0.000000000000000000e+00
-1.567801500861048414e+00 -7.804088446336505773e-04 0.000000000000000000e+00 1.576955573527943355e-01 8.449196671328139674e-01 0.000000000000000000e+00
-1.716015631979508349e+00 -4.873423822954071200e-03 0.000000000000000000e+00 -3.932970770203597644e-02 1.055342121965535895e+00 0.000000000000000000e+00
-1.369694202040791620e+00 -2.189047233975525975e-04 0.000000000000000000e+00 -2.169832538954784840e-01 5.424623917246502725e-01 0.000000000000000000e+00
-1.683771206388632091e+00 2.472551830536282025e-03 0.000000000000000000e+00 1.059988878404711787e-01 1.008335498237721506e+00 0.000000000000000000e+00
-1.651792915054976163e+00 4.612141956839697909e-03 0.000000000000000000e+00 -1.241674842279683055e-01 9.637957609261820213e-01 0.000000000000000000e+00
-1.306066648837099553e+00 1.694437410939358957e-03 0.000000000000000000e+00 2.142566990682968076e-01 4.430992685517088359e-01 0.000000000000000000e+00
-1.625953910139765757e+00 3.710680332769855996e-03 0.000000000000000000e+00 1.042952208911592377e-01 9.316579150327257697e-01 0.000000000000000000e+00
-1.679097455577481579e+00 2.599891466824327466e-03 0.000000000000000000e+00 -3.867696556737088009e-02 1.007010881223660448e+00 0.000000000000000000e+00
-1.481302091743430527e+00 -3.204995346314010868e-03 0.000000000000000000e+00 -1.789109318903849832e-01 7.193812023076154860e-01 0.000000000000000000e+00
-1.414404696342860701e+00 -2.854611364211598334e-03 0.000000000000000000e+00 1.723469371613078199e-02 6.475899156301758719e-01 0.000000000000000000e+00
-1.127491230606734174e+00 -7.137679838263567790e-04 0.000000000000000000e+00 6.758005673840003502e-02 2.137290263342666585e-01 0.000000000000000000e+00
-1.400713184523378008e+00 -1.811385442899547324e-03 0.000000000000000000e+00 -1.212674801592271145e-01 6.166363496122386767e-01 0.000000000000000000e+00
-1.441340226333409635e+00 -1.846565023204072009e-03 0.000000000000000000e+00 8.969556234305063602e-02 6.797895267912330564e-01 0.000000000000000000e+00
-1.748821005466304257e+00 -5.240022025308748582e-04 0.000000000000000000e+00 1.105573346641481464e-01 1.093093272114488146e+00 0.000000000000000000e+00
-1.503270412636284803e+00 1.291619354101006256e-03 0.000000000000000000e+00 -2.168251025180000513e-01 7.404942976549885314e-01 0.000000000000000000e+00
-1.829259357021580712e+00 2.888244028701856744e-03 0.000000000000000000e+00 1.939287386122979379e-02 1.201761058706900531e+00 0.000000000000000000e+00
-1.378731049466819680e+00 1.926658210648152930e-03 0.000000000000000000e+00 2.417623112156739862e-01 5.460456975007021985e-01 0.000000000000000000e+00
-1.784901430446318216e+00 -4.300138006939575874e-03 0.000000000000000000e+00 -8.740925541901492513e-02 1.141853761731484340e+00 0.000000000000000000e+00
-1.565218595581532535e+00 -1.627983240197673764e-03 0.000000000000000000e+00 1.793379172669787303e-01 8.370247729507637180e-01 0.000000000000000000e+00
-1.731812940559179337e+00 -1.801848210442047460e-03 0.000000000000000000e+00 -8.282087533742657492e-02 1.073430608235876216e+00 0.000000000000000000e+00
-1.425297518611547520e+00 -2.703367461967670637e-04 0.000000000000000000e+00 2.149063267977201763e-01 6.273777126813443461e-01 0.000000000000000000e+00
-1.751347342639338667e+00 2.336287932772393439e-03 0.000000000000000000e+00 -1.204351613543917093e-02 1.101875251969399283e+00 0.000000000000000000e+00
-1.316654640331620385e+00 -1.727439605094079761e-03 0.000000000000000000e+00 -2.296927872646621349e-01 4.527011728317326678e-01 0.000000000000000000e+00
-1.737100480255914903e+00 4.697388022327893264e-03 0.000000000000000000e+00 6.535063169649077408e-02 1.081519315596657815e+00 0.000000000000000000e+00
-1.544845004326541815e+00 3.392906224326679848e-03 0.000000000000000000e+00 -1.815720550580077197e-01 8.082704164124270285e-01 0.000000000000000000e+00
-1.776339572065238848e+00 -2.119180027412386619e-03 0.000000000000000000e+00 8.733807257655762379e-02 1.130814696136010600e+00 0.000000000000000000e+00
-1.419080585974831887e+00 2.993813508256996936e-04 0.000000000000000000e+00 -2.347674911252687346e-01 6.108491812197986981e-01 0.000000000000000000e+00
-1.827940924899826847e+00 -2.136883313445553378e-03 0.000000000000000000e+00 -5.444994564904125089e-03 1.200225320755489378e+00 0.000000000000000000e+00
-1.446592370727528332e+00 2.402388739975313756e-03 0.000000000000000000e+00 2.309933876182165280e-01 6.533997767860629802e-01 0.000000000000000000e+00
-1.768704367951537959e+00 4.086195695042923320e-03 0.000000000000000000e+00 -9.202148766497542098e-02 1.120582770915609316e+00 0.000000000000000000e+00
-1.502141619719346011e+00 -4.478075682530641144e-04 0.000000000000000000e+00 1.894330708466565039e-01 7.463701069918626807e-01 0.000000000000000000e+00
-1.734779132331783380e+00 1.664804704193299789e-03 0.000000000000000000e+00 -2.156622913569911787e-02 1.080257466252274590e+00 0.000000000000000000e+00
-1.353495864281410110e+00 -2.360679879419180782e-03 0.000000000000000000e+00 -2.236406833861820931e-01 5.144938526746573038e-01 0.000000000000000000e+00
-1.708505189667395285e+00 -5.457905292475997289e-04 0.000000000000000000e+00 8.585977211791631647e-02 1.042741285785049099e+00 0.000000000000000000e+00
-1.613574061066981979e+00 -2.860007061110708421e-03 0.000000000000000000e+00 -1.519819499460481893e-01 9.083479381129121455e-01 0.000000000000000000e+00
-1.150251542494793222e+00 4.187319303481000857e-04 0.000000000000000000e+00 -3.992583839420732472e-02 2.557159833305025498e-01 0.000000000000000000e+00
9.877924586078468128e-01 7.429428795532167342e-05 0.000000000000000000e+00 -1.153033198342297283e-02 1.981089445242058267e-01 0.000000000000000000e+00
-1.188118320869028910e+00 1.106888571254849296e-03 0.000000000000000000e+00 3.309370110135839010e-02 3.146586095139809469e-01 0.000000000000000000e+00
-1.189874727686158540e+00 -5.994180361753604497e-04 0.000000000000000000e+00 -2.293227873219854523e-02 3.182302343536763667e-01 0.000000000000000000e+00
8.272721271322553971e-01 1.279814027483226410e-03 0.000000000000000000e+00 -1.521887992164571227e-02 3.286800841882527857e-01 0.000000000000000000e+00
8.333532226925506325e-01 1.578743645849075899e-03 0.000000000000000000e+00 -2.060621581487777527e-03 3.175163933892849455e-01 0.000000000000000000e+00
8.280582311396571527e-01 5.127907958858753806e-04 0.000000000000000000e+00 3.014012852290872541e-02 3.261501536848168681e-01 0.000000000000000000e+00
8.381206958114311156e-01 -1.295750997788374520e-03 0.000000000000000000e+00 1.038760793191094711e-01 2.905744718535152593e-01 0.000000000000000000e+00
7.090509262820843261e-01 -3.655925527781976516e-04 0.000000000000000000e+00 -5.490903214926881604e-02 5.704249919420283366e-01 0.000000000000000000e+00
8.173006462976899478e-01 1.197905675384899893e-03 0.000000000000000000e+00 1.886226731317957317e-01 2.926195036353005374e-01 0.000000000000000000e+00
7.358091114730771487e-01 -1.720277583599552455e-03 0.000000000000000000e+00 -2.693074819888720550e-01 4.384034308121134149e-01 0.000000000000000000e+00
6.087840938544193392e-01 -1.228643821554566314e-03 0.000000000000000000e+00 -5.214424583946047909e-02 8.107201957222930355e-01 0.000000000000000000e+00
6.642869736207184239e-01 -1.299870219434505134e-03 0.000000000000000000e+00 2.291551100226065230e-01 6.357020250395515326e-01 0.000000000000000000e+00
7.420920033499049939e-01 3.360741748170618763e-04 0.000000000000000000e+00 -2.471864745770823713e-01 4.358415479905464740e-01 0.000000000000000000e+00
6.445331853980122983e-01 -7.895570337343848361e-04 0.000000000000000000e+00 1.278147288073794019e-01 7.117217139175111562e-01 0.000000000000000000e+00
6.880409289866573630e-01 2.351765332141584220e-03 0.000000000000000000e+00 -2.042606745930934387e-01 5.858947185272425084e-01 0.000000000000000000e+00
7.070016051956661274e-01 -6.970066583052046336e-04 0.000000000000000000e+00 2.220668592871247182e-01 5.332415692330827461e-01 0.000000000000000000e+00
6.404916152736963575e-01 5.630107940906604880e-06 0.000000000000000000e+00 -1.304699336386236086e-01 7.212609407612361467e-01 0.000000000000000000e+00
7.098424306226203129e-01 1.167949977884830993e-03 0.000000000000000000e+00 2.384584506369915591e-01 5.191580690169737000e-01 0.000000000000000000e+00
6.572807176934203355e-01 2.844310845603345225e-03 0.000000000000000000e+00 -2.031240917121582557e-01 6.619127960337860550e-01 0.000000000000000000e+00
6.318853230208689720e-01 2.356806205908053981e-03 0.000000000000000000e+00 1.355518239944603076e-01 7.418606467934716342e-01 0.000000000000000000e+00
7.709231230024654602e-01 1.724745350144536379e-03 0.000000000000000000e+00 -2.223848858158486985e-01 3.804208578864231027e-01 0.000000000000000000e+00
8.566893490537657030e-01 6.410060189464047292e-04 0.000000000000000000e+00 2.067914018677567134e-01 1.805166375266946677e-01 0.000000000000000000e+00
1.002448286391530274e+00 8.186180515358339920e-04 0.000000000000000000e+00 3.081760751375329233e-01 2.717212003072455584e-01 0.000000000000000000e+00
-1.230112937449463928e+00 1.238993926284690308e-03 0.000000000000000000e+00 -1.959607348062863685e-01 3.252372199767725736e-01 0.000000000000000000e+00
-1.455742832468031933e+00 -1.522454000860738472e-03 0.000000000000000000e+00 -8.775564028084803514e-02 7.003250792000594860e-01 0.000000000000000000e+00
-1.435617960869552512e+00 1.981875151730833756e-03 0.000000000000000000e+00 1.050426123200517842e-01 6.694749047995025570e-01 0.000000000000000000e+00
-1.690919613857343240e+00 -2.419264430982330516e-03 0.000000000000000000e+00 1.248062033281992500e-01 1.015629863217434536e+00 0.000000000000000000e+00
-1.633888864219327219e+00 3.192479426598018866e-03 0.000000000000000000e+00 -1.558075177210465068e-01 9.351363062465861686e-01 0.000000000000000000e+00
-1.902329785660902495e+00 4.898040365052454617e-03 0.000000000000000000e+00 6.222158534796973228e-02 1.292834099717534713e+00 0.000000000000000000e+00
-1.624635419545097381e+00 -9.572886630534460650e-04 0.000000000000000000e+00 2.123291584318154623e-01 9.113091138309215022e-01 0.000000000000000000e+00
-1.540990038043972055e+00 -8.335821243550117776e-04 0.000000000000000000e+00 -2.359130899477918097e-01 7.886384903025003279e-01 0.000000000000000000e+00
-1.880205181811230641e+00 -3.369121223150889355e-03 0.000000000000000000e+00 -8.500333850628427612e-02 1.263621838412359200e+00 0.000000000000000000e+00
1.038753480176794142e+00 1.466031616509505791e-04 0.000000000000000000e+00 7.228988730988511469e-02 1.189564325974307862e-01 0.000000000000000000e+00
-2.264538942470095684e+00 7.504907940501263572e-03 0.000000000000000000e+00 -3.524726333915056270e-02 1.736430611172140370e+00 0.000000000000000000e+00
-2.172806600747394068e+00 3.173828507232842600e-03 0.000000000000000000e+00 -1.227450935594061737e-01 1.622209543950256849e+00 0.000000000000000000e+00
-1.958581170669060789e+00 5.735093273626146182e-03 0.000000000000000000e+00 -2.101980142643992411e-01 1.348369297271979184e+00 0.000000000000000000e+00
-1.586429321397432757e+00 -2.752109014743070459e-03 0.000000000000000000e+00 -3.007554904746252422e-01 8.319168155357965500e-01 0.000000000000000000e+00
-1.531952323455323395e+00 -4.537732352497304833e-04 0.000000000000000000e+00 3.051786639450368988e-01 7.512359194464217627e-01 0.000000000000000000e+00
-1.927150137094619131e+00 -2.963350538474150697e-03 0.000000000000000000e+00 2.220229136785487334e-01 1.306709969994352516e+00 0.000000000000000000e+00
-2.155221620315166398e+00 1.281948853163775506e-03 0.000000000000000000e+00 1.357027210750427759e-01 1.599878207995276025e+00 0.000000000000000000e+00
-2.260542578208750264e+00 6.960569875890471048e-03 0.000000000000000000e+00 5.550183802355215801e-02 1.731133886234435648e+00 0.000000000000000000e+00
-2.034919114518610073e+00 1.531441630854862845e-03 0.000000000000000000e+00 4.238455193546580846e-02 1.458427133598043657e+00 0.000000000000000000e+00
-1.962041465852978783e+00 6.672245474412495658e-03 0.000000000000000000e+00 1.108663523143655211e-01 1.364466954474512939e+00 0.000000000000000000e+00
-1.836109959243824363e+00 -5.762322394592053754e-04 0.000000000000000000e+00 1.748464480706824475e-01 1.197940317778915853e+00 0.000000000000000000e+00
-1.635379557649341287e+00 -1.000418788451487573e-03 0.000000000000000000e+00 2.417410364097789532e-01 9.187317892369062378e-01 0.000000000000000000e+00
-1.294657918654506634e+00 -1.226271562920717116e-03 0.000000000000000000e+00 2.730485974978799080e-01 3.892501422124926003e-01 0.000000000000000000e+00
-1.535928816371198824e+00 1.651710390579409771e-03 0.000000000000000000e+00 -2.625068294389254486e-01 7.729184298408871001e-01 0.000000000000000000e+00
-1.772388632555260690e+00 -8.189785447036967980e-04 0.000000000000000000e+00 -2.010514990721145590e-01 1.111051991356469815e+00 0.000000000000000000e+00
-1.923803497817879737e+00 1.147826023575721464e-03 0.000000000000000000e+00 -1.302403540284933769e-01 1.314814372841005108e+00 0.000000000000000000e+00
-2.012612830309479683e+00 -4.918215451839291763e-03 0.000000000000000000e+00 -6.729911382573572354e-02 1.430001803695074569e+00 0.000000000000000000e+00
-2.091056939981952745e+00 1.608345126191727814e-03 0.000000000000000000e+00 -1.485326962681281920e-02 1.527685586730616274e+00 0.000000000000000000e+00
1.028453166243381567e+00 -8.946384570699317165e-05 0.000000000000000000e+00 -9.347208567520609579e-03 1.453868877552507155e-01 0.000000000000000000e+00
-2.017724174619176303e+00 -5.026157354459284687e-03 0.000000000000000000e+00 3.566022525920323205e-02 1.437444616623378302e+00 0.000000000000000000e+00
-1.930666227916282507e+00 -2.299988721218979709e-03 0.000000000000000000e+00 1.151288116850639753e-01 1.324841683177165663e+00 0.000000000000000000e+00
-1.762385913733325982e+00 -2.018022365658938416e-03 0.000000000000000000e+00 1.970219989646469494e-01 1.098677316827649797e+00 0.000000000000000000e+00
-1.466381300510069652e+00 2.744783063309377477e-03 0.000000000000000000e+00 2.711277539240778411e-01 6.676589443903186982e-01 0.000000000000000000e+00
-1.452632576579767409e+00 -1.193609298825601406e-03 0.000000000000000000e+00 -2.718911550873098215e-01 6.466278530996975027e-01 0.000000000000000000e+00
-1.754138491634495756e+00 -1.601031571544994647e-04 0.000000000000000000e+00 -2.013784500795655075e-01 1.087054251505048086e+00 0.000000000000000000e+00
-1.925616208536679697e+00 -4.985785926960945025e-03 0.000000000000000000e+00 -1.234223183582994487e-01 1.317758325983160006e+00 0.000000000000000000e+00
-2.015169495442312275e+00 -6.231767232183757499e-03 0.000000000000000000e+00 -4.678449786063033217e-02 1.433979259499466252e+00 0.000000000000000000e+00
1.046287262681475427e+00 9.102672787320999323e-05 0.000000000000000000e+00 8.863538475707749553e-02 1.078504499863568999e-01 0.000000000000000000e+00
-2.338494362320759912e+00 3.478561718635336808e-03 0.000000000000000000e+00 -6.267045797908504801e-02 1.823446419475474922e+00 0.000000000000000000e+00
-2.083048586433815963e+00 3.139008239122970112e-03 0.000000000000000000e+00 -1.971075804711412971e-01 1.505140425971610574e+00 0.000000000000000000e+00
-1.437670318301200956e+00 -2.309416251541233922e-03 0.000000000000000000e+00 -3.221420237336905523e-01 5.994697080871758121e-01 0.000000000000000000e+00
-1.931311577475107288e+00 -6.208407851909097941e-05 0.000000000000000000e+00 2.457997941474587555e-01 1.307739687950890239e+00 0.000000000000000000e+00
-2.285265716290743931e+00 5.287754192613763893e-03 0.000000000000000000e+00 1.123769935778755336e-01 1.757860947174500366e+00 0.000000000000000000e+00
-2.343789305196209760e+00 -6.974798105345500487e-03 0.000000000000000000e+00 -2.022740475470788390e-02 1.830674801389872597e+00 0.000000000000000000e+00
-2.223851913113084500e+00 2.153960295419345139e-03 0.000000000000000000e+00 -1.327424282601434857e-01 1.682946514205891031e+00 0.000000000000000000e+00
-1.841917273473177019e+00 -2.157853903676731910e-03 0.000000000000000000e+00 -2.661592931331654976e-01 1.188579440297681256e+00 0.000000000000000000e+00
-1.517366399136109489e+00 -2.645989301324445930e-03 0.000000000000000000e+00 3.156381146120048609e-01 7.252202122536464124e-01 0.000000000000000000e+00
-2.078234717563249845e+00 8.582735736011176675e-04 0.000000000000000000e+00 1.964056840493951794e-01 1.499302952853972304e+00 0.000000000000000000e+00
-2.317303136661785778e+00 8.146134998903181712e-03 0.000000000000000000e+00 7.676274220815398897e-02 1.797832727752873172e+00 0.000000000000000000e+00
-2.153995616097371446e+00 6.812304085716286428e-03 0.000000000000000000e+00 1.170341022608713255e-02 1.604113164402797276e+00 0.000000000000000000e+00
1.033150085516007621e+00 8.922096504874652521e-05 0.000000000000000000e+00 -7.137968193728810862e-02 1.221573351317740835e-01 0.000000000000000000e+00
-1.513935874064656240e+00 1.355039397770860243e-03 0.000000000000000000e+00 1.798502792895923519e-01 7.653849253866849001e-01 0.000000000000000000e+00
-1.720703521699673111e+00 -4.378654237546037581e-03 0.000000000000000000e+00 -1.274323425004492832e-02 1.062107555750224641e+00 0.000000000000000000e+00
-1.463490528114390177e+00 1.239457942888655406e-03 0.000000000000000000e+00 -1.950176849472767815e-01 6.895446225684501718e-01 0.000000000000000000e+00
-1.760913166126001794e+00 -4.355826559370633289e-03 0.000000000000000000e+00 9.586082000557805127e-02 1.110178779667229776e+00 0.000000000000000000e+00
-1.473735380173123444e+00 -1.312068531475658190e-03 0.000000000000000000e+00 -2.241014553924460806e-01 6.956092259968390534e-01 0.000000000000000000e+00
-1.825243735425125635e+00 -1.740974911384085555e-03 0.000000000000000000e+00 1.285429158045464648e-02 1.196735178719114057e+00 0.000000000000000000e+00
-1.367642965762923879e+00 1.566347014306707780e-03 0.000000000000000000e+00 2.416242586352036481e-01 5.287256073885007179e-01 0.000000000000000000e+00
-1.787673580770225090e+00 -1.245059043406659960e-03 0.000000000000000000e+00 -7.786751313352452408e-02 1.146109826929190501e+00 0.000000000000000000e+00
-1.571841415097155581e+00 3.775330986193609767e-03 0.000000000000000000e+00 1.851042342872826763e-01 8.449366620074388878e-01 0.000000000000000000e+00
-1.727667367400419041e+00 -2.831136894693015577e-03 0.000000000000000000e+00 -9.967940882086193111e-02 1.066592074368694298e+00 0.000000000000000000e+00
-1.473603348110007705e+00 3.984289818923306137e-04 0.000000000000000000e+00 2.004973021242701103e-01 7.025858652331300469e-01 0.000000000000000000e+00
-1.741161671457496007e+00 -3.339031684185546009e-03 0.000000000000000000e+00 -2.099902545075457705e-02 1.088555818033456912e+00 0.000000000000000000e+00
-1.345099210003876777e+00 2.019227734173390659e-03 0.000000000000000000e+00 -2.242382602067687358e-01 5.010083146472532611e-01 0.000000000000000000e+00
-1.718944288287461486e+00 3.560633230928509502e-03 0.000000000000000000e+00 8.035672081389305665e-02 1.056840400401590774e+00 0.000000000000000000e+00
-1.592056140592484681e+00 -1.803126849842864865e-03 0.000000000000000000e+00 -1.629247223813427570e-01 8.771713361157633670e-01 0.000000000000000000e+00
1.043294634399272391e+00 3.704855237215151989e-04 0.000000000000000000e+00 9.792090159691482776e-02 9.874306598761345422e-02 0.000000000000000000e+00
-2.195587727698542935e+00 8.064411347221162041e-03 0.000000000000000000e+00 -1.420702100052712025e-02 1.654222251984558856e+00 0.000000000000000000e+00
-2.200009338590553476e+00 3.188111540205984529e-03 0.000000000000000000e+00 -6.455127072661934196e-02 1.658324841230462532e+00 0.000000000000000000e+00
-2.126076193491528876e+00 1.103377121126285221e-03 0.000000000000000000e+00 -1.246472616260862615e-01 1.565386725567091020e+00 0.000000000000000000e+00
-1.993268172831709428e+00 -1.261455878731748692e-04 0.000000000000000000e+00 -1.863798310444511885e-01 1.395288888236493996e+00 0.000000000000000000e+00
-1.802442196998687240e+00 7.745530307626605215e-04 0.000000000000000000e+00 -2.459971738798024943e-01 1.141476093145757709e+00 0.000000000000000000e+00
-1.529827618664615141e+00 -3.101868069019208564e-03 0.000000000000000000e+00 -2.993180757169610073e-01 7.504796807100619915e-01 0.000000000000000000e+00
-1.358040985996851635e+00 -1.253633422619394866e-03 0.000000000000000000e+00 3.011211587384959310e-01 4.810692485318843747e-01 0.000000000000000000e+00
-1.694212895996198398e+00 8.556986290330151346e-04 0.000000000000000000e+00 2.723290173910685175e-01 9.908418335968411927e-01 0.000000000000000000e+00
-1.915150978303579832e+00 4.269707749637989894e-03 0.000000000000000000e+00 2.165053737522272259e-01 1.292410150681470249e+00 0.000000000000000000e+00
-2.073687403330869650e+00 1.355189791618680029e-03 0.000000000000000000e+00 1.535288118578090055e-01 1.498715619655039966e+00 0.000000000000000000e+00
-2.174461456202933629e+00 4.045457900523172223e-03 0.000000000000000000e+00 9.578075888074917554e-02 1.626026966652083017e+00 0.000000000000000000e+00
-2.210931661249861957e+00 2.373421052532770359e-03 0.000000000000000000e+00 4.002738342488272594e-02 1.672211132836484371e+00 0.000000000000000000e+00
-2.048294662825481005e+00 3.257126365183550878e-03 0.000000000000000000e+00 4.271182580094413928e-02 1.474853602776738049e+00 0.000000000000000000e+00
-1.985375617790392955e+00 -4.861615348541424575e-04 0.000000000000000000e+00 9.607884738139643721e-02 1.394606633559328790e+00 0.000000000000000000e+00
-1.883422290399057841e+00 -4.711373390587100460e-03 0.000000000000000000e+00 1.548348247404557898e-01 1.261070902661505677e+00 0.000000000000000000e+00
-1.726456724862544423e+00 1.371905604183647209e-03 0.000000000000000000e+00 2.204013177449571648e-01 1.046710914873074660e+00 0.000000000000000000e+00
-1.495454084451371735e+00 5.142782261817469003e-04 0.000000000000000000e+00 2.719475485321540820e-01 7.105733707114302300e-01 0.000000000000000000e+00
-1.303677051945555387e+00 5.806038572200893566e-04 0.000000000000000000e+00 -2.757452531149946484e-01 4.034699233723827994e-01 0.000000000000000000e+00
-1.611893821781607450e+00 -6.177699670736058746e-04 0.000000000000000000e+00 -2.509513822821276552e-01 8.837945839115106672e-01 0.000000000000000000e+00
-1.805061094590951765e+00 3.171715057452249853e-03 0.000000000000000000e+00 -1.900147197704361302e-01 1.155519577372895679e+00 0.000000000000000000e+00
-1.934420298998387633e+00 -6.534044578838999438e-03 0.000000000000000000e+00 -1.350813910993688971e-01 1.327686410330088052e+00 0.000000000000000000e+00
-2.016979168188644422e+00 -1.776560983477795674e-03 0.000000000000000000e+00 -7.107241239871768534e-02 1.435205552047937649e+00 0.000000000000000000e+00
-2.079471629267851895e+00 -8.930344857246488854e-04 0.000000000000000000e+00 -2.329616232514486809e-02 1.513445986852136382e+00 0.000000000000000000e+00
1.054136211063950945e+00 -4.646785629617016140e-05 0.000000000000000000e+00 1.076374389932115289e-01 9.416339051150440786e-02 0.000000000000000000e+00
-2.379314820090105087e+00 1.130121334110542608e-03 0.000000000000000000e+00 -7.831375411802125874e-02 1.871004371703836711e+00 0.000000000000000000e+00
-1.988253299722767764e+00 1.013049028954840503e-03 0.000000000000000000e+00 -2.431523677640648473e-01 1.380221710493900300e+00 0.000000000000000000e+00
-1.609184667827527004e+00 -8.082626520238000989e-05 0.000000000000000000e+00 3.187978218960645371e-01 8.577871727224098963e-01 0.000000000000000000e+00
-2.251296924251995346e+00 6.067418536077949162e-03 0.000000000000000000e+00 1.583643601512120802e-01 1.713692421973212365e+00 0.000000000000000000e+00
-2.417955624772445411e+00 2.316318227081309855e-03 0.000000000000000000e+00 5.528121450837086837e-04 1.918002071858450064e+00 0.000000000000000000e+00
-2.244944333720406693e+00 3.612696757956798330e-04 0.000000000000000000e+00 -1.559678095225643935e-01 1.706286303358801160e+00 0.000000000000000000e+00
-1.592145146397875077e+00 -1.691234505959886628e-03 0.000000000000000000e+00 -3.214315408015768760e-01 8.323875064715291483e-01 0.000000000000000000e+00
-1.994887193766293754e+00 4.702414440363612141e-03 0.000000000000000000e+00 2.451281031330632687e-01 1.388216554881662290e+00 0.000000000000000000e+00
-2.380608621867191133e+00 -2.274451116021258823e-03 0.000000000000000000e+00 7.566382737672919245e-02 1.872637671512260571e+00 0.000000000000000000e+00
1.041814880473353799e+00 -5.472149590333187652e-04 0.000000000000000000e+00 -5.965809289340086308e-02 1.255292285552478126e-01 0.000000000000000000e+00
-2.174525292759864392e+00 2.301175308589947788e-03 0.000000000000000000e+00 -6.287602062532010594e-03 1.628908297799334992e+00 0.000000000000000000e+00
-2.248176924860104897e+00 3.129037091438347656e-03 0.000000000000000000e+00 -5.547026269320388253e-02 1.716367106316153412e+00 0.000000000000000000e+00
-2.138817196407505783e+00 -7.053035960158121447e-03 0.000000000000000000e+00 -1.446964749080029700e-01 1.579182849153144774e+00 0.000000000000000000e+00
-1.920318508465633123e+00 6.053115451167073724e-03 0.000000000000000000e+00 -2.198601956138780400e-01 1.298417892413873176e+00 0.000000000000000000e+00
-1.552295168244911316e+00 2.233213848714192193e-03 0.000000000000000000e+00 -3.010185901349801130e-01 7.826388153041563545e-01 0.000000000000000000e+00
-1.535523390169111213e+00 2.696247512805460128e-03 0.000000000000000000e+00 3.052024250767705338e-01 7.564885717257513464e-01 0.000000000000000000e+00
-1.909892812465295631e+00 5.342525253976881938e-03 0.000000000000000000e+00 2.307083342187030706e-01 1.283256633570527550e+00 0.000000000000000000e+00
-2.135038712636552205e+00 -5.900958800128343340e-03 0.000000000000000000e+00 1.370408796408325025e-01 1.575267893622022575e+00 0.000000000000000000e+00
-2.246403615216219229e+00 2.391859066298490655e-03 0.000000000000000000e+00 6.223288975748486607e-02 1.714015578872098988e+00 0.000000000000000000e+00
-2.189089697677676583e+00 7.249957432458736806e-04 0.000000000000000000e+00 6.518837917976527674e-03 1.646441738429695878e+00 0.000000000000000000e+00
-2.369343736353374918e+00 2.822217207812609263e-03 0.000000000000000000e+00 -8.234251673371939528e-02 1.859087794506963931e+00 0.000000000000000000e+00
-1.970748324543702079e+00 6.402319318898907347e-03 0.000000000000000000e+00 -2.433169877493327471e-01 1.358161461155170890e+00 0.000000000000000000e+00
-1.624914723333970468e+00 -3.467507945163943520e-03 0.000000000000000000e+00 3.146116204319371334e-01 8.816475672068055935e-01 0.000000000000000000e+00
-2.250679051417966647e+00 -6.500129187657823632e-04 0.000000000000000000e+00 1.520281446223159805e-01 1.713516971740163264e+00 0.000000000000000000e+00
-2.414338034131858546e+00 4.604957772201156985e-03 0.000000000000000000e+00 3.184288500942697442e-03 1.913765368200695871e+00 0.000000000000000000e+00
-2.246800351789657757e+00 -7.207908999384044987e-03 0.000000000000000000e+00 -1.595865937051424988e-01 1.708192622505784852e+00 0.000000000000000000e+00
-1.614908482480898577e+00 -4.081401408861227986e-03 0.000000000000000000e+00 -3.198118035290362648e-01 8.655726905081844169e-01 0.000000000000000000e+00
-1.972915317381532141e+00 1.272775407593931124e-03 0.000000000000000000e+00 2.479467927280193107e-01 1.360046337516382486e+00 0.000000000000000000e+00
-2.369676038093653681e+00 3.463925503982993870e-03 0.000000000000000000e+00 8.673369670690581068e-02 1.859281157548343666e+00 0.000000000000000000e+00
-2.171670110805431708e+00 -3.503729009820821805e-03 0.000000000000000000e+00 -4.048361386163906728e-03 1.625476756977170867e+00 0.000000000000000000e+00
-2.324820489595096351e+00 -7.543082154742564681e-03 0.000000000000000000e+00 -7.916421422925259965e-02 1.806636148588352864e+00 0.000000000000000000e+00
-2.063306461743194653e+00 4.751948948322648469e-03 0.000000000000000000e+00 -2.008526500168854589e-01 1.480306858817097337e+00 0.000000000000000000e+00
-1.419389422428540382e+00 -1.212696163387617758e-03 0.000000000000000000e+00 -3.205740052193393752e-01 5.710250657763136228e-01 0.000000000000000000e+00
-1.922909914371782492e+00 5.420601578974715978e-03 0.000000000000000000e+00 2.502976686802191875e-01 1.296198541121519110e+00 0.000000000000000000e+00
-2.274127437599839485e+00 -4.729723762831455902e-04 0.000000000000000000e+00 1.112885113905004442e-01 1.744650844888142815e+00 0.000000000000000000e+00
-2.343113259085961353e+00 -6.032157362072243512e-04 0.000000000000000000e+00 -9.767290531433145406e-03 1.829952950194685624e+00 0.000000000000000000e+00
-2.235161004281316366e+00 1.448283523119257843e-03 0.000000000000000000e+00 -1.274203547383948587e-01 1.696932223893240277e+00 0.000000000000000000e+00
-1.866001292420443658e+00 -5.887437234110830253e-03 0.000000000000000000e+00 -2.628209162311293534e-01 1.220577533781501467e+00 0.000000000000000000e+00
-1.476270465000627752e+00 -1.864937158461421607e-03 0.000000000000000000e+00 3.180411617764570265e-01 6.618909777405135308e-01 0.000000000000000000e+00
-2.062530938001741809e+00 -3.869785533092452712e-03 0.000000000000000000e+00 1.985807388113952909e-01 1.479653769639482253e+00 0.000000000000000000e+00
-2.312798350739840636e+00 -4.288132357187793287e-03 0.000000000000000000e+00 7.184847640443330075e-02 1.792685934315334961e+00 0.000000000000000000e+00
-2.228897495158813413e+00 -6.644540639141702232e-03 0.000000000000000000e+00 -1.663364713816793683e-02 1.694146396579349734e+00 0.000000000000000000e+00
-2.222555957992300435e+00 -6.821029368222833456e-04 0.000000000000000000e+00 -7.595502663031933333e-02 1.684912729659155284e+00 0.000000000000000000e+00
-2.104100577482983070e+00 3.118444993649782844e-03 0.000000000000000000e+00 -1.490336290103512207e-01 1.536438270087686631e+00 0.000000000000000000e+00
-1.888542895398681143e+00 -4.287525503491533552e-03 0.000000000000000000e+00 -2.332216742489989503e-01 1.255515712947546270e+00 0.000000000000000000e+00
-1.547791978540529634e+00 2.610762396753008464e-03 0.000000000000000000e+00 -2.995068683031479884e-01 7.766763425992934122e-01 0.000000000000000000e+00
-1.491369735342523928e+00 8.507838036208095756e-04 0.000000000000000000e+00 3.061336290494754975e-01 6.903790016169114585e-01 0.000000000000000000e+00
-1.858236162983004647e+00 -5.531685780754996840e-03 0.000000000000000000e+00 2.354124636251714864e-01 1.216151248118303663e+00 0.000000000000000000e+00
-2.083439968366002759e+00 2.333587193166765383e-03 0.000000000000000000e+00 1.624262360087248835e-01 1.509760673591090896e+00 0.000000000000000000e+00
-2.213663801726458047e+00 -1.228700818575123588e-03 0.000000000000000000e+00 8.309928230908539271e-02 1.673906746832507952e+00 0.000000000000000000e+00
-2.238093731786128693e+00 -7.115135604696330197e-03 0.000000000000000000e+00 1.096219938617472994e-02 1.705194488764482319e+00 0.000000000000000000e+00
-2.345333442523645839e+00 5.636162213547665778e-03 0.000000000000000000e+00 -7.793026904463284943e-02 1.830951207211077403e+00 0.000000000000000000e+00
-2.003891567240645877e+00 -6.247744726990186320e-03 0.000000000000000000e+00 -2.360633449270505557e-01 1.401081809695452485e+00 0.000000000000000000e+00
-1.418495359830886038e+00 -6.574104934517575188e-04 0.000000000000000000e+00 3.232218177463216380e-01 5.680831118469726881e-01 0.000000000000000000e+00
-2.127897117516726944e+00 -4.014240223372267380e-03 0.000000000000000000e+00 1.885815213994460615e-01 1.561209160397699858e+00 0.000000000000000000e+00
-2.377601774324127781e+00 2.775593447753285647e-03 0.000000000000000000e+00 4.890116946107929408e-02 1.869992094740464683e+00 0.000000000000000000e+00
-2.375576989078555634e+00 8.616201820621421925e-03 0.000000000000000000e+00 -1.009897643028218883e-01 1.865533934538195382e+00 0.000000000000000000e+00
-1.803819531129466469e+00 -2.488323066366107672e-03 0.000000000000000000e+00 -2.960373978744367252e-01 1.131361283675840657e+00 0.000000000000000000e+00
-1.954485468867861009e+00 -5.213985142236435277e-03 0.000000000000000000e+00 2.575757420226424399e-01 1.334939323810942380e+00 0.000000000000000000e+00
-2.417103413357224895e+00 1.483705488371921122e-03 0.000000000000000000e+00 7.915113762580697210e-02 1.915370357308019189e+00 0.000000000000000000e+00
-2.557415022095770318e+00 -8.045900939129518870e-03 0.000000000000000000e+00 -1.498256652480614015e-01 2.074874490470553390e+00 0.000000000000000000e+00
-1.782405313561708837e+00 2.092132178043729085e-03 0.000000000000000000e+00 3.396978217191735094e-01 1.090295903450794857e+00 0.000000000000000000e+00
-2.717295053439768182e+00 -8.553057823928714512e-03 0.000000000000000000e+00 3.199353981367793892e-02 2.263591253660665714e+00 0.000000000000000000e+00
-2.248959424416377750e+00 2.994975789543760647e-03 0.000000000000000000e+00 -2.424659253913200030e-01 1.701004719645990537e+00 0.000000000000000000e+00
-2.302306601892244675e+00 3.721862013853434285e-03 0.000000000000000000e+00 2.331959466866269648e-01 1.766358428222591037e+00 0.000000000000000000e+00
-2.705697085922365019e+00 -5.874972655260029403e-03 0.000000000000000000e+00 -5.641155031551897681e-02 2.249868800922068424e+00 0.000000000000000000e+00
-1.689237482695236547e+00 -2.183652238240480631e-03 0.000000000000000000e+00 -3.506139198215150188e-01 9.589872321062840044e-01 0.000000000000000000e+00
-2.582609266306036488e+00 -3.432959393336487697e-03 0.000000000000000000e+00 1.285241093268059132e-01 2.105434614574701158e+00 0.000000000000000000e+00
-2.702088194277949107e+00 -2.296159092741167917e-04 0.000000000000000000e+00 -1.858103235864158043e-01 2.238750457255568094e+00 0.000000000000000000e+00
-2.584412508814462051e+00 4.643641365983136593e-03 0.000000000000000000e+00 2.232317377102478184e-01 2.099601375255236491e+00 0.000000000000000000e+00
-2.803953717320119221e+00 -8.679462994685555044e-03 0.000000000000000000e+00 -1.490665209119882983e-01 2.357619001200557562e+00 0.000000000000000000e+00
-2.336420054233832921e+00 -1.665345985991516231e-03 0.000000000000000000e+00 2.731172541220185379e-01 1.801487810778327869e+00 0.000000000000000000e+00
-2.911440828854761076e+00 -5.120131689412554810e-04 0.000000000000000000e+00 -9.179009598537282710e-02 2.481952868884183872e+00 0.000000000000000000e+00
-2.021296218440379988e+00 -2.274595296561585100e-03 0.000000000000000000e+00 3.340401063491158506e-01 1.403070429448033174e+00 0.000000000000000000e+00
-2.975961175284833615e+00 1.185316141901917100e-02 0.000000000000000000e+00 -3.381190583240116510e-02 2.555870077169116961e+00 0.000000000000000000e+00
-1.591790960907823571e+00 1.087448909148518161e-03 0.000000000000000000e+00 3.821327224628713881e-01 8.058043389283319202e-01 0.000000000000000000e+00
-2.996523509261192153e+00 -6.594307850795219639e-03 0.000000000000000000e+00 -5.567742911667169364e-03 2.579086631861295054e+00 0.000000000000000000e+00
-1.597147894176686345e+00 -2.291286236580584133e-03 0.000000000000000000e+00 -3.826405631961898868e-01 8.135133208130624904e-01 0.000000000000000000e+00
-2.975300685156281322e+00 5.108132327101833070e-04 0.000000000000000000e+00 4.519389005218316102e-02 2.554927941967902072e+00 0.000000000000000000e+00
-2.026113221460489555e+00 5.868285778869226921e-03 0.000000000000000000e+00 -3.307299373603903581e-01 1.409956617718849614e+00 0.000000000000000000e+00
-2.910011632944759619e+00 1.219959549510239716e-02 0.000000000000000000e+00 1.025529632041663197e-01 2.479951529562590906e+00 0.000000000000000000e+00
-2.340492897937773265e+00 8.243806040191009599e-03 0.000000000000000000e+00 -2.671420639300230437e-01 1.807265015186872992e+00 0.000000000000000000e+00
-2.803352773329072178e+00 -4.032240064766434706e-03 0.000000000000000000e+00 1.386383036436215355e-01 2.357561538335736895e+00 0.000000000000000000e+00
-2.587964420026961143e+00 4.692467927656249205e-03 0.000000000000000000e+00 -2.148894651863542671e-01 2.104588593628986981e+00 0.000000000000000000e+00
-2.702791249100327420e+00 -1.009197338116922527e-02 0.000000000000000000e+00 1.772745940861375491e-01 2.240269953198901653e+00 0.000000000000000000e+00
-2.583984100894969771e+00 2.160043331587910287e-04 0.000000000000000000e+00 -1.314794630623168092e-01 2.106838729753735429e+00 0.000000000000000000e+00
-1.698238595669993245e+00 -5.706306177963547943e-04 0.000000000000000000e+00 3.483835412308309842e-01 9.723324844351779461e-01 0.000000000000000000e+00
-2.709094696706467076e+00 1.112309721289991143e-02 0.000000000000000000e+00 5.941137131350114620e-02 2.253690471017277375e+00 0.000000000000000000e+00
-2.296207611607615995e+00 8.424896369369459792e-03 0.000000000000000000e+00 -2.260098321864389970e-01 1.760011134363552721e+00 0.000000000000000000e+00
-2.262304856228790406e+00 -2.704278058388957795e-03 0.000000000000000000e+00 2.395778820653242935e-01 1.717489622637654367e+00 0.000000000000000000e+00
-2.716439878117080653e+00 1.392666260618638518e-03 0.000000000000000000e+00 -4.130612399094583942e-02 2.262450972569698848e+00 0.000000000000000000e+00
-1.755078362021524896e+00 -1.789385991348639571e-03 0.000000000000000000e+00 -3.433063615804246016e-01 1.052182377339181407e+00 0.000000000000000000e+00
-2.569947411289212447e+00 -1.040710123648797697e-02 0.000000000000000000e+00 1.299907078079409195e-01 2.090728344758488788e+00 0.000000000000000000e+00
1.057288045866354942e+00 3.969999030641927461e-04 0.000000000000000000e+00 -9.424671498184081231e-02 1.102840244483127841e-01 0.000000000000000000e+00
-2.417046197105710448e+00 4.252702073020919737e-03 0.000000000000000000e+00 -7.984473434779662537e-02 1.915279720160411259e+00 0.000000000000000000e+00
-1.921632312011618104e+00 5.689049404147758504e-03 0.000000000000000000e+00 -2.666060350652881827e-01 1.291314062203229973e+00 0.000000000000000000e+00
-1.864207349670216729e+00 -4.856987532272372121e-04 0.000000000000000000e+00 2.830137981787553270e-01 1.213716021780303134e+00 0.000000000000000000e+00
-2.401048319094542638e+00 8.813121153263603347e-03 0.000000000000000000e+00 1.020866098644635234e-01 1.895452347357166945e+00 0.000000000000000000e+00
-2.230137308920001615e+00 -7.824693227738793722e-03 0.000000000000000000e+00 -2.504617344292996498e-02 1.695533911153761952e+00 0.000000000000000000e+00
-2.208697801224129620e+00 -1.300102674486571658e-03 0.000000000000000000e+00 -8.317189085950320304e-02 1.667941731821242168e+00 0.000000000000000000e+00
-2.090787929858651140e+00 2.211272831313518261e-03 0.000000000000000000e+00 -1.528232112607895987e-01 1.519773174472943911e+00 0.000000000000000000e+00
-1.886704471938168481e+00 8.063313575357028418e-04 0.000000000000000000e+00 -2.284362268889872372e-01 1.254039139969149508e+00 0.000000000000000000e+00
-1.569727267658446834e+00 -3.013079181722944089e-03 0.000000000000000000e+00 -2.986146951995295451e-01 8.087617806856775005e-01 0.000000000000000000e+00
-1.430151603741254940e+00 -2.179411541486195314e-03 0.000000000000000000e+00 3.060701760129246329e-01 5.960154611483186038e-01 0.000000000000000000e+00
-1.802976579304387039e+00 -1.448425479038548125e-03 0.000000000000000000e+00 2.510412762184887070e-01 1.141086296978443215e+00 0.000000000000000000e+00
-2.036421630412678319e+00 -2.076281210417953160e-03 0.000000000000000000e+00 1.762114491851095588e-01 1.450231872084685181e+00 0.000000000000000000e+00
-2.180441695404041536e+00 7.488998474517311044e-03 0.000000000000000000e+00 1.103367664763444805e-01 1.632341195017077196e+00 0.000000000000000000e+00
-2.237181400938727194e+00 -2.425169977512738745e-03 0.000000000000000000e+00 3.432913559256474401e-02 1.703783859407195234e+00 0.000000000000000000e+00
-1.775820306877512911e+00 -7.215575126271632153e-04 0.000000000000000000e+00 1.137718921332789013e-01 1.127801057734687973e+00 0.000000000000000000e+00
-1.388248819904880360e+00 -1.828433907292452074e-03 0.000000000000000000e+00 -2.465930883837223475e-01 5.587703624826325655e-01 0.000000000000000000e+00
-1.844444191234698938e+00 1.525555925261365409e-03 0.000000000000000000e+00 -4.492656993443991387e-02 1.220407429900500329e+00 0.000000000000000000e+00
-1.643865956655402805e+00 -3.321594162385031399e-04 0.000000000000000000e+00 1.743577411110830977e-01 9.453289143856247190e-01 0.000000000000000000e+00
-1.650002078307516662e+00 -1.685127000854699797e-03 0.000000000000000000e+00 -1.729042486383149391e-01 9.538555360762031032e-01 0.000000000000000000e+00
-1.845018319872824275e+00 5.324712143502843831e-03 0.000000000000000000e+00 5.189172393177066134e-02 1.220869719628666861e+00 0.000000000000000000e+00
-1.390903405398721926e+00 -9.577705748016127063e-04 0.000000000000000000e+00 2.456345139969483560e-01 5.633140140168977350e-01 0.000000000000000000e+00
-1.774830061823764016e+00 4.359318037091143572e-03 0.000000000000000000e+00 -1.135608758193740186e-01 1.126548445554058642e+00 0.000000000000000000e+00
-2.136267387779440696e+00 -3.214788967236007974e-04 0.000000000000000000e+00 -8.598388689149066150e-03 1.582677829218599896e+00 0.000000000000000000e+00
-2.373490693653946160e+00 4.831855612340604789e-03 0.000000000000000000e+00 -7.908049717945475621e-02 1.864123446268588058e+00 0.000000000000000000e+00
-1.973296637087176952e+00 -4.080924313530059216e-03 0.000000000000000000e+00 -2.503688066420107772e-01 1.360093585525659954e+00 0.000000000000000000e+00
-1.624278922827547600e+00 3.920637980715652171e-03 0.000000000000000000e+00 3.190108480048957085e-01 8.791746390023932323e-01 0.000000000000000000e+00
-2.254985968693262954e+00 1.766198253108208077e-04 0.000000000000000000e+00 1.516181905112246597e-01 1.718716765321416595e+00 0.000000000000000000e+00
-2.415995593027713717e+00 8.519049348433144209e-03 0.000000000000000000e+00 4.573741358908370996e-03 1.915721158752311304e+00 0.000000000000000000e+00
-2.242648347119907903e+00 1.987644702580100217e-03 0.000000000000000000e+00 -1.548847540648706500e-01 1.703637043862567424e+00 0.000000000000000000e+00
-1.596956870162569153e+00 1.100671412280068706e-03 0.000000000000000000e+00 -3.191881617975029783e-01 8.401679178932611736e-01 0.000000000000000000e+00
-1.989186273298666263e+00 -6.757792500504821061e-03 0.000000000000000000e+00 2.382222891499269357e-01 1.382274079612558104e+00 0.000000000000000000e+00
-2.375584010497353571e+00 1.359710507139219593e-03 0.000000000000000000e+00 8.109501034349585191e-02 1.866497724132126113e+00 0.000000000000000000e+00
-2.066217389638190571e+00 5.745541507684873150e-03 0.000000000000000000e+00 3.209704405621007645e-02 1.497097410358099623e+00 0.000000000000000000e+00
-2.006662459692842404e+00 -2.095641944839382598e-04 0.000000000000000000e+00 7.891440464719891301e-02 1.422055795127956657e+00 0.000000000000000000e+00
-1.918012626879413318e+00 -3.294219415023108902e-03 0.000000000000000000e+00 1.377735216369465054e-01 1.306768571864905137e+00 0.000000000000000000e+00
-1.778081460591487861e+00 1.225486734121497556e-03 0.000000000000000000e+00 2.029175082112452122e-01 1.118172372401117443e+00 0.000000000000000000e+00
-1.572577696693669980e+00 2.310962026197809285e-03 0.000000000000000000e+00 2.601858645248051882e-01 8.259654970016461206e-01 0.000000000000000000e+00
-1.219652760663869628e+00 9.226617155131330850e-04 0.000000000000000000e+00 2.577440439895297697e-01 2.570941165792710592e-01 0.000000000000000000e+00
-1.101494494825137060e+00 -1.491269562603622580e-04 0.000000000000000000e+00 -1.814345097788692407e-01 3.586218884589801453e-02 0.000000000000000000e+00
-1.539478156297323208e+00 -2.241435418611565505e-03 0.000000000000000000e+00 -2.661850653557905622e-01 7.767885697846442783e-01 0.000000000000000000e+00
-1.755758196961122453e+00 -2.043549524295626418e-03 0.000000000000000000e+00 -2.112384177971697863e-01 1.087327533562744364e+00 0.000000000000000000e+00
-1.903373637623482439e+00 5.172731150199472508e-03 0.000000000000000000e+00 -1.444067603472486971e-01 1.287581291166279840e+00 0.000000000000000000e+00
-1.997357731114925095e+00 -4.488458931512104289e-03 0.000000000000000000e+00 -9.012204725518632720e-02 1.409877172705449322e+00 0.000000000000000000e+00
-2.057960172583628289e+00 5.474428215812496279e-03 0.000000000000000000e+00 -2.853404077314949938e-02 1.487059134588837761e+00 0.000000000000000000e+00
-2.313687032191933390e+00 -4.642300218813219526e-03 0.000000000000000000e+00 -6.840960322091745038e-02 1.793878945357866517e+00 0.000000000000000000e+00
-2.099407806726520054e+00 -1.838404139285834682e-03 0.000000000000000000e+00 -1.864144371975363090e-01 1.526600653360549842e+00 0.000000000000000000e+00
-1.605051928996083177e+00 -2.771882561500724207e-03 0.000000000000000000e+00 -3.086140329346270805e-01 8.556468642757277809e-01 0.000000000000000000e+00
-1.749903863705932983e+00 1.882792949218684009e-03 0.000000000000000000e+00 2.843126406023064323e-01 1.062711471306861499e+00 0.000000000000000000e+00
-2.166122893280838291e+00 6.452322347463464169e-03 0.000000000000000000e+00 1.627161236591709859e-01 1.610606137063792076e+00 0.000000000000000000e+00
-2.330119963936388316e+00 6.249173078206576859e-03 0.000000000000000000e+00 4.465820825257194038e-02 1.814089096866382533e+00 0.000000000000000000e+00
-2.374592010660919961e+00 1.725805554083970073e-03 0.000000000000000000e+00 -9.730686467434504494e-02 1.864554745081231868e+00 0.000000000000000000e+00
-1.877081530494395523e+00 5.228091846442621538e-03 0.000000000000000000e+00 -2.727744743254625348e-01 1.232734623229560622e+00 0.000000000000000000e+00
-1.839231264345495553e+00 -1.457689948243905131e-03 0.000000000000000000e+00 2.835161281187137394e-01 1.181059982645094486e+00 0.000000000000000000e+00
-2.362598644351962207e+00 8.254571060528681503e-03 0.000000000000000000e+00 1.129552051649912320e-01 1.849539281773453059e+00 0.000000000000000000e+00
-2.370878723573976998e+00 6.102096632279646604e-03 0.000000000000000000e+00 -3.786605227549318109e-02 1.862345234310122999e+00 0.000000000000000000e+00
-2.142559655776911764e+00 -3.697941310393595971e-03 0.000000000000000000e+00 -1.858278934314955555e-01 1.579430314514405520e+00 0.000000000000000000e+00
-1.512767716640220250e+00 -1.205159073751370380e-03 0.000000000000000000e+00 -3.220755097950950274e-01 7.154961487047128976e-01 0.000000000000000000e+00
-1.936372219981548737e+00 -1.941324003420633049e-03 0.000000000000000000e+00 2.470019948598353443e-01 1.313958998636962416e+00 0.000000000000000000e+00
-2.309786526206006663e+00 -4.721030784701192237e-03 0.000000000000000000e+00 9.867873906142818341e-02 1.787840169897783493e+00 0.000000000000000000e+00
-2.344716713946109810e+00 -1.170631143830744292e-03 0.000000000000000000e+00 -2.536151665524413734e-02 1.831701721992858634e+00 0.000000000000000000e+00
-2.201704878832750456e+00 6.187251287176059357e-03 0.000000000000000000e+00 -1.411526144985644493e-01 1.655626044526415042e+00 0.000000000000000000e+00
-1.789626892484858400e+00 2.926930885042824948e-03 0.000000000000000000e+00 -2.750097590898396005e-01 1.117942726766560479e+00 0.000000000000000000e+00
-1.598696087153542278e+00 -2.459314205189850125e-03 0.000000000000000000e+00 3.081511447774247792e-01 8.467644901885506004e-01 0.000000000000000000e+00
-2.114431918796710441e+00 7.094673586017806455e-03 0.000000000000000000e+00 1.879867218957840813e-01 1.544831915350905582e+00 0.000000000000000000e+00
-2.329642244917248028e+00 -4.960505838083481556e-03 0.000000000000000000e+00 5.345055363099698864e-02 1.813283084313999982e+00 0.000000000000000000e+00
1.041898026625862395e+00 -5.877312710041136552e-04 0.000000000000000000e+00 3.734688973403503531e-02 1.339537851105255528e-01 0.000000000000000000e+00
-2.440759567104665351e+00 -3.121970356605024977e-04 0.000000000000000000e+00 -9.597895911019896364e-02 1.942320142758126700e+00 0.000000000000000000e+00
-1.794727499104090018e+00 5.362603117099969119e-03 0.000000000000000000e+00 -3.011235891038522849e-01 1.117977465218437993e+00 0.000000000000000000e+00
-2.093260403404965331e+00 -2.083333197323473246e-03 0.000000000000000000e+00 2.338963595985823485e-01 1.512474589957763405e+00 0.000000000000000000e+00
-2.500956886781724897e+00 1.001741209151779839e-02 0.000000000000000000e+00 4.283655937677183223e-02 2.014406612169235444e+00 0.000000000000000000e+00
-2.323493708672219604e+00 1.587084154399120983e-04 0.000000000000000000e+00 -1.611686309141349416e-01 1.799587731381463662e+00 0.000000000000000000e+00
-1.248937430013702610e+00 -3.891049083985368730e-04 0.000000000000000000e+00 3.018157499711320302e-01 2.743632368664850052e-01 0.000000000000000000e+00
-1.164233082171304279e+00 1.651106946166946716e-04 0.000000000000000000e+00 -2.537831536810665201e-01 1.186815610245164215e-01 0.000000000000000000e+00
-2.333693789960031850e+00 2.321679713453610530e-04 0.000000000000000000e+00 1.572303645270036743e-01 1.812046292336767284e+00 0.000000000000000000e+00
-2.497372501311136528e+00 3.124331684244724405e-03 0.000000000000000000e+00 -3.538887247409400194e-02 2.010364208880587533e+00 0.000000000000000000e+00
-2.080201011660322230e+00 1.413168174465309623e-03 0.000000000000000000e+00 -2.375704972536880066e-01 1.495774551333920455e+00 0.000000000000000000e+00
-1.805879507333662204e+00 -4.446562207230417979e-03 0.000000000000000000e+00 2.993097592481668290e-01 1.133238079791340613e+00 0.000000000000000000e+00
-2.440846618106021992e+00 9.430495229412194647e-05 0.000000000000000000e+00 9.441472377542736716e-02 1.942499074226947453e+00 0.000000000000000000e+00
1.041568883647319144e+00 9.671747789080485267e-05 0.000000000000000000e+00 -5.473254728775044098e-03 1.389595130381512389e-01 0.000000000000000000e+00
-2.425782237824234411e+00 5.085972008840006220e-03 0.000000000000000000e+00 -8.483246544062945926e-02 1.925310437459353707e+00 0.000000000000000000e+00
-1.869692410865189114e+00 -9.723467948023079704e-04 0.000000000000000000e+00 -2.859196405598942170e-01 1.220162974895107055e+00 0.000000000000000000e+00
-1.965704081097026101e+00 -6.275325515980326174e-03 0.000000000000000000e+00 2.589926736492174086e-01 1.348887357142463328e+00 0.000000000000000000e+00
-2.448887634610483310e+00 -3.693568887230564562e-03 0.000000000000000000e+00 6.665023624720135820e-02 1.953052990690750335e+00 0.000000000000000000e+00
-2.439473311888584739e+00 6.993894719022362982e-03 0.000000000000000000e+00 -1.211761414176834584e-01 1.939416962598389027e+00 0.000000000000000000e+00
-1.429643847456683936e+00 -1.644446953855655848e-03 0.000000000000000000e+00 -3.418350630627742248e-01 5.754255410763199352e-01 0.000000000000000000e+00
-2.365600059655869725e+00 -5.051636814204965575e-03 0.000000000000000000e+00 1.561655337367944540e-01 1.849932001983106034e+00 0.000000000000000000e+00
-2.527484122135940314e+00 9.271768914273503803e-04 0.000000000000000000e+00 -5.055488443563531387e-02 2.044998704000581924e+00 0.000000000000000000e+00
-1.980285484173687882e+00 1.516229423703163715e-03 0.000000000000000000e+00 -2.716475497119174021e-01 1.364842948942507128e+00 0.000000000000000000e+00
-2.046543458417745320e+00 -2.969448809953909030e-03 0.000000000000000000e+00 2.544247091099846036e-01 1.451197207076677209e+00 0.000000000000000000e+00
-2.536513370056872496e+00 9.728022941937142232e-03 0.000000000000000000e+00 4.573158490118223174e-02 2.055597226541846290e+00 0.000000000000000000e+00
-2.325185504384100987e+00 6.853757388956438490e-03 0.000000000000000000e+00 -1.682011523785460760e-01 1.800967475434051890e+00 0.000000000000000000e+00
-1.528036795948201299e+00 -1.740870939217832678e-03 0.000000000000000000e+00 3.406729630015536969e-01 7.299538167882602124e-01 0.000000000000000000e+00
-2.448406751633536604e+00 -8.188782516281412072e-03 0.000000000000000000e+00 1.120872744023026640e-01 1.950423270675589293e+00 0.000000000000000000e+00
-2.394609703483722818e+00 -7.550815942506491907e-03 0.000000000000000000e+00 -6.847118961974094087e-02 1.889399089515567898e+00 0.000000000000000000e+00
-2.056357066060016781e+00 4.339027186584548668e-03 0.000000000000000000e+00 -2.206459849096819859e-01 1.468887831968535895e+00 0.000000000000000000e+00
-1.464935867456604202e+00 2.262605629477014348e-03 0.000000000000000000e+00 3.285281419465204689e-01 6.391306604996466190e-01 0.000000000000000000e+00
-2.200651148704757976e+00 -2.076772354480324601e-03 0.000000000000000000e+00 1.725665856915964413e-01 1.651366857898390883e+00 0.000000000000000000e+00
-2.417725164667185567e+00 2.163907114657165343e-03 0.000000000000000000e+00 1.959285599306793968e-02 1.917639066778435319e+00 0.000000000000000000e+00
-2.291360318526311168e+00 -7.296493776766999062e-03 0.000000000000000000e+00 -1.442868162133541798e-01 1.762812098814653616e+00 0.000000000000000000e+00
-1.684843780972830496e+00 -1.987598875224684536e-03 0.000000000000000000e+00 -3.113088957173190119e-01 9.664137448071927761e-01 0.000000000000000000e+00
-1.960524697937553462e+00 3.409093104569244082e-03 0.000000000000000000e+00 2.555019554141447768e-01 1.342991000245755462e+00 0.000000000000000000e+00
-2.382084354945041227e+00 -2.782063004902371461e-03 0.000000000000000000e+00 8.136206237910083294e-02 1.874143763944704055e+00 0.000000000000000000e+00
-2.103962654153863632e+00 -5.136319598490827511e-03 0.000000000000000000e+00 1.296561869234521235e-02 1.543439602879783212e+00 0.000000000000000000e+00
-2.019086429700901686e+00 -3.983064822445980813e-03 0.000000000000000000e+00 5.624723517818740887e-02 1.438475975152632147e+00 0.000000000000000000e+00
-1.934896252400735150e+00 1.739056530863959671e-03 0.000000000000000000e+00 1.265296970373663565e-01 1.329124185858319152e+00 0.000000000000000000e+00
-1.793860557352417562e+00 -5.376543058041201306e-03 0.000000000000000000e+00 1.897407418182167349e-01 1.141044961334996888e+00 0.000000000000000000e+00
-1.571193645525850613e+00 3.040399494785444440e-03 0.000000000000000000e+00 2.587980982400962526e-01 8.244522335504533839e-01 0.000000000000000000e+00
-1.135573178514362347e+00 -4.836519157462625465e-04 0.000000000000000000e+00 2.129636770249830613e-01 1.029390050955665131e-01 0.000000000000000000e+00
-1.206739098143018829e+00 -1.504321183984371445e-04 0.000000000000000000e+00 -2.521552191542445476e-01 2.348924196230925410e-01 0.000000000000000000e+00
-1.592656231426329061e+00 -2.555206698609582480e-03 0.000000000000000000e+00 -2.541094405687286395e-01 8.560803626525501642e-01 0.000000000000000000e+00
-1.806365178908547531e+00 -1.658171491202162229e-03 0.000000000000000000e+00 -1.893352538255914097e-01 1.157331914880217472e+00 0.000000000000000000e+00
-1.943265376510016296e+00 -3.430669971820293415e-03 0.000000000000000000e+00 -1.224350119906347512e-01 1.340001426983239430e+00 0.000000000000000000e+00
-2.023457744934479940e+00 -6.973616557107195635e-03 0.000000000000000000e+00 -5.982230638353954605e-02 1.443731014560308168e+00 0.000000000000000000e+00
