-1.673919194598329607e+00 -7.384983288389393441e-04 0.000000000000000000e+00 1.334104960890312164e-01 9.920102028071371425e-01 0.000000000000000000e+00
-1.655999897785321640e+00 3.135658417746600701e-03 0.000000000000000000e+00 -1.421590889508980715e-01 9.669232794992035362e-01 0.000000000000000000e+00
1.016371204884593205e+00 1.161812576439593130e-04 0.000000000000000000e+00 -2.664746267786945177e-02 1.718807996264241356e-01 0.000000000000000000e+00
-1.420679127985112089e+00 -2.174536503985802227e-03 0.000000000000000000e+00 -1.182269611040585866e-01 6.459344402227671367e-01 0.000000000000000000e+00
-1.478035809130856304e+00 2.324852878279681269e-03 0.000000000000000000e+00 6.755954285851527297e-02 7.336684666081748629e-01 0.000000000000000000e+00
-1.108000008457930008e+00 -2.951497218928898422e-04 0.000000000000000000e+00 1.605197766324271136e-01 1.100777390628392971e-01 0.000000000000000000e+00
-1.138905850306794143e+00 1.128289133996368890e-04 0.000000000000000000e+00 -1.734792900395423221e-01 1.680430924893093203e-01 0.000000000000000000e+00
-1.481156756483997139e+00 1.356936722941637970e-03 0.000000000000000000e+00 -6.594872335791061857e-02 7.381504271393062311e-01 0.000000000000000000e+00
-1.434661262319525399e+00 -7.932316325307158834e-04 0.000000000000000000e+00 1.097014294894358422e-01 6.673634724860086909e-01 0.000000000000000000e+00
-1.563217004831428891e+00 -4.112411009500726439e-03 0.000000000000000000e+00 1.555155409460966531e-01 8.390302342043036710e-01 0.000000000000000000e+00
-1.713965823732323646e+00 1.804824545053089480e-03 0.000000000000000000e+00 -2.703374410563134239e-02 1.053047932992071223e+00 0.000000000000000000e+00
-1.417789524586098526e+00 2.716636204249847641e-03 0.000000000000000000e+00 -2.052025090256605622e-01 6.194910530269813753e-01 0.000000000000000000e+00
-1.696796100519030848e+00 2.041436856086084606e-03 0.000000000000000000e+00 1.120981789697739067e-01 1.024852084712240430e+00 0.000000000000000000e+00
-1.630895201372698278e+00 -3.365622146697493100e-04 0.000000000000000000e+00 -1.509574136691082258e-01 9.318962792290997887e-01 0.000000000000000000e+00
1.017261383103503558e+00 -6.378588774092840532e-04 0.000000000000000000e+00 -1.485500458149515216e-02 1.697764064931972239e-01 0.000000000000000000e+00
-1.175673981305826565e+00 -2.462136494091325982e-04 0.000000000000000000e+00 -1.932650306763252224e-01 2.261751000525475952e-01 0.000000000000000000e+00
1.028736337624860164e+00 -2.413734383085406883e-04 0.000000000000000000e+00 -1.339002158097303552e-01 5.661417544466353091e-02 0.000000000000000000e+00
7.925346580426184673e-01 -5.213541013109872918e-04 0.000000000000000000e+00 -1.001058830507713937e-01 3.839876821405100449e-01 0.000000000000000000e+00
8.412953805262286533e-01 -8.863471758477348139e-05 0.000000000000000000e+00 -6.353141524339389612e-02 2.959259566174152756e-01 0.000000000000000000e+00
8.381742730691672527e-01 9.731492521701436832e-05 0.000000000000000000e+00 5.328489929558466454e-02 3.038448980411943001e-01 0.000000000000000000e+00
-1.005641455739475498e+00 2.131395266535337108e-04 0.000000000000000000e+00 4.743472840570765433e-04 7.281612636625253709e-02 0.000000000000000000e+00
8.383741208293079561e-01 -9.677725035088702212e-04 0.000000000000000000e+00 -5.335274357602757395e-02 3.034529244258723502e-01 0.000000000000000000e+00
8.416039306281393184e-01 1.341215539694589134e-04 0.000000000000000000e+00 6.419737461731317429e-02 2.951957688475939090e-01 0.000000000000000000e+00
7.851577851698623434e-01 1.367799857481055183e-03 0.000000000000000000e+00 8.868280886585443168e-02 4.019748557940943101e-01 0.000000000000000000e+00
8.424618554408883631e-01 -7.083555129402327455e-04 0.000000000000000000e+00 -7.587509602199610237e-02 2.907671725769784832e-01 0.000000000000000000e+00
8.421814565166311217e-01 3.394250054047313198e-05 0.000000000000000000e+00 -3.549393865526839081e-03 3.010030011067046929e-01 0.000000000000000000e+00
8.729699720047161549e-01 -1.420693048804818476e-04 0.000000000000000000e+00 1.063026283877851752e-01 2.215296838755680120e-01 0.000000000000000000e+00
-1.425983420681118830e+00 -7.494108305539440296e-05 0.000000000000000000e+00 -2.437626389765391519e-02 6.636827100130786583e-01 0.000000000000000000e+00
-1.353434653961074430e+00 1.670436553848457517e-04 0.000000000000000000e+00 -1.413557763438914594e-01 5.428025291330792479e-01 0.000000000000000000e+00
-1.445027446215133793e+00 -1.691121431173789671e-03 0.000000000000000000e+00 7.988627220045971256e-02 6.862055365088584047e-01 0.000000000000000000e+00
-1.688786818494561803e+00 -1.295873401118965637e-03 0.000000000000000000e+00 1.264067882218379846e-01 1.012611132438820949e+00 0.000000000000000000e+00
-1.636210398477016437e+00 -1.834990458504867639e-04 0.000000000000000000e+00 -1.562889905117471889e-01 9.381756669897665102e-01 0.000000000000000000e+00
-1.932086509858541579e+00 3.693289777234149210e-03 0.000000000000000000e+00 5.372532001460939011e-02 1.330526257688984693e+00 0.000000000000000000e+00
-1.723145225572060069e+00 -6.512045159327139315e-04 0.000000000000000000e+00 1.860176880753734441e-01 1.048984536434071080e+00 0.000000000000000000e+00
-1.301074389503511064e+00 -1.707163200706831620e-03 0.000000000000000000e+00 -2.627068243010572957e-01 4.075393187697000097e-01 0.000000000000000000e+00
-1.792911266507938750e+00 -8.844045376567612193e-04 0.000000000000000000e+00 -1.560773085720726372e-01 1.144878114277243286e+00 0.000000000000000000e+00
-1.950354860227067721e+00 5.872426579867926280e-04 0.000000000000000000e+00 -2.178228772461666615e-02 1.354226902465212934e+00 0.000000000000000000e+00
-1.826033714633570781e+00 -8.933777817465848869e-05 0.000000000000000000e+00 1.218180133377617796e-01 1.191595256935538139e+00 0.000000000000000000e+00
-1.340909320691202833e+00 -9.858031309312384471e-04 0.000000000000000000e+00 2.593578898198595217e-01 4.768716117209397254e-01 0.000000000000000000e+00
-1.743725252232416700e+00 3.127682333302157260e-03 0.000000000000000000e+00 -1.645219687720338164e-01 1.079611442301944280e+00 0.000000000000000000e+00
-1.925939055129686661e+00 -2.865922653116345642e-03 0.000000000000000000e+00 -1.392296495247852609e-02 1.323849022901271155e+00 0.000000000000000000e+00
-1.774725285517915641e+00 5.096762559123804021e-03 0.000000000000000000e+00 1.502025860157361059e-01 1.122103975989710456e+00 0.000000000000000000e+00
-1.265343087510033993e+00 6.298360657029170029e-04 0.000000000000000000e+00 -2.529909461633256806e-01 3.504451275344680483e-01 0.000000000000000000e+00
-1.813407756849105823e+00 -1.400175733228019997e-03 0.000000000000000000e+00 -1.254225108206108996e-01 1.175025636421413111e+00 0.000000000000000000e+00
-1.942408664572697230e+00 -1.854696645727127446e-03 0.000000000000000000e+00 2.468480345989584879e-02 1.344269964499007708e+00 0.000000000000000000e+00
-1.769388635651629516e+00 2.403291619777021479e-04 0.000000000000000000e+00 1.644477194154503885e-01 1.113148447070348546e+00 0.000000000000000000e+00
-1.182377553461062103e+00 2.769322498538907482e-04 0.000000000000000000e+00 2.338172574440927631e-01 1.999930148903459881e-01 0.000000000000000000e+00
-1.149289098942137821e+00 5.825792579127375605e-04 0.000000000000000000e+00 -2.167116533233989228e-01 1.387844634182033854e-01 0.000000000000000000e+00
-1.763278285921937139e+00 -1.910211965591997185e-03 0.000000000000000000e+00 -1.683123609398179954e-01 1.104603095820663405e+00 0.000000000000000000e+00
-1.940894433299603206e+00 -5.261218712759197814e-03 0.000000000000000000e+00 -3.250360223276681226e-02 1.342221690085261931e+00 0.000000000000000000e+00
-1.810633591245226270e+00 -4.717725177945733539e-03 0.000000000000000000e+00 1.206034630069373059e-01 1.171974671542034718e+00 0.000000000000000000e+00
-1.235842824032436393e+00 -1.234222788130838033e-03 0.000000000000000000e+00 2.469582512016229303e-01 2.996327426174416053e-01 0.000000000000000000e+00
-1.786486282618055865e+00 4.875573045731464855e-03 0.000000000000000000e+00 -1.351459112728087830e-01 1.139244084180742966e+00 0.000000000000000000e+00
-1.926401745823606682e+00 1.786736995184418954e-03 0.000000000000000000e+00 2.200691917932369804e-02 1.324317085125392035e+00 0.000000000000000000e+00
-1.732914814648211621e+00 3.045340687769584886e-04 0.000000000000000000e+00 1.732485589817732985e-01 1.064038769027812359e+00 0.000000000000000000e+00
-1.355439740905670210e+00 1.432644019500306162e-03 0.000000000000000000e+00 -2.597475756673397473e-01 5.003939251984477199e-01 0.000000000000000000e+00
-1.827245728205145303e+00 -6.905103764120457122e-04 0.000000000000000000e+00 -1.241136462843201449e-01 1.192911666633880596e+00 0.000000000000000000e+00
-1.950896817139305073e+00 -5.001809214038117381e-03 0.000000000000000000e+00 1.513850897088716424e-02 1.355001371711068270e+00 0.000000000000000000e+00
-1.797723118381021834e+00 -3.282046343547644594e-03 0.000000000000000000e+00 1.504045626045240613e-01 1.151862308158019044e+00 0.000000000000000000e+00
-1.313518785918238674e+00 -1.910634601590271119e-03 0.000000000000000000e+00 2.622824731846200574e-01 4.292847457134962852e-01 0.000000000000000000e+00
-1.720455142762230105e+00 -2.515757211033944202e-03 0.000000000000000000e+00 -1.885415888206064261e-01 1.044979468284238600e+00 0.000000000000000000e+00
-1.931397621140912513e+00 -7.535454407841812863e-04 0.000000000000000000e+00 -5.096268126056777148e-02 1.329770205548133966e+00 0.000000000000000000e+00
-1.659043267082472628e+00 -4.361444493759790778e-03 0.000000000000000000e+00 1.482657528356260968e-01 9.700779240943995241e-01 0.000000000000000000e+00
-1.664061477479731099e+00 3.766844417770094655e-03 0.000000000000000000e+00 -1.460070972910745002e-01 9.771143883491850701e-01 0.000000000000000000e+00
-1.977045102751470385e+00 -1.253920598233683459e-03 0.000000000000000000e+00 3.733466585531997756e-02 1.387081043175075967e+00 0.000000000000000000e+00
-1.845847959079370160e+00 -2.441196113747795549e-03 0.000000000000000000e+00 1.436567468554000304e-01 1.214539746767769213e+00 0.000000000000000000e+00
-1.532323376861378428e+00 7.898516033179800444e-04 0.000000000000000000e+00 2.519651340973818598e-01 7.712490893192066599e-01 0.000000000000000000e+00
-1.504537840145678818e+00 2.718837341430083848e-03 0.000000000000000000e+00 -2.552578356883339894e-01 7.299903976579751319e-01 0.000000000000000000e+00
-1.832354290165778110e+00 -1.125885066727588812e-03 0.000000000000000000e+00 -1.530503400331223451e-01 1.196103299558481492e+00 0.000000000000000000e+00
-1.972472252826529715e+00 1.370682614302564349e-03 0.000000000000000000e+00 -4.347003744533220471e-02 1.381225425951993824e+00 0.000000000000000000e+00
-1.241741800538711971e+00 -7.261876042801351447e-04 0.000000000000000000e+00 2.068511086993010117e-01 3.389826593312748604e-01 0.000000000000000000e+00
-1.540623617330794781e+00 1.355385829974319056e-03 0.000000000000000000e+00 1.507966200070091078e-01 8.087329076065459255e-01 0.000000000000000000e+00
-1.680020877736026375e+00 2.328871198048240720e-03 0.000000000000000000e+00 2.149546855217891739e-02 1.008739305963818556e+00 0.000000000000000000e+00
-1.605402346345599529e+00 -3.841260483381583879e-03 0.000000000000000000e+00 -1.148971987814886436e-01 9.027767548073728499e-01 0.000000000000000000e+00
-1.305596629641330164e+00 -3.775235790973144236e-04 0.000000000000000000e+00 -2.117866865503525431e-01 4.435268140684786031e-01 0.000000000000000000e+00
-1.697031575194596575e+00 -2.599932573827876819e-03 0.000000000000000000e+00 1.169910160261180276e-01 1.024618405140398814e+00 0.000000000000000000e+00
-1.627963811432264984e+00 1.978353904645286168e-03 0.000000000000000000e+00 -1.566342039568077715e-01 9.270097929597644892e-01 0.000000000000000000e+00
-1.939075110183424933e+00 5.454839880215181513e-03 0.000000000000000000e+00 5.345890288948224045e-02 1.339279712629147134e+00 0.000000000000000000e+00
-1.744098032466388171e+00 1.587122568504940878e-04 0.000000000000000000e+00 1.802914410882155427e-01 1.077577882380783336e+00 0.000000000000000000e+00
-1.104786081055486591e+00 -1.791166468162266618e-04 0.000000000000000000e+00 1.824678718044682735e-01 5.228562793790023089e-02 0.000000000000000000e+00
-1.207137381832452894e+00 -6.502392301438002231e-04 0.000000000000000000e+00 -2.443993931700634004e-01 2.437267469971362566e-01 0.000000000000000000e+00
-1.760256807589397177e+00 -5.409280255563989059e-03 0.000000000000000000e+00 -1.766898767993033970e-01 1.099355531248367157e+00 0.000000000000000000e+00
-1.944180297895063525e+00 2.297397157814394866e-03 0.000000000000000000e+00 -4.081926751863990815e-02 1.346089654314018613e+00 0.000000000000000000e+00
-1.747358917087328045e+00 -2.833507782892270843e-03 0.000000000000000000e+00 1.286365170207290909e-01 1.089212806154224555e+00 0.000000000000000000e+00
-1.473777653896798157e+00 -1.527487144014245957e-03 0.000000000000000000e+00 -2.326849467315245945e-01 6.928444497409150804e-01 0.000000000000000000e+00
-1.852058220225830443e+00 1.842953113837601277e-03 0.000000000000000000e+00 -2.118631012673430000e-02 1.230702015118566139e+00 0.000000000000000000e+00
-1.600792108911147871e+00 1.816541645385116518e-03 0.000000000000000000e+00 1.955264617249439230e-01 8.824821490381054012e-01 0.000000000000000000e+00
-1.679075551081224305e+00 -8.716455963059129529e-04 0.000000000000000000e+00 -1.632452333399052047e-01 9.944140116115431915e-01 0.000000000000000000e+00
-1.858028997588915043e+00 4.565705367168472473e-03 0.000000000000000000e+00 5.097218476293631506e-02 1.237406464891396052e+00 0.000000000000000000e+00
-1.456664902556426444e+00 -3.157779109906326542e-03 0.000000000000000000e+00 2.383001882443445685e-01 6.657257292393247150e-01 0.000000000000000000e+00
-1.742467433409260247e+00 1.515385200777277785e-03 0.000000000000000000e+00 -1.427264969458125199e-01 1.081064175201185140e+00 0.000000000000000000e+00
-1.895368716772577233e+00 -4.663733454953203350e-03 0.000000000000000000e+00 3.716609706161871918e-02 1.285043430147462917e+00 0.000000000000000000e+00
-1.611884569575781745e+00 1.801347719327997792e-03 0.000000000000000000e+00 2.116234526928875703e-01 8.940128050709841290e-01 0.000000000000000000e+00
-1.591381084776717358e+00 -4.296832775396719484e-03 0.000000000000000000e+00 -2.191556418506353521e-01 8.639070334640213122e-01 0.000000000000000000e+00
-1.891529799733342898e+00 3.390488628725853160e-03 0.000000000000000000e+00 -4.421676433665296113e-02 1.279983761313227664e+00 0.000000000000000000e+00
-1.734314740543026812e+00 2.144289917320123251e-03 0.000000000000000000e+00 1.440233057554125007e-01 1.070224808995754007e+00 0.000000000000000000e+00
-1.489263731196642127e+00 7.766305327470048731e-04 0.000000000000000000e+00 -2.305100677470197090e-01 7.161101275593517723e-01 0.000000000000000000e+00
-1.858361095743598312e+00 1.941591056989447339e-03 0.000000000000000000e+00 -2.676931390269111921e-02 1.238581734713304794e+00 0.000000000000000000e+00
-1.635646791693604163e+00 3.329822537694659274e-03 0.000000000000000000e+00 1.853840467777022050e-01 9.321075352326282371e-01 0.000000000000000000e+00
-1.643815604813581022e+00 2.610276228204470861e-03 0.000000000000000000e+00 -1.787405004727401492e-01 9.444325022451227625e-01 0.000000000000000000e+00
-1.858546873003125821e+00 2.165104518183941229e-03 0.000000000000000000e+00 3.214078295193711909e-02 1.238689735430170913e+00 0.000000000000000000e+00
-1.484948325200004637e+00 1.567854032737289911e-03 0.000000000000000000e+00 2.328871110029833158e-01 7.090713626641965694e-01 0.000000000000000000e+00
-1.735539951744583753e+00 1.634864163776950097e-03 0.000000000000000000e+00 -1.417196590548657764e-01 1.072136008562591503e+00 0.000000000000000000e+00
-1.891275948472010748e+00 4.349024401789781946e-03 0.000000000000000000e+00 4.920306665222984321e-02 1.279484837855666912e+00 0.000000000000000000e+00
-1.593185987936394543e+00 3.189233656490063351e-04 0.000000000000000000e+00 2.163333350829826918e-01 8.671076313473995434e-01 0.000000000000000000e+00
-1.612427752504453693e+00 5.516429419723392971e-04 0.000000000000000000e+00 -2.100054884483873452e-01 8.951387890202361364e-01 0.000000000000000000e+00
-1.895250344094213668e+00 6.254694026930011919e-03 0.000000000000000000e+00 -3.548291134588356377e-02 1.284948394326887566e+00 0.000000000000000000e+00
-1.741897262872340146e+00 3.399691764742387295e-05 0.000000000000000000e+00 1.442554769924559999e-01 1.080115648297705011e+00 0.000000000000000000e+00
-1.455186530157301483e+00 -8.947562370278105970e-04 0.000000000000000000e+00 -2.405193302283961110e-01 6.627322558919583884e-01 0.000000000000000000e+00
-1.858440270594040378e+00 2.210886023216285245e-03 0.000000000000000000e+00 -4.653720857912396758e-02 1.238097751610610864e+00 0.000000000000000000e+00
-1.680722362056427777e+00 -2.800370657254195456e-03 0.000000000000000000e+00 1.601869290093156650e-01 9.971068056366099164e-01 0.000000000000000000e+00
-1.600769276634337324e+00 2.874580952005562767e-03 0.000000000000000000e+00 -1.928645185446862809e-01 8.830399152545946873e-01 0.000000000000000000e+00
-1.851709452162057845e+00 2.409266304656279556e-03 0.000000000000000000e+00 2.423892210117300355e-02 1.230205293186902527e+00 0.000000000000000000e+00
-1.472456778606384464e+00 2.288054005665098468e-03 0.000000000000000000e+00 2.332367556232299299e-01 6.907293289182109275e-01 0.000000000000000000e+00
-1.748086731139500305e+00 3.605186791638681498e-03 0.000000000000000000e+00 -1.275380160747642821e-01 1.090293723382159019e+00 0.000000000000000000e+00
-1.949304944446289101e+00 6.217399462073527200e-03 0.000000000000000000e+00 4.608881659755345583e-02 1.352323780217316695e+00 0.000000000000000000e+00
-1.775831303301653508e+00 2.660104399428077360e-03 0.000000000000000000e+00 1.699839153815101978e-01 1.120714098335426234e+00 0.000000000000000000e+00
-1.284954593161604652e+00 -6.483891638725466922e-04 0.000000000000000000e+00 2.617269965476494709e-01 3.797496693846251770e-01 0.000000000000000000e+00
-1.714458057486294429e+00 -4.991260030405286763e-04 0.000000000000000000e+00 -1.938887741876274551e-01 1.036052552124189230e+00 0.000000000000000000e+00
-1.930523878442840457e+00 -1.102553400179132059e-03 0.000000000000000000e+00 -6.639974059780909266e-02 1.327997545650429601e+00 0.000000000000000000e+00
1.023124693350920378e+00 6.143896458150673468e-04 0.000000000000000000e+00 -1.573544072841668792e-02 1.533054260949829606e-01 0.000000000000000000e+00
-1.722984529236054607e+00 -4.457993412590286093e-03 0.000000000000000000e+00 1.238753215342655450e-01 1.057925184520436268e+00 0.000000000000000000e+00
-1.561942291146622974e+00 4.078679047724215190e-03 0.000000000000000000e+00 -1.973779945866237506e-01 8.284125914799329582e-01 0.000000000000000000e+00
-1.825333109808340293e+00 4.970330260178835308e-03 0.000000000000000000e+00 4.056335087480475443e-02 1.196238011040205995e+00 0.000000000000000000e+00
-1.295907189082337485e+00 1.991526896513030886e-03 0.000000000000000000e+00 2.450942878201836650e-01 4.095764081792978017e-01 0.000000000000000000e+00
-1.800217937983031646e+00 -3.088988661745041553e-03 0.000000000000000000e+00 -7.497468973193945063e-02 1.162423196003723458e+00 0.000000000000000000e+00
-1.593273885331988993e+00 -3.862958921218087593e-04 0.000000000000000000e+00 1.782423709686132285e-01 8.758533424859465955e-01 0.000000000000000000e+00
-1.715292957091610671e+00 2.491825037217190730e-03 0.000000000000000000e+00 -1.129734944570835176e-01 1.049064893028263779e+00 0.000000000000000000e+00
-1.298080863798191320e+00 -4.116375185989843560e-04 0.000000000000000000e+00 2.111285670580119178e-01 4.316266308218470460e-01 0.000000000000000000e+00
-1.594974389362164846e+00 -3.764598142258816782e-03 0.000000000000000000e+00 1.163018331796804861e-01 8.885145731775059286e-01 0.000000000000000000e+00
-1.679762053082257234e+00 -4.113849313086906379e-07 0.000000000000000000e+00 -1.007283530120554882e-02 1.008578451758090688e+00 0.000000000000000000e+00
-1.562749938482443923e+00 1.476737082852464140e-03 0.000000000000000000e+00 -1.368874453359357479e-01 8.416295174534114132e-01 0.000000000000000000e+00
-1.252889772762024956e+00 -7.861453958657727004e-04 0.000000000000000000e+00 -2.102542960457927657e-01 3.563310947936728645e-01 0.000000000000000000e+00
-1.704471022078885678e+00 1.405447367389244667e-04 0.000000000000000000e+00 1.181253141084204206e-01 1.034280973435185436e+00 0.000000000000000000e+00
-1.613208634525715723e+00 -3.604318762618079382e-04 0.000000000000000000e+00 -1.678481936006646635e-01 9.050548951946377763e-01 0.000000000000000000e+00
-1.824650605529996472e+00 -1.249729176124411700e-03 0.000000000000000000e+00 7.429002669924106295e-02 1.193738627175784384e+00 0.000000000000000000e+00
-1.231315647126495882e+00 8.055150183773080591e-04 0.000000000000000000e+00 2.407327813312502007e-01 2.959823104735467281e-01 0.000000000000000000e+00
-1.808178829689514711e+00 -4.521261511673646538e-03 0.000000000000000000e+00 -9.394200704402576318e-02 1.171267740344577257e+00 0.000000000000000000e+00
-1.284034668764745479e+00 -1.962147202730777501e-03 0.000000000000000000e+00 2.092948112093418467e-01 4.094671463473091300e-01 0.000000000000000000e+00
-1.569373585602698462e+00 -1.262601402485283297e-03 0.000000000000000000e+00 1.311473817043275758e-01 8.516003730910441938e-01 0.000000000000000000e+00
-1.676205698898941332e+00 -1.953055635535438928e-04 0.000000000000000000e+00 9.531653682011257539e-03 1.003909024148314622e+00 0.000000000000000000e+00
-1.597897153850752705e+00 -3.394755926253954781e-03 0.000000000000000000e+00 -1.157926466492527062e-01 8.925320908596754421e-01 0.000000000000000000e+00
-1.329630159395337241e+00 -5.623997535196337272e-04 0.000000000000000000e+00 -2.079492923970799600e-01 4.837082110447922245e-01 0.000000000000000000e+00
-1.945808815781931322e+00 6.364379036712941584e-04 0.000000000000000000e+00 5.219089364392172359e-02 1.347729529769466694e+00 0.000000000000000000e+00
-1.761614265445492267e+00 -7.389646227970864123e-04 0.000000000000000000e+00 1.756695680816089400e-01 1.101285423150819343e+00 0.000000000000000000e+00
-1.251486145550499751e+00 -1.553774657684759905e-03 0.000000000000000000e+00 2.565764067933498094e-01 3.219062328756986391e-01 0.000000000000000000e+00
-1.720009817193933532e+00 -3.487242555527375609e-03 0.000000000000000000e+00 -1.949596483253956958e-01 1.043217210511500959e+00 0.000000000000000000e+00
-1.932602517645819251e+00 6.684852763740173343e-04 0.000000000000000000e+00 -6.694239095170681497e-02 1.330572257427076188e+00 0.000000000000000000e+00
1.049201022033166897e+00 -1.712248779693338304e-04 0.000000000000000000e+00 1.013259830003149647e-01 9.743540474503133153e-02 0.000000000000000000e+00
-2.310350923384013822e+00 -3.436419809214671418e-03 0.000000000000000000e+00 -6.002088460466854097e-02 1.790215022745624163e+00 0.000000000000000000e+00
-2.123519628186195884e+00 -7.069587563249921103e-03 0.000000000000000000e+00 -1.774620250769666785e-01 1.557174344986416381e+00 0.000000000000000000e+00
-1.697376376449904800e+00 2.972792172287252316e-03 0.000000000000000000e+00 -2.896459176623472631e-01 9.902378730666070439e-01 0.000000000000000000e+00
-1.631304769429446022e+00 4.093049275542166854e-04 0.000000000000000000e+00 3.022879150002437121e-01 8.949173834682926376e-01 0.000000000000000000e+00
-2.093800709747531741e+00 -6.037048528281137305e-03 0.000000000000000000e+00 1.795562228426814122e-01 1.520548168201429684e+00 0.000000000000000000e+00
-2.300783873897794152e+00 6.409514158924618094e-03 0.000000000000000000e+00 7.375425955415379486e-02 1.778354562594387289e+00 0.000000000000000000e+00
-2.184336507117760284e+00 -5.095694548292797887e-03 0.000000000000000000e+00 -4.140317711750010621e-03 1.640736210065072420e+00 0.000000000000000000e+00
-2.299134948253410471e+00 -1.419490459229282020e-03 0.000000000000000000e+00 -6.931152435318294058e-02 1.776565083516998378e+00 0.000000000000000000e+00
-2.095685411761219363e+00 3.329293103982611246e-03 0.000000000000000000e+00 -1.800257818943956090e-01 1.522797669915441521e+00 0.000000000000000000e+00
-1.645731482707556204e+00 1.756229997973739881e-03 0.000000000000000000e+00 -2.985745081936838075e-01 9.163187557127182581e-01 0.000000000000000000e+00
-1.675048657726461165e+00 2.109676043311331517e-03 0.000000000000000000e+00 2.960585117256966381e-01 9.577169143794159734e-01 0.000000000000000000e+00
-2.110175357375951410e+00 -1.023844683007719275e-03 0.000000000000000000e+00 1.760556771617919347e-01 1.541008554481290593e+00 0.000000000000000000e+00
-2.303988410339928627e+00 -4.463770237059308532e-03 0.000000000000000000e+00 5.921349191608939189e-02 1.782696608125618809e+00 0.000000000000000000e+00
-2.078099330262229039e+00 -9.682528370433124421e-04 0.000000000000000000e+00 2.676439770217552139e-02 1.511712640077004011e+00 0.000000000000000000e+00
-2.021048223410243594e+00 1.589638099962053380e-04 0.000000000000000000e+00 7.237486574924753557e-02 1.440159803865618926e+00 0.000000000000000000e+00
-1.944461425740913629e+00 2.983527651263943523e-03 0.000000000000000000e+00 1.304237948688528603e-01 1.340734290563940334e+00 0.000000000000000000e+00
-1.827700223605789986e+00 9.602696779001385075e-05 0.000000000000000000e+00 1.856493783201556558e-01 1.185485279395740887e+00 0.000000000000000000e+00
-1.661083865833295370e+00 5.426440549586740089e-04 0.000000000000000000e+00 2.406644351262205439e-01 9.541501935403478019e-01 0.000000000000000000e+00
-1.417147819220444971e+00 2.640605993081298480e-03 0.000000000000000000e+00 2.812612222429083930e-01 5.878782511374558428e-01 0.000000000000000000e+00
-1.370848601862812544e+00 -1.051199671071379946e-03 0.000000000000000000e+00 -2.814807826154089865e-01 5.138704754400321706e-01 0.000000000000000000e+00
-1.632713626268004647e+00 2.552983898184008060e-03 0.000000000000000000e+00 -2.460354748488156607e-01 9.139316090611753207e-01 0.000000000000000000e+00
-1.807022362314713915e+00 3.293585237747267969e-04 0.000000000000000000e+00 -1.935409849395853255e-01 1.157474759206310155e+00 0.000000000000000000e+00
-1.930805074581471992e+00 2.781592270311016024e-03 0.000000000000000000e+00 -1.344432331411486992e-01 1.323199469216091551e+00 0.000000000000000000e+00
-2.012101186927772734e+00 -7.529016816550642560e-04 0.000000000000000000e+00 -8.061746339266806505e-02 1.428676490858407089e+00 0.000000000000000000e+00
-2.068226692160215485e+00 -7.822988411437109546e-04 0.000000000000000000e+00 -3.282794164892993694e-02 1.499524569173008359e+00 0.000000000000000000e+00
-2.259755927338644721e+00 -5.934580339071210409e-03 0.000000000000000000e+00 -5.598645677982509727e-02 1.730179362204011806e+00 0.000000000000000000e+00
-2.152683846516861621e+00 5.960444293628512635e-04 0.000000000000000000e+00 -1.355838797672002383e-01 1.596813472325716354e+00 0.000000000000000000e+00
-1.923259525579538609e+00 6.180518918009735366e-03 0.000000000000000000e+00 -2.210004018945622151e-01 1.301959658458917257e+00 0.000000000000000000e+00
-1.524036167227517780e+00 -4.165206236861028477e-04 0.000000000000000000e+00 -3.062988387835039461e-01 7.391019122329959279e-01 0.000000000000000000e+00
-1.593863565178004649e+00 -2.615994017927669724e-04 0.000000000000000000e+00 2.981738423076795708e-01 8.434452170028496898e-01 0.000000000000000000e+00
-1.961639807309766503e+00 -4.183466113912112649e-03 0.000000000000000000e+00 2.102405232008007774e-01 1.352212450900583285e+00 0.000000000000000000e+00
-2.174458190964434046e+00 -3.556185932639191472e-03 0.000000000000000000e+00 1.214511877900313203e-01 1.624307494796805695e+00 0.000000000000000000e+00
-2.264305449958810890e+00 8.040849106018313139e-03 0.000000000000000000e+00 4.698747295643594668e-02 1.735879983173084451e+00 0.000000000000000000e+00
1.035813621976477972e+00 -6.069550228318252487e-04 0.000000000000000000e+00 -5.468510901353324655e-02 1.289867101054226195e-01 0.000000000000000000e+00
-1.967905840570602916e+00 -2.004481009313885398e-03 0.000000000000000000e+00 5.433623731395319234e-02 1.375170606334304324e+00 0.000000000000000000e+00
-1.817961381725833103e+00 4.944080981627708808e-03 0.000000000000000000e+00 1.646380292397670586e-01 1.176059740108606588e+00 0.000000000000000000e+00
-1.482422540565179858e+00 2.401944252038234508e-03 0.000000000000000000e+00 2.620830380552579553e-01 6.950841967535896782e-01 0.000000000000000000e+00
-1.539911492416919270e+00 -2.231198052811407366e-04 0.000000000000000000e+00 -2.512140126988796629e-01 7.823653316892529297e-01 0.000000000000000000e+00
-1.845307400086859673e+00 4.161120935472689686e-03 0.000000000000000000e+00 -1.450134776373753764e-01 1.213696681137852451e+00 0.000000000000000000e+00
-1.977642379381111759e+00 3.451796260812453263e-03 0.000000000000000000e+00 -4.109559212849623472e-02 1.387723828581794550e+00 0.000000000000000000e+00
-1.230032731956437253e+00 1.616722140653052697e-03 0.000000000000000000e+00 -1.986888874109243586e-01 3.234588169392552670e-01 0.000000000000000000e+00
-1.406875789356432982e+00 2.443986696433270850e-03 0.000000000000000000e+00 3.101331132757249517e-02 6.364352244216177068e-01 0.000000000000000000e+00
-1.219796016253750892e+00 -7.434702570278482053e-04 0.000000000000000000e+00 -1.152163510018988368e-01 3.455400374239445682e-01 0.000000000000000000e+00
-1.125225778023887457e+00 9.639732447559242086e-04 0.000000000000000000e+00 -1.058513481898640113e-01 1.937204994161213223e-01 0.000000000000000000e+00
-1.358344737364470145e+00 -6.474522233395937475e-04 0.000000000000000000e+00 -1.542207171579642044e-01 5.466458769808701934e-01 0.000000000000000000e+00
-1.511399851754555934e+00 -1.470131413290875870e-03 0.000000000000000000e+00 5.983817959102448285e-03 7.827379647012117081e-01 0.000000000000000000e+00
-1.329794930883360093e+00 -5.196390232002877363e-04 0.000000000000000000e+00 1.639940498115297629e-01 5.005809884836223134e-01 0.000000000000000000e+00
-1.369690358834661836e+00 -1.169513013193616835e-03 0.000000000000000000e+00 6.302663873788229287e-02 5.808513305542063465e-01 0.000000000000000000e+00
-1.202681854608121714e+00 -2.645911139482395175e-04 0.000000000000000000e+00 1.433911799868600734e-01 3.065757351537581332e-01 0.000000000000000000e+00
-1.326592538346883732e+00 -2.556919055708303801e-03 0.000000000000000000e+00 -9.527742751057588499e-02 5.133482568053916451e-01 0.000000000000000000e+00
-1.399435852863917695e+00 4.630298513421879369e-04 0.000000000000000000e+00 -8.834464041854379890e-02 6.203895321396406537e-01 0.000000000000000000e+00
-1.173061337574451191e+00 5.600142901188256191e-04 0.000000000000000000e+00 -1.653151217129003037e-01 2.425861098346834832e-01 0.000000000000000000e+00
-1.380630093181265394e+00 -2.424087485851601255e-03 0.000000000000000000e+00 1.041388568001196530e-01 5.907914286025733874e-01 0.000000000000000000e+00
-1.384990806185486312e+00 9.677817471324071802e-04 0.000000000000000000e+00 6.541561800989426079e-02 6.025744024118536712e-01 0.000000000000000000e+00
-1.285151420151386947e+00 -1.471743346705819619e-03 0.000000000000000000e+00 1.190669691365729699e-01 4.458850940401615226e-01 0.000000000000000000e+00
-1.252585404000883695e+00 -1.000818409136058906e-03 0.000000000000000000e+00 -1.327249128225712616e-01 3.914039934195445714e-01 0.000000000000000000e+00
-1.376280300136730972e+00 2.685060529707052057e-03 0.000000000000000000e+00 -6.447108714912769267e-02 5.901789446370662162e-01 0.000000000000000000e+00
-1.386770743937810302e+00 1.054534598090406394e-03 0.000000000000000000e+00 -1.086994100115253881e-01 5.988650401336512719e-01 0.000000000000000000e+00
-1.280774233120633099e+00 -3.057795754706667257e-04 0.000000000000000000e+00 1.567055350863668095e-01 4.272240635180394319e-01 0.000000000000000000e+00
-1.436423502558749732e+00 -2.665679726646911704e-03 0.000000000000000000e+00 4.421792048211736770e-02 6.773659617603395855e-01 0.000000000000000000e+00
9.992934657051411040e-01 -2.199202230825312784e-03 0.000000000000000000e+00 4.190623638215846269e-01 6.370883119668582228e-01 0.000000000000000000e+00
8.646376900058996284e-01 4.244380914121448529e-04 0.000000000000000000e+00 -1.493962137473442975e-01 2.131977495635187791e-01 0.000000000000000000e+00
-9.940475125339949258e-01 2.057064200913317825e-04 0.000000000000000000e+00 4.600654019939226513e-02 5.674359777453432535e-02 0.000000000000000000e+00
8.412951788928387797e-01 5.398981629793674422e-05 0.000000000000000000e+00 1.439958446995948382e-01 2.662541622485736781e-01 0.000000000000000000e+00
8.977224119788034251e-01 -1.057701239538332396e-04 0.000000000000000000e+00 -1.993797759636966593e-01 4.633923952763300408e-02 0.000000000000000000e+00
7.624788293015805074e-01 1.293338638378425422e-03 0.000000000000000000e+00 -2.570299845042854914e-01 3.792378539275508276e-01 0.000000000000000000e+00
6.233460625009177303e-01 -3.758670683016527431e-03 0.000000000000000000e+00 5.233662561602406282e-02 7.736567497493269663e-01 0.000000000000000000e+00
8.188826211965649637e-01 8.510512704698078128e-04 0.000000000000000000e+00 -1.665418187446635057e-01 3.022726065564120823e-01 0.000000000000000000e+00
8.187865191907552909e-01 3.284950232521066660e-04 0.000000000000000000e+00 -1.055250201707481905e-01 3.287813295581911710e-01 0.000000000000000000e+00
8.012588996794058893e-01 7.131127127265948773e-04 0.000000000000000000e+00 7.530653869518427745e-02 3.719568556198635800e-01 0.000000000000000000e+00
7.658978932659066263e-01 1.681257211468308380e-03 0.000000000000000000e+00 1.819798468728957980e-02 4.506675847270585900e-01 0.000000000000000000e+00
7.930314604534022260e-01 7.782898466431546064e-04 0.000000000000000000e+00 -7.418017612740028521e-02 3.888372230855740019e-01 0.000000000000000000e+00
7.841462424329564973e-01 9.504109097288868969e-04 0.000000000000000000e+00 3.547901766294336845e-02 4.121821563197281546e-01 0.000000000000000000e+00
7.817510451104950908e-01 -1.591298580702094588e-03 0.000000000000000000e+00 6.493943941810720322e-02 4.134855601149461934e-01 0.000000000000000000e+00
7.729354089528639449e-01 9.470594701815921064e-04 0.000000000000000000e+00 -4.882899719290056950e-02 4.337968743185229847e-01 0.000000000000000000e+00
7.962036968419649030e-01 -6.152515278046357533e-04 0.000000000000000000e+00 -6.534223377839556979e-02 3.840060369519223138e-01 0.000000000000000000e+00
8.149625979324095493e-01 8.313935167768805520e-04 0.000000000000000000e+00 1.022461956751400669e-01 3.375422256853036207e-01 0.000000000000000000e+00
1.012399597440226895e+00 1.941839805191391969e-04 0.000000000000000000e+00 1.389448896723568527e-01 1.365910996354364748e-01 0.000000000000000000e+00
-1.497182364543156119e+00 2.322288555128448895e-03 0.000000000000000000e+00 1.802568147201050741e-01 7.416307083511386455e-01 0.000000000000000000e+00
-1.705247125125314067e+00 9.871355793027655756e-04 0.000000000000000000e+00 1.426207840048187778e-02 1.041925341811283490e+00 0.000000000000000000e+00
-1.557626596315022649e+00 -8.238349591268307598e-04 0.000000000000000000e+00 -1.547272557416767280e-01 8.314850608501986873e-01 0.000000000000000000e+00
-1.265103229903904891e+00 -4.327092274874211331e-04 0.000000000000000000e+00 -2.011831133104595715e-01 3.821669819616597685e-01 0.000000000000000000e+00
-1.398697350998519218e+00 -2.954850143711055394e-03 0.000000000000000000e+00 3.553092568470454099e-02 6.245957314453163267e-01 0.000000000000000000e+00
-1.200746175008036154e+00 8.797024935013485116e-04 0.000000000000000000e+00 1.366348678602940792e-01 3.064482087083635342e-01 0.000000000000000000e+00
-1.364848183416860650e+00 2.340206304217998939e-03 0.000000000000000000e+00 -3.193037880130064621e-02 5.764410439123147656e-01 0.000000000000000000e+00
-1.284860510204303363e+00 3.485255196371619957e-04 0.000000000000000000e+00 -2.130624943721207837e-02 4.605877287196860070e-01 0.000000000000000000e+00
-1.239623519059291468e+00 1.569059939418968215e-03 0.000000000000000000e+00 9.883907998897703551e-02 3.813656475005160473e-01 0.000000000000000000e+00
-1.322076996201267729e+00 3.290592728172553674e-05 0.000000000000000000e+00 -1.710793494764960565e-01 4.863351973875369993e-01 0.000000000000000000e+00
-1.513866428952161947e+00 2.143924847006754841e-03 0.000000000000000000e+00 -3.610362283673530792e-02 7.853147816085684907e-01 0.000000000000000000e+00
-1.452312089224362168e+00 -2.105436712049806730e-03 0.000000000000000000e+00 1.079426196312137098e-01 6.926686276618408966e-01 0.000000000000000000e+00
-1.255817379902120834e+00 1.543379837644391021e-03 0.000000000000000000e+00 1.960378280034512088e-01 3.692961009931632899e-01 0.000000000000000000e+00
1.007824880607257390e+00 -7.603138753740918809e-04 0.000000000000000000e+00 -6.144079501989441194e-02 2.281656290873659565e-01 0.000000000000000000e+00
9.550232336041197811e-01 5.742461168581139419e-04 0.000000000000000000e+00 4.396263087865705244e-02 1.334733439523914100e-01 0.000000000000000000e+00
9.149995281519829327e-01 7.348361236283480064e-04 0.000000000000000000e+00 -2.169162654790903616e-02 1.776208698061922386e-01 0.000000000000000000e+00
9.936542571397734003e-01 3.311605376686887537e-04 0.000000000000000000e+00 -1.086775412377906369e-01 2.434106763322664291e-01 0.000000000000000000e+00
-1.166839084556779094e+00 -7.862648486139135751e-04 0.000000000000000000e+00 -1.270599314527344759e-01 2.541026722041014319e-01 0.000000000000000000e+00
-1.205277797948934637e+00 6.347322399335806470e-04 0.000000000000000000e+00 2.232346261743569510e-02 3.416456313307872916e-01 0.000000000000000000e+00
9.851998489580205964e-01 -2.548601739123181227e-04 0.000000000000000000e+00 8.400439622732541745e-02 1.626945429619322536e-01 0.000000000000000000e+00
9.067067135609419015e-01 6.561863130423266615e-04 0.000000000000000000e+00 -9.138790535062956549e-03 1.906979885914182882e-01 0.000000000000000000e+00
-1.299728340292680695e+00 2.126224525618169992e-03 0.000000000000000000e+00 9.302935830214523194e-02 4.738757094718606400e-01 0.000000000000000000e+00
-1.337040298288226126e+00 7.978528425145524176e-04 0.000000000000000000e+00 -5.916636184423978984e-02 5.339894860967397960e-01 0.000000000000000000e+00
-1.177661143317529024e+00 1.173358153516769822e-03 0.000000000000000000e+00 9.370281265156775452e-02 2.855662841105438554e-01 0.000000000000000000e+00
-1.211529168793971101e+00 1.295006874706445751e-03 0.000000000000000000e+00 -8.023333419198938610e-02 3.425269374402154510e-01 0.000000000000000000e+00
-1.170183209821622716e+00 3.464518139034006294e-04 0.000000000000000000e+00 1.232272590045009608e-01 2.616111384780529514e-01 0.000000000000000000e+00
8.845803324126755296e-01 2.568677981137897168e-04 0.000000000000000000e+00 1.924457029619873472e-02 2.251898191130024818e-01 0.000000000000000000e+00
7.143279585421362654e-01 -6.506770342202226887e-05 0.000000000000000000e+00 1.963315810736127043e-01 5.259173019318815756e-01 0.000000000000000000e+00
6.424565085006898046e-01 -1.198586291169964624e-03 0.000000000000000000e+00 1.670712096225245025e-02 7.279789112898589210e-01 0.000000000000000000e+00
6.954825810428312272e-01 7.861188146472616878e-04 0.000000000000000000e+00 -1.824262353485779642e-01 5.753193456608720613e-01 0.000000000000000000e+00
9.334030247944025138e-01 -4.947001406564093071e-05 0.000000000000000000e+00 1.552662485687124616e-01 1.527359757740480439e-02 0.000000000000000000e+00
-1.189939862680413185e+00 1.302420902674431393e-03 0.000000000000000000e+00 2.494094890935744796e-02 3.181989014547244587e-01 0.000000000000000000e+00
-1.189045847865115801e+00 1.028475596344424411e-03 0.000000000000000000e+00 -3.026735209836665247e-02 3.163752922631868358e-01 0.000000000000000000e+00
9.919298969312095871e-01 -2.648959168851216096e-04 0.000000000000000000e+00 -9.719741076175921965e-03 2.380543005119212796e-01 0.000000000000000000e+00
-1.193213780240211630e+00 2.981110513632177078e-04 0.000000000000000000e+00 -5.138980292739951661e-02 3.200324570298057059e-01 0.000000000000000000e+00
-1.223600122769540999e+00 -3.943385603083788410e-04 0.000000000000000000e+00 3.267216212869469144e-02 3.685110745069620775e-01 0.000000000000000000e+00
-1.241542616504945240e+00 -1.298100424777317435e-03 0.000000000000000000e+00 -3.208016287834075664e-02 3.955307057002419024e-01 0.000000000000000000e+00
9.377563387030163344e-01 2.611627872750071260e-04 0.000000000000000000e+00 1.044630063253080832e-01 1.098972184279872338e-01 0.000000000000000000e+00
9.123647476728438122e-01 1.154216299270116944e-04 0.000000000000000000e+00 -1.179377510240978144e-01 1.394721717996374732e-01 0.000000000000000000e+00
8.682905816870070126e-01 7.072325612962465907e-04 0.000000000000000000e+00 9.279241403212973305e-02 2.363298195928926204e-01 0.000000000000000000e+00
8.243875427134526035e-01 -6.208963588943891554e-04 0.000000000000000000e+00 -2.306363993030267623e-01 2.423480667923351706e-01 0.000000000000000000e+00
6.612635530737394074e-01 -2.354357609393344444e-03 0.000000000000000000e+00 1.442922029214339652e-01 6.674886185517523440e-01 0.000000000000000000e+00
6.546874450021736846e-01 1.758518540464591631e-03 0.000000000000000000e+00 -1.265901493779966747e-01 6.870325523661638956e-01 0.000000000000000000e+00
8.506001172652324360e-01 8.149915770438317074e-04 0.000000000000000000e+00 2.191931177215203363e-01 1.830298067160437414e-01 0.000000000000000000e+00
1.009696158019822931e+00 -2.971914352387636303e-04 0.000000000000000000e+00 1.890210569060407353e-01 1.063085654977092287e-01 0.000000000000000000e+00
-1.354112032720245162e+00 2.127772397062539095e-03 0.000000000000000000e+00 -1.620152146311276686e-01 5.380329784658389736e-01 0.000000000000000000e+00
-1.519403025061435875e+00 1.018631820088093665e-03 0.000000000000000000e+00 -3.431637045539999431e-02 7.929814235925309873e-01 0.000000000000000000e+00
-1.465368078823024778e+00 -2.707668492193452542e-03 0.000000000000000000e+00 1.012983257754792449e-01 7.120405208502034178e-01 0.000000000000000000e+00
-1.243533542168645756e+00 4.593105334056608868e-04 0.000000000000000000e+00 1.924174659121765940e-01 3.504501740207788263e-01 0.000000000000000000e+00
-1.164227883909131567e+00 2.806188355387456701e-04 0.000000000000000000e+00 3.052205170975746257e-02 2.784542393362699486e-01 0.000000000000000000e+00
