9.983044872758171095e-01 -1.450830541251495621e-03 0.000000000000000000e+00 -2.656026820471766858e-01 1.569789267984854908e-01 0.000000000000000000e+00
9.503244581845995409e-01 1.703400142344998623e-04 0.000000000000000000e+00 -1.349272337420642232e-01 4.508867935682640132e-02 0.000000000000000000e+00
8.154026410484260801e-01 1.689227430125398582e-03 0.000000000000000000e+00 8.622712692910311505e-02 3.410780364524759745e-01 0.000000000000000000e+00
7.642678879089563893e-01 3.757650063102371818e-05 0.000000000000000000e+00 -3.248951842190006545e-02 4.532341803367275213e-01 0.000000000000000000e+00
8.391141331340686849e-01 -3.422765952854371282e-04 0.000000000000000000e+00 -7.034988100732637861e-02 2.985508966386293261e-01 0.000000000000000000e+00
8.421223535079567224e-01 6.364415664230401587e-04 0.000000000000000000e+00 -4.419918813949499925e-03 3.011003146181646106e-01 0.000000000000000000e+00
8.774927607758444825e-01 -3.868856764052183012e-04 0.000000000000000000e+00 1.089588582487765051e-01 2.115250869105511633e-01 0.000000000000000000e+00
9.981885649702672003e-01 9.990444902194359385e-04 0.000000000000000000e+00 -3.223474428124670776e-01 2.992896524419135229e-01 0.000000000000000000e+00
-1.390153855657016546e+00 -1.503813760812232336e-03 0.000000000000000000e+00 3.240781757243797051e-02 6.125951575608183930e-01 0.000000000000000000e+00
-1.195843847981036046e+00 -1.233800709085271577e-03 0.000000000000000000e+00 1.384807074553001116e-01 2.974324203710224657e-01 0.000000000000000000e+00
-1.362425124999014470e+00 1.788079815027173933e-03 0.000000000000000000e+00 -4.252252442158101220e-02 5.722542341950895839e-01 0.000000000000000000e+00
-1.145446518972164984e+00 2.533981455436068453e-04 0.000000000000000000e+00 7.691581146457703022e-02 2.394383104580101451e-01 0.000000000000000000e+00
-1.164277897800184647e+00 -9.599604487252992591e-04 0.000000000000000000e+00 8.172663624138307159e-02 2.679862797519967921e-01 0.000000000000000000e+00
9.937752940042865468e-01 -6.578681754986180630e-04 0.000000000000000000e+00 -1.066448437793028267e-02 2.664308428831794195e-01 0.000000000000000000e+00
-1.201079876759004517e+00 -1.644828296960826677e-03 0.000000000000000000e+00 -3.150884011693175224e-02 3.345287341502508616e-01 0.000000000000000000e+00
-1.183806291604434957e+00 1.380189660225419890e-03 0.000000000000000000e+00 -1.136403412243209565e-01 2.882597395430094300e-01 0.000000000000000000e+00
-1.249766080128176693e+00 -2.573541122860953552e-04 0.000000000000000000e+00 6.382255608807357872e-02 4.040671117190729467e-01 0.000000000000000000e+00
-1.256896580575070477e+00 6.415265750657679102e-05 0.000000000000000000e+00 -3.798908499206525655e-03 4.196699365715726437e-01 0.000000000000000000e+00
9.027972955266372335e-01 6.608021447904823854e-04 0.000000000000000000e+00 9.241365082908972739e-02 1.737261387421636105e-01 0.000000000000000000e+00
9.605462181324618820e-01 -1.266580596090313400e-04 0.000000000000000000e+00 -8.344087694959295698e-02 1.124069862034697553e-01 0.000000000000000000e+00
9.549371659089114228e-01 -5.922975928896508785e-04 0.000000000000000000e+00 6.457548777691246578e-02 1.247678660881368778e-01 0.000000000000000000e+00
9.096644341641864084e-01 -8.566027493508033414e-05 0.000000000000000000e+00 -6.432645640138102971e-02 1.750639739262980776e-01 0.000000000000000000e+00
-1.210903219486327398e+00 -1.234928339861517989e-03 0.000000000000000000e+00 1.993627262649698695e-01 2.886825234018005060e-01 0.000000000000000000e+00
-1.773992353725874604e+00 5.306945291820068522e-03 0.000000000000000000e+00 1.051236731200513308e-01 1.126274080798273403e+00 0.000000000000000000e+00
-1.415527875183179241e+00 -4.479426498899888309e-04 0.000000000000000000e+00 -2.386654028504072156e-01 6.039513317349325394e-01 0.000000000000000000e+00
-1.837677346717511817e+00 -8.298224794790949078e-04 0.000000000000000000e+00 -2.010814523825960737e-02 1.212457963337383759e+00 0.000000000000000000e+00
-1.541780743356114147e+00 3.151613506493476657e-03 0.000000000000000000e+00 2.108550663050193230e-01 7.968200321951777187e-01 0.000000000000000000e+00
-1.727132173509271063e+00 3.468177901963159782e-03 0.000000000000000000e+00 -1.282716646479889200e-01 1.062828602794179123e+00 0.000000000000000000e+00
-2.065134418593908450e+00 -5.489762243725160307e-03 0.000000000000000000e+00 8.308930030133568345e-03 1.496082030095596149e+00 0.000000000000000000e+00
-1.988645965204405508e+00 -2.762488116109240721e-05 0.000000000000000000e+00 7.416563875418856477e-02 1.399995298268938093e+00 0.000000000000000000e+00
-1.874028744643923439e+00 -5.796343263767190189e-03 0.000000000000000000e+00 1.477322764460836102e-01 1.249989868737465981e+00 0.000000000000000000e+00
-1.668796067938544958e+00 1.082369776896335151e-03 0.000000000000000000e+00 2.304418753398481678e-01 9.671208117332342757e-01 0.000000000000000000e+00
-1.300811835854020604e+00 -1.174573473317651502e-03 0.000000000000000000e+00 2.721508630193961720e-01 4.008290892767225611e-01 0.000000000000000000e+00
-1.570639805049712567e+00 3.879031327947866578e-03 0.000000000000000000e+00 -2.517844694881547496e-01 8.258174423358617400e-01 0.000000000000000000e+00
-1.814058462392315718e+00 -1.072268233567187645e-03 0.000000000000000000e+00 -1.800638143014179904e-01 1.168741390780133393e+00 0.000000000000000000e+00
-1.957275350201820530e+00 1.852826437685087951e-03 0.000000000000000000e+00 -9.923572499050380136e-02 1.359403234905983249e+00 0.000000000000000000e+00
-2.032544920257657317e+00 -3.927343366686605365e-03 0.000000000000000000e+00 -3.165971122820648853e-02 1.455782759934089787e+00 0.000000000000000000e+00
-1.380957082184246065e+00 8.537373296357998048e-04 0.000000000000000000e+00 -1.547851928003428079e-01 5.800532533484230591e-01 0.000000000000000000e+00
-1.524599495841078456e+00 2.035771101360467350e-03 0.000000000000000000e+00 -3.443318287548224887e-02 8.000821627394874014e-01 0.000000000000000000e+00
-1.483666564450989434e+00 -8.335839291822196018e-04 0.000000000000000000e+00 9.134031761586942910e-02 7.389384932155896868e-01 0.000000000000000000e+00
-1.276843371959677453e+00 9.372465126756580889e-04 0.000000000000000000e+00 1.876115804811605559e-01 4.081885938579615791e-01 0.000000000000000000e+00
-1.144779212793280987e+00 -2.845262770843834388e-04 0.000000000000000000e+00 -4.622655787977984071e-02 2.461739477103135343e-01 0.000000000000000000e+00
9.894156384667401882e-01 -2.989845525460258294e-04 0.000000000000000000e+00 -2.179032594553435148e-02 2.100288966555853842e-01 0.000000000000000000e+00
-1.190496306477547783e+00 9.614399769436211829e-04 0.000000000000000000e+00 -5.613309252983838399e-02 3.150351101381209107e-01 0.000000000000000000e+00
-1.208571668307506508e+00 -1.696192970936561198e-03 0.000000000000000000e+00 4.618227494224343144e-02 3.442383793422000293e-01 0.000000000000000000e+00
-1.084455894611429994e+00 1.943883747159163731e-04 0.000000000000000000e+00 1.203756482456896371e-01 1.047558852095548387e-01 0.000000000000000000e+00
-1.109993215645594056e+00 5.178408486203590856e-04 0.000000000000000000e+00 -1.252269750815489247e-01 1.529177640204574251e-01 0.000000000000000000e+00
-1.150519730787771477e+00 -1.081917106881130630e-04 0.000000000000000000e+00 -9.878847243070915107e-02 2.396596106205525212e-01 0.000000000000000000e+00
8.824864112840313801e-01 -3.248970681177217393e-04 0.000000000000000000e+00 -1.789940815084625492e-01 1.436200489160480154e-01 0.000000000000000000e+00
7.024759945651648518e-01 2.040632503973377910e-03 0.000000000000000000e+00 -2.830479833892320107e-02 5.870739050656936797e-01 0.000000000000000000e+00
8.098183429524155041e-01 5.553685826715135630e-04 0.000000000000000000e+00 1.908773801030975159e-01 3.083826800167952520e-01 0.000000000000000000e+00
6.479614293783837464e-01 1.236920153885719131e-03 0.000000000000000000e+00 -2.145394716364487364e-01 6.818373422249481841e-01 0.000000000000000000e+00
6.042707127053117411e-01 5.106385587121346076e-04 0.000000000000000000e+00 4.906028645565722185e-02 8.225617924304419182e-01 0.000000000000000000e+00
7.020864527400496602e-01 6.267163328409972034e-04 0.000000000000000000e+00 2.655626062990950054e-01 5.253349198570458345e-01 0.000000000000000000e+00
7.694911954243831564e-01 -1.761969898197307711e-03 0.000000000000000000e+00 -2.416366825644507554e-01 3.720142442281806350e-01 0.000000000000000000e+00
6.658949177821318344e-01 -1.032877167258889218e-03 0.000000000000000000e+00 1.616651517911047997e-01 6.522077085849093958e-01 0.000000000000000000e+00
6.535330423237704078e-01 5.985171132915165920e-04 0.000000000000000000e+00 -1.333054146283065289e-01 6.885789352707865074e-01 0.000000000000000000e+00
7.930866521230239830e-01 -4.079492226006543876e-04 0.000000000000000000e+00 2.421664608438928168e-01 3.129765526807781750e-01 0.000000000000000000e+00
6.275760143065832741e-01 -3.101134067852175449e-03 0.000000000000000000e+00 3.202053288766620875e-01 6.946023839418133949e-01 0.000000000000000000e+00
5.502035853269064969e-01 4.309244167001122401e-03 0.000000000000000000e+00 1.747712137565636537e-01 9.542991277116454896e-01 0.000000000000000000e+00
5.318874867110758853e-01 -4.717236977363329677e-03 0.000000000000000000e+00 -3.427821111094030843e-02 1.022332586122018050e+00 0.000000000000000000e+00
5.685245670411729346e-01 5.266985435919847164e-04 0.000000000000000000e+00 -2.405700168833548314e-01 8.871305993601481532e-01 0.000000000000000000e+00
6.760529980878674516e-01 -4.115991868493601089e-04 0.000000000000000000e+00 -3.270156100368040719e-01 5.596151717107065160e-01 0.000000000000000000e+00
8.000388651169947352e-01 2.729940396354340769e-04 0.000000000000000000e+00 -2.275565616695760518e-01 3.067033409684111200e-01 0.000000000000000000e+00
7.489495374433221553e-01 -2.071104173737650829e-03 0.000000000000000000e+00 2.226397971844291113e-01 4.325499167134205236e-01 0.000000000000000000e+00
6.292253577963267119e-01 2.946338931461124546e-03 0.000000000000000000e+00 -6.854402741784865194e-02 7.576449407491228083e-01 0.000000000000000000e+00
7.828266806534422972e-01 -2.667101495465885180e-04 0.000000000000000000e+00 2.512372714107087290e-01 3.320237487073443572e-01 0.000000000000000000e+00
6.609591008435320436e-01 -2.457339280385656757e-03 0.000000000000000000e+00 3.265573019677424638e-01 6.005906280901824879e-01 0.000000000000000000e+00
5.680376782878295838e-01 -6.108517567093001838e-04 0.000000000000000000e+00 2.336136985484784101e-01 8.903681814530022276e-01 0.000000000000000000e+00
5.335238657963523590e-01 -3.004382875058896757e-03 0.000000000000000000e+00 4.630010077942984387e-02 1.017103953105750636e+00 0.000000000000000000e+00
5.475579224347328910e-01 1.277206351737680129e-03 0.000000000000000000e+00 -1.633263461404104722e-01 9.639864177049406457e-01 0.000000000000000000e+00
6.161152308022729285e-01 -2.499792431228130708e-03 0.000000000000000000e+00 -3.030312884293367981e-01 7.335634131147128478e-01 0.000000000000000000e+00
7.498188802160850042e-01 4.031986923748757598e-04 0.000000000000000000e+00 -2.891523018153037139e-01 3.889500996216626594e-01 0.000000000000000000e+00
6.346224300006126917e-01 -2.442777659748484719e-03 0.000000000000000000e+00 -2.163190874124782948e-01 7.153893322273777722e-01 0.000000000000000000e+00
5.916401791261044485e-01 -2.371045343587324834e-03 0.000000000000000000e+00 -2.983052045661172685e-02 8.564720419354618919e-01 0.000000000000000000e+00
6.134401072408436351e-01 -3.073643076815864468e-03 0.000000000000000000e+00 1.717220597297474116e-01 7.818410573588089330e-01 0.000000000000000000e+00
7.076075539970767547e-01 -1.250525174659520081e-03 0.000000000000000000e+00 2.861126727340301823e-01 5.002429263049792407e-01 0.000000000000000000e+00
7.505368716669940099e-01 -1.123440204439802182e-03 0.000000000000000000e+00 3.042151340288788419e-01 3.753346591178544078e-01 0.000000000000000000e+00
5.448108052868229079e-01 2.284455684614159973e-03 0.000000000000000000e+00 2.251750372054484584e-01 9.594885386025990837e-01 0.000000000000000000e+00
5.214906828538565797e-01 -4.508662975699601061e-03 0.000000000000000000e+00 -1.007521451049727124e-01 1.048848508271380098e+00 0.000000000000000000e+00
6.301931720351091615e-01 5.399328493477309476e-04 0.000000000000000000e+00 -3.454563309109205393e-01 6.751112427877909994e-01 0.000000000000000000e+00
6.771184034575972177e-01 2.512639967117076198e-03 0.000000000000000000e+00 3.548989302076287489e-01 5.393887550749897342e-01 0.000000000000000000e+00
5.144742419774912534e-01 5.052295855429458221e-03 0.000000000000000000e+00 1.140485325154916296e-01 1.068707592322047262e+00 0.000000000000000000e+00
5.500129937966387050e-01 -3.266710654063397119e-03 0.000000000000000000e+00 -2.681785419916295488e-01 9.329594859287277941e-01 0.000000000000000000e+00
7.194079894127722863e-01 -6.823774352405288009e-04 0.000000000000000000e+00 3.633876056683946199e-01 4.130833074647113357e-01 0.000000000000000000e+00
4.756394742919007879e-01 -2.469039603531545182e-03 0.000000000000000000e+00 -3.199036744069484739e-02 1.196913264609730021e+00 0.000000000000000000e+00
7.569772527494310621e-01 -1.033074792484997909e-04 0.000000000000000000e+00 3.661325969385018642e-01 2.940640716191096349e-01 0.000000000000000000e+00
7.776185315179583446e-01 -2.570079916328353760e-04 0.000000000000000000e+00 -3.569411151406509664e-01 2.342647659724659270e-01 0.000000000000000000e+00
4.628063589288223811e-01 -2.776140458710868626e-03 0.000000000000000000e+00 -8.243721530495809469e-02 1.237392134609814009e+00 0.000000000000000000e+00
6.034655344317891856e-01 3.369639879781864342e-03 0.000000000000000000e+00 4.345376022569743535e-01 7.025874695536424852e-01 0.000000000000000000e+00
4.839344116821334696e-01 2.041985288861744921e-03 0.000000000000000000e+00 -2.957046694284051203e-01 1.132371072789681410e+00 0.000000000000000000e+00
4.924679748322756123e-01 4.079773688111507958e-03 0.000000000000000000e+00 3.119207201630608828e-01 1.099625960893295007e+00 0.000000000000000000e+00
5.825167461748557152e-01 8.081856917192455775e-04 0.000000000000000000e+00 -4.366980706346997865e-01 7.654674721255749770e-01 0.000000000000000000e+00
4.613412893975209483e-01 -4.185541822244755010e-03 0.000000000000000000e+00 1.085498440976567225e-01 1.240324500771484040e+00 0.000000000000000000e+00
7.820025149270045661e-01 -1.699645834605015803e-05 0.000000000000000000e+00 3.538189295836554060e-01 2.226379560412216629e-01 0.000000000000000000e+00
7.557997727926775156e-01 -9.208482825152942974e-04 0.000000000000000000e+00 -3.650751040942293857e-01 2.992816444002703857e-01 0.000000000000000000e+00
4.785022301836563408e-01 -2.706921775585362580e-03 0.000000000000000000e+00 5.779468787118904882e-02 1.186549354441138071e+00 0.000000000000000000e+00
6.799620246882210894e-01 2.068103318060225682e-03 0.000000000000000000e+00 -3.881342191831627098e-01 5.077230154930407746e-01 0.000000000000000000e+00
5.234690053923196640e-01 -2.970404674678642221e-03 0.000000000000000000e+00 2.434313461242422205e-01 1.019147148828757565e+00 0.000000000000000000e+00
-9.543802043638660582e-01 3.268718160650894815e-04 0.000000000000000000e+00 1.229648284879914996e-02 1.073677796219834613e-01 0.000000000000000000e+00
5.257549079249544954e-01 -2.681834963373608011e-03 0.000000000000000000e+00 -2.407875265271145482e-01 1.012801796244168884e+00 0.000000000000000000e+00
6.762210620534276906e-01 -2.461994499738018663e-03 0.000000000000000000e+00 3.891669204301257401e-01 5.178264798471459152e-01 0.000000000000000000e+00
4.795993210469585710e-01 -2.553959710033353037e-04 0.000000000000000000e+00 -5.071657011580886498e-02 1.183315134802431778e+00 0.000000000000000000e+00
7.734349899588794930e-01 2.669278094951960546e-04 0.000000000000000000e+00 3.507669270644009352e-01 2.581232229931073596e-01 0.000000000000000000e+00
7.706644878662227693e-01 -9.941905295700790256e-04 0.000000000000000000e+00 -3.505881252053805186e-01 2.678436808293311877e-01 0.000000000000000000e+00
4.847268372129960312e-01 -1.842126054036802296e-03 0.000000000000000000e+00 8.242674283994039230e-02 1.164861956372525320e+00 0.000000000000000000e+00
6.339768598225199447e-01 -1.120598915714457813e-03 0.000000000000000000e+00 -3.939933097273636275e-01 6.369948691576783339e-01 0.000000000000000000e+00
5.227578483021666500e-01 -1.120851937390689775e-03 0.000000000000000000e+00 2.608802259091324016e-01 1.017032701634039249e+00 0.000000000000000000e+00
-9.531798531543407282e-01 -8.063838700108098487e-05 0.000000000000000000e+00 1.710801388581811161e-02 1.083360319710956476e-01 0.000000000000000000e+00
5.235558059118514684e-01 4.023919714044976725e-03 0.000000000000000000e+00 -2.689845226967498837e-01 1.012416189021068114e+00 0.000000000000000000e+00
6.286587800608718357e-01 -1.053885113962812342e-03 0.000000000000000000e+00 3.951540864679919940e-01 6.517477974603684832e-01 0.000000000000000000e+00
4.853782773344135215e-01 3.184806086743383405e-03 0.000000000000000000e+00 -8.569973383388479471e-02 1.162499875888636236e+00 0.000000000000000000e+00
7.753546310890593318e-01 7.052493315259258759e-04 0.000000000000000000e+00 3.465386310184077057e-01 2.572312714007809475e-01 0.000000000000000000e+00
7.705342059190500859e-01 6.622985338827994811e-04 0.000000000000000000e+00 -3.488983084989666916e-01 2.704811189471898469e-01 0.000000000000000000e+00
4.905923391010198475e-01 -3.621603820025700703e-03 0.000000000000000000e+00 1.113511438717044028e-01 1.143551678012317385e+00 0.000000000000000000e+00
5.994229244130523382e-01 1.478855498211062956e-03 0.000000000000000000e+00 -3.841960082787961861e-01 7.431849233903973229e-01 0.000000000000000000e+00
5.390643194041822017e-01 4.308769870303465199e-03 0.000000000000000000e+00 2.965372775540766614e-01 9.571683087733134920e-01 0.000000000000000000e+00
5.122360640976407753e-01 1.682031878447419471e-03 0.000000000000000000e+00 -2.246669508616202238e-01 1.058057333122949473e+00 0.000000000000000000e+00
6.611323310120338359e-01 -1.860525057250718081e-03 0.000000000000000000e+00 3.982577811294150116e-01 5.551509580772460151e-01 0.000000000000000000e+00
4.786549159170108148e-01 -1.362160197593459236e-03 0.000000000000000000e+00 -8.212744704623173297e-02 1.184634214548574871e+00 0.000000000000000000e+00
7.021419958168633180e-01 2.728480921165977839e-04 0.000000000000000000e+00 3.997432809483730254e-01 4.319376793975920892e-01 0.000000000000000000e+00
4.640314814634944884e-01 1.697588580385878121e-03 0.000000000000000000e+00 -2.247230565089994581e-01 1.215422884718373453e+00 0.000000000000000000e+00
4.983606705570337025e-01 -5.282970437987467155e-03 0.000000000000000000e+00 3.686996210154336318e-01 1.062249330603543873e+00 0.000000000000000000e+00
5.685273684170943920e-01 5.460257307267663181e-04 0.000000000000000000e+00 -4.417282813792905993e-01 8.060866174666736494e-01 0.000000000000000000e+00
4.539544104227699606e-01 -3.170799672047672907e-05 0.000000000000000000e+00 7.799130860144111443e-02 1.268031908746910741e+00 0.000000000000000000e+00
6.812889452953889702e-01 1.626330817228753686e-03 0.000000000000000000e+00 4.316089756432727187e-01 4.671632722547823247e-01 0.000000000000000000e+00
4.711554781010601767e-01 -1.270910291382242215e-03 0.000000000000000000e+00 -3.480396320499124507e-01 1.161160711388480982e+00 0.000000000000000000e+00
4.392225075160398617e-01 4.769281615124623327e-03 0.000000000000000000e+00 1.599162149564670732e-01 1.312435743766082297e+00 0.000000000000000000e+00
6.070993640840545158e-01 -3.090449484577206807e-03 0.000000000000000000e+00 4.861367872219105601e-01 6.563024695920667284e-01 0.000000000000000000e+00
4.987946548732132279e-01 1.093459006846587284e-03 0.000000000000000000e+00 -4.449229013843813973e-01 1.031272340962548162e+00 0.000000000000000000e+00
4.236768721454399200e-01 -3.859861970484278898e-03 0.000000000000000000e+00 -5.559954814237359592e-03 1.378897997791988850e+00 0.000000000000000000e+00
4.912164524514826547e-01 -7.695099534460840551e-04 0.000000000000000000e+00 4.315252480283944259e-01 1.062785827700740260e+00 0.000000000000000000e+00
6.268902053549867404e-01 3.809855521132389424e-04 0.000000000000000000e+00 -4.752882363539916999e-01 6.014800454087676496e-01 0.000000000000000000e+00
4.410274478153569100e-01 3.712392677703443833e-03 0.000000000000000000e+00 -1.741692402758938663e-01 1.304153216910431068e+00 0.000000000000000000e+00
4.763912437556609980e-01 -2.196850066797062864e-03 0.000000000000000000e+00 3.613110207423044784e-01 1.138969391792044483e+00 0.000000000000000000e+00
6.476339364389114284e-01 1.596976233269086724e-03 0.000000000000000000e+00 -4.525906484025427057e-01 5.543001207727837887e-01 0.000000000000000000e+00
4.494444485178523685e-01 4.864775661195836799e-03 0.000000000000000000e+00 -8.586479606298380585e-02 1.283129757624352330e+00 0.000000000000000000e+00
5.509988697022006887e-01 -8.302566576320578873e-04 0.000000000000000000e+00 4.395513310882443458e-01 8.624414100357571389e-01 0.000000000000000000e+00
5.112519344820536382e-01 4.269385446809414661e-03 0.000000000000000000e+00 -4.023203897676557173e-01 1.007243070309534971e+00 0.000000000000000000e+00
4.533284854372808814e-01 -2.831618432058168044e-03 0.000000000000000000e+00 1.642601815243364127e-01 1.261920525280169292e+00 0.000000000000000000e+00
7.201870095154978557e-01 -1.406241366205613925e-03 0.000000000000000000e+00 4.143905862149523944e-01 3.592944479450838058e-01 0.000000000000000000e+00
8.021433250192574471e-01 -4.667967968383637464e-04 0.000000000000000000e+00 -3.465797901029566419e-01 1.502506190375196837e-01 0.000000000000000000e+00
4.644446241678147347e-01 -1.936777884990686406e-03 0.000000000000000000e+00 -3.554839964418333720e-01 1.182362689964885138e+00 0.000000000000000000e+00
4.280505780649085379e-01 -1.346396159550091159e-03 0.000000000000000000e+00 1.278671174989331472e-01 1.356766441085916819e+00 0.000000000000000000e+00
5.487445888827167106e-01 1.953163128250381617e-03 0.000000000000000000e+00 4.844782792172793728e-01 8.453981087650379589e-01 0.000000000000000000e+00
-9.390628334940984701e-01 4.831966502073271885e-05 0.000000000000000000e+00 -2.485924004935739090e-02 1.274756204866085429e-01 0.000000000000000000e+00
5.407961902062128345e-01 3.147025215250386001e-03 0.000000000000000000e+00 -4.891336497865725885e-01 8.688816485761856612e-01 0.000000000000000000e+00
4.278774354026595450e-01 -5.706412189138452412e-03 0.000000000000000000e+00 -1.081436137427519290e-01 1.358987921033945501e+00 0.000000000000000000e+00
4.648088993417106574e-01 -2.390091787671556889e-04 0.000000000000000000e+00 3.635685957162104742e-01 1.178631757124938284e+00 0.000000000000000000e+00
8.106074315419573573e-01 -6.252819810682447559e-04 0.000000000000000000e+00 3.364894370240660293e-01 1.311435913264425990e-01 0.000000000000000000e+00
7.173202089646797397e-01 1.036698462784417518e-03 0.000000000000000000e+00 -4.155579835266413058e-01 3.675300852020925158e-01 0.000000000000000000e+00
4.530890881050102514e-01 5.550132699082313895e-03 0.000000000000000000e+00 -1.584267718541310932e-01 1.263412544946870497e+00 0.000000000000000000e+00
5.192511925290760333e-01 -3.392415442574139850e-04 0.000000000000000000e+00 4.050217973322280951e-01 9.800800260388665697e-01 0.000000000000000000e+00
-8.994726526034493297e-01 9.020659382268764702e-05 0.000000000000000000e+00 1.914753472316652327e-01 3.443039918004200256e-02 0.000000000000000000e+00
5.427148310259843900e-01 -8.413012590665208679e-04 0.000000000000000000e+00 -4.292153694022678989e-01 8.938907158983645518e-01 0.000000000000000000e+00
4.511657182977293346e-01 2.362801606433520898e-04 0.000000000000000000e+00 1.006496679607824934e-01 1.276131922833117383e+00 0.000000000000000000e+00
6.723637121477739065e-01 1.251895333947396693e-03 0.000000000000000000e+00 4.401555852632893506e-01 4.874529481809591891e-01 0.000000000000000000e+00
4.739795231954566646e-01 -9.050903052009277860e-04 0.000000000000000000e+00 -3.662399773554774196e-01 1.145745955568685304e+00 0.000000000000000000e+00
4.337827756243630706e-01 -1.978808537795055320e-03 0.000000000000000000e+00 1.388335028807021754e-01 1.334618732534434749e+00 0.000000000000000000e+00
5.747808278096480095e-01 -3.769600482853229309e-03 0.000000000000000000e+00 4.907774636883803776e-01 7.569181827854385425e-01 0.000000000000000000e+00
5.152453051732839295e-01 -7.363773874114951101e-05 0.000000000000000000e+00 -4.588112876566062814e-01 9.694653634111737306e-01 0.000000000000000000e+00
4.260489142865953038e-01 -3.805364564277729893e-03 0.000000000000000000e+00 -3.169137574592827133e-02 1.369741573682089042e+00 0.000000000000000000e+00
4.917849397290043334e-01 5.228732518063312559e-03 0.000000000000000000e+00 4.130614965072640365e-01 1.068068414906311547e+00 0.000000000000000000e+00
6.271650671451836079e-01 -1.121671634160548159e-05 0.000000000000000000e+00 -4.722642387281752452e-01 6.029875012167126291e-01 0.000000000000000000e+00
4.427107264259166897e-01 -5.311368818366550212e-03 0.000000000000000000e+00 -1.434366654189329071e-01 1.301810083580120736e+00 0.000000000000000000e+00
4.860644367146702560e-01 -1.005278005001098568e-03 0.000000000000000000e+00 3.774341719627907210e-01 1.100587824797054859e+00 0.000000000000000000e+00
6.150717006372881102e-01 1.275665728775767643e-03 0.000000000000000000e+00 -4.641881540971286024e-01 6.470920293166881887e-01 0.000000000000000000e+00
4.456870542054074402e-01 -1.322066460210412093e-03 0.000000000000000000e+00 -6.376771529446420561e-02 1.297698366810860815e+00 0.000000000000000000e+00
5.437771460519413846e-01 9.905347452858447033e-04 0.000000000000000000e+00 4.388227549552616846e-01 8.858156402434759213e-01 0.000000000000000000e+00
-9.145343700439139134e-01 3.234806508617451008e-05 0.000000000000000000e+00 -1.553182487382798738e-01 6.646397724421954090e-02 0.000000000000000000e+00
5.207456816377222797e-01 2.299185372033473937e-03 0.000000000000000000e+00 -4.215850860814149281e-01 9.681721710099892020e-01 0.000000000000000000e+00
4.465678757857534098e-01 -2.957403973639213465e-03 0.000000000000000000e+00 1.151148882416110214e-01 1.291016207117675618e+00 0.000000000000000000e+00
6.433491023939676978e-01 -1.228208047454987586e-03 0.000000000000000000e+00 4.591574500340910303e-01 5.623775157663175595e-01 0.000000000000000000e+00
4.813249099819520982e-01 -2.439494550380161102e-03 0.000000000000000000e+00 -3.795045087020555430e-01 1.116041956584330919e+00 0.000000000000000000e+00
4.338666833482118790e-01 2.371058035339866990e-03 0.000000000000000000e+00 1.134646917459014165e-01 1.336701274666856287e+00 0.000000000000000000e+00
5.730097842754533488e-01 3.164786717246124634e-03 0.000000000000000000e+00 4.797060910459759464e-01 7.696705827510138542e-01 0.000000000000000000e+00
5.169457694619541410e-01 1.483484578063614528e-03 0.000000000000000000e+00 -4.597172278257107281e-01 9.633405959865846135e-01 0.000000000000000000e+00
4.273666741878395237e-01 -3.261606447320283472e-03 0.000000000000000000e+00 -2.496465255378019568e-02 1.365028846554277475e+00 0.000000000000000000e+00
4.970181336554148066e-01 1.048109633599024568e-03 0.000000000000000000e+00 4.267739821841167180e-01 1.044930267872944851e+00 0.000000000000000000e+00
6.066433201362824157e-01 1.466078376865295263e-03 0.000000000000000000e+00 -4.796918870993837625e-01 6.624983621603443007e-01 0.000000000000000000e+00
4.391041521264743563e-01 3.900647729533380029e-03 0.000000000000000000e+00 -1.439811696582857514e-01 1.314734045794330175e+00 0.000000000000000000e+00
4.846318552484188968e-01 -5.476724083793447530e-03 0.000000000000000000e+00 3.894216279245500401e-01 1.101193832258089422e+00 0.000000000000000000e+00
6.159580919729474857e-01 2.728024506789231141e-03 0.000000000000000000e+00 -4.671754432638810517e-01 6.421426617693295480e-01 0.000000000000000000e+00
4.446978084721165958e-01 4.567272630540419182e-03 0.000000000000000000e+00 -8.478703871590713426e-02 1.299916295951293321e+00 0.000000000000000000e+00
5.338482362712215767e-01 -6.344112479365320717e-04 0.000000000000000000e+00 4.346973768373779134e-01 9.197131318808711153e-01 0.000000000000000000e+00
-9.432870829124191392e-01 -2.237380749056938622e-04 0.000000000000000000e+00 -2.280541414603575942e-02 1.214989303348389393e-01 0.000000000000000000e+00
5.298968845469547162e-01 1.447550019835170537e-03 0.000000000000000000e+00 -4.322262544872144674e-01 9.336443377481848938e-01 0.000000000000000000e+00
4.453882982182348904e-01 3.723752601813093595e-03 0.000000000000000000e+00 7.947206440809916062e-02 1.297839640067251832e+00 0.000000000000000000e+00
6.215684914666259608e-01 -1.077725644408411912e-03 0.000000000000000000e+00 4.648685071482526743e-01 6.262586845548969716e-01 0.000000000000000000e+00
4.836894954188721285e-01 5.110026280348557888e-03 0.000000000000000000e+00 -3.894051950679376928e-01 1.104438039191694809e+00 0.000000000000000000e+00
4.381569460986565745e-01 -1.950158573666619863e-03 0.000000000000000000e+00 1.367145538187917453e-01 1.318970169851434227e+00 0.000000000000000000e+00
6.000259923401753959e-01 1.286957857573114983e-04 0.000000000000000000e+00 4.797297830181829204e-01 6.835155228569567143e-01 0.000000000000000000e+00
5.019262947987190859e-01 -4.272589013457346596e-03 0.000000000000000000e+00 -4.277373465850691225e-01 1.027892239602453017e+00 0.000000000000000000e+00
4.274339920509863111e-01 5.607461824310858503e-03 0.000000000000000000e+00 1.169949695877196133e-02 1.364869249729659728e+00 0.000000000000000000e+00
5.149399210569036711e-01 2.505088773437670613e-04 0.000000000000000000e+00 4.536770256238994992e-01 9.728984980031518681e-01 0.000000000000000000e+00
5.730068501022800298e-01 2.767167293219371590e-03 0.000000000000000000e+00 -4.866036812894257713e-01 7.653450160323973517e-01 0.000000000000000000e+00
4.338624226623729596e-01 5.277474062958533232e-03 0.000000000000000000e+00 -1.273166434506457778e-01 1.335375127564431441e+00 0.000000000000000000e+00
4.814352093476736982e-01 -8.330778096443513386e-04 0.000000000000000000e+00 3.850676245141284038e-01 1.113774918541138748e+00 0.000000000000000000e+00
6.408877226237126301e-01 -2.185144273274980311e-03 0.000000000000000000e+00 -4.573694026040651117e-01 5.715400467723807942e-01 0.000000000000000000e+00
4.463462690838616576e-01 -1.180903078636720907e-03 0.000000000000000000e+00 -1.056555198624927749e-01 1.292636475879996416e+00 0.000000000000000000e+00
5.214920083474190449e-01 -3.993486644873131541e-04 0.000000000000000000e+00 4.201177468632200651e-01 9.663934309959085756e-01 0.000000000000000000e+00
-9.120616092847517731e-01 1.303537104708496226e-04 0.000000000000000000e+00 1.616235732689444982e-01 6.192516501875471729e-02 0.000000000000000000e+00
5.447347245057924114e-01 -1.946003829924682765e-03 0.000000000000000000e+00 -4.388895263560771420e-01 8.827148677007639055e-01 0.000000000000000000e+00
4.453651121955584102e-01 5.357952182903294967e-03 0.000000000000000000e+00 5.346503018524924322e-02 1.299193404450038836e+00 0.000000000000000000e+00
6.121771593547482571e-01 1.530236690357601737e-03 0.000000000000000000e+00 4.619433095231328390e-01 6.577270247584883212e-01 0.000000000000000000e+00
4.891910900009758256e-01 -3.326813611665566800e-03 0.000000000000000000e+00 -3.742938064755003125e-01 1.091045536771737101e+00 0.000000000000000000e+00
4.428886072400548546e-01 6.083402986472166013e-03 0.000000000000000000e+00 1.394552599648139490e-01 1.301573206716057030e+00 0.000000000000000000e+00
6.253580397697381388e-01 -2.245052190802442407e-03 0.000000000000000000e+00 4.744956814882417828e-01 6.069636634032842260e-01 0.000000000000000000e+00
4.914519186842473131e-01 -5.113593298779103499e-03 0.000000000000000000e+00 -4.115468243044323460e-01 1.069790983561560882e+00 0.000000000000000000e+00
4.263148525006885681e-01 -1.754920102338221322e-03 0.000000000000000000e+00 4.548355382108944939e-02 1.368419036200420491e+00 0.000000000000000000e+00
5.176862174653233950e-01 -8.095535370295460151e-04 0.000000000000000000e+00 4.622677919809672353e-01 9.596498285835193265e-01 0.000000000000000000e+00
5.733094478943132621e-01 -1.333046258707946616e-03 0.000000000000000000e+00 -4.840703624847642605e-01 7.659936952018122636e-01 0.000000000000000000e+00
4.330273830979712857e-01 3.252929867588058577e-03 0.000000000000000000e+00 -1.343512358000108486e-01 1.337807023715233967e+00 0.000000000000000000e+00
4.761239952295605593e-01 3.864521515547749558e-03 0.000000000000000000e+00 3.661425865490450793e-01 1.138315439412669550e+00 0.000000000000000000e+00
6.662224278942950884e-01 7.004523355266384366e-04 0.000000000000000000e+00 -4.456445107162854136e-01 5.019006005713197993e-01 0.000000000000000000e+00
4.505695406893472921e-01 -3.981277874870006381e-03 0.000000000000000000e+00 -9.988574201163777366e-02 1.278213465752273237e+00 0.000000000000000000e+00
5.359905081381817205e-01 -1.582182752921431484e-04 0.000000000000000000e+00 4.268690378411218456e-01 9.164937413720468662e-01 0.000000000000000000e+00
-9.387291997495615936e-01 9.500246170967424630e-05 0.000000000000000000e+00 -6.927916050021018513e-02 1.104693087944816909e-01 0.000000000000000000e+00
5.237476853443800984e-01 3.941650826189283321e-03 0.000000000000000000e+00 -4.199900361652655900e-01 9.590612061979302272e-01 0.000000000000000000e+00
4.516838324584399045e-01 3.689779446263795684e-03 0.000000000000000000e+00 1.230100295885038636e-01 1.272312815906175398e+00 0.000000000000000000e+00
6.872297868275679678e-01 9.739788447113081893e-04 0.000000000000000000e+00 4.342680834741626250e-01 4.458124373236522220e-01 0.000000000000000000e+00
4.730873748758456232e-01 -1.311539243187285000e-03 0.000000000000000000e+00 -3.825799737704072001e-01 1.143502667173957210e+00 0.000000000000000000e+00
4.266580284400330880e-01 2.685000541768407800e-03 0.000000000000000000e+00 8.562311209192612071e-02 1.365208252079533890e+00 0.000000000000000000e+00
5.310715018989455860e-01 -1.912466158059880975e-03 0.000000000000000000e+00 4.797622743087334163e-01 9.062332066309927159e-01 0.000000000000000000e+00
-9.163167368250965117e-01 2.235325931418861664e-04 0.000000000000000000e+00 1.432972328270893658e-01 8.377160187929225121e-02 0.000000000000000000e+00
5.571529379866748677e-01 5.845954814016427609e-04 0.000000000000000000e+00 -4.883355054765657899e-01 8.156881356131144845e-01 0.000000000000000000e+00
4.298945944848454603e-01 2.789240877519480813e-03 0.000000000000000000e+00 -1.344322648031390510e-01 1.349301620622060494e+00 0.000000000000000000e+00
4.665675498555894585e-01 -1.218105843901984460e-03 0.000000000000000000e+00 3.628755601537426712e-01 1.172653642455388390e+00 0.000000000000000000e+00
7.082896934920608345e-01 -1.243559104821928682e-03 0.000000000000000000e+00 -4.171530015046389650e-01 3.954124253534449518e-01 0.000000000000000000e+00
4.545336067711763239e-01 3.441363266627657687e-03 0.000000000000000000e+00 -1.136830833607003766e-01 1.263282114495130504e+00 0.000000000000000000e+00
5.516376371798148437e-01 1.823614012133618206e-03 0.000000000000000000e+00 4.284174774819214937e-01 8.660062074449041969e-01 0.000000000000000000e+00
5.097092081673515462e-01 3.707893357255022740e-03 0.000000000000000000e+00 -3.877062418993048043e-01 1.018016699580878148e+00 0.000000000000000000e+00
4.613520245269482345e-01 1.228419336026661916e-03 0.000000000000000000e+00 1.926307434929986906e-01 1.230106381529432635e+00 0.000000000000000000e+00
7.280203783847949417e-01 8.200220208079648382e-04 0.000000000000000000e+00 -3.802329908587817608e-01 3.711780697547896191e-01 0.000000000000000000e+00
4.882425928030477147e-01 -1.525919741439685402e-03 0.000000000000000000e+00 1.159955979220003985e-01 1.150663270589738163e+00 0.000000000000000000e+00
6.076171461990753642e-01 -2.319819183503593271e-03 0.000000000000000000e+00 -3.881653659271754320e-01 7.170919645179130164e-01 0.000000000000000000e+00
5.281074083579528899e-01 4.766108790551618762e-03 0.000000000000000000e+00 2.754855007815405488e-01 9.966650818947135893e-01 0.000000000000000000e+00
-9.461822252926724852e-01 -2.182134591612271395e-04 0.000000000000000000e+00 -7.031333642442563758e-02 9.655553036568251257e-02 0.000000000000000000e+00
5.212838675865446580e-01 -3.090585009646154395e-03 0.000000000000000000e+00 -2.582686351936036573e-01 1.022218221673454108e+00 0.000000000000000000e+00
6.219132393926518620e-01 3.194612060610603228e-03 0.000000000000000000e+00 3.929083706779527563e-01 6.727095886880933850e-01 0.000000000000000000e+00
4.858452195274025609e-01 -2.119567692897481731e-03 0.000000000000000000e+00 -1.009524768870055100e-01 1.159790001098983669e+00 0.000000000000000000e+00
7.253610004219523955e-01 -9.533781088708025153e-04 0.000000000000000000e+00 3.832801516087603333e-01 3.763376980274193428e-01 0.000000000000000000e+00
4.612701128319843802e-01 -4.132631298104979395e-04 0.000000000000000000e+00 -2.038564104662072551e-01 1.228583982618011161e+00 0.000000000000000000e+00
5.037228082347668945e-01 -2.078306226345618714e-03 0.000000000000000000e+00 3.760210811522051166e-01 1.042030051223039377e+00 0.000000000000000000e+00
5.611052898824385737e-01 1.452376716720236993e-03 0.000000000000000000e+00 -4.409539951390314405e-01 8.297787928088694587e-01 0.000000000000000000e+00
4.533598860375337991e-01 4.588387314113391742e-03 0.000000000000000000e+00 7.596483222528435664e-02 1.270136340131249764e+00 0.000000000000000000e+00
6.753338742719290355e-01 -5.477828523075115898e-04 0.000000000000000000e+00 4.371267838460830557e-01 4.808525769196840827e-01 0.000000000000000000e+00
4.732775528092940664e-01 -5.122392446622615544e-03 0.000000000000000000e+00 -3.462710851971942949e-01 1.154266439351235629e+00 0.000000000000000000e+00
4.382540650157448758e-01 2.536272643315581367e-03 0.000000000000000000e+00 1.578436487220392370e-01 1.316250825586937179e+00 0.000000000000000000e+00
6.053578910849607420e-01 1.393627843273206185e-03 0.000000000000000000e+00 4.817246781723485416e-01 6.651216806954705074e-01 0.000000000000000000e+00
5.025421012962565381e-01 -3.210649611956444167e-03 0.000000000000000000e+00 -4.402286317530123005e-01 1.020552092113237830e+00 0.000000000000000000e+00
4.240866635705130561e-01 6.524491420513570464e-03 0.000000000000000000e+00 -2.395638103980011341e-02 1.377056974961567981e+00 0.000000000000000000e+00
4.925315302735854828e-01 -1.114974217407927945e-03 0.000000000000000000e+00 4.329444217255785654e-01 1.057700477717710585e+00 0.000000000000000000e+00
6.228256562938571106e-01 -6.382199399286858643e-04 0.000000000000000000e+00 -4.756961280566295858e-01 6.140875637980639512e-01 0.000000000000000000e+00
4.406856510640747016e-01 1.484203090306064621e-03 0.000000000000000000e+00 -1.665992013673964489e-01 1.306419801702298322e+00 0.000000000000000000e+00
4.772976464471113678e-01 -5.672489087765624806e-04 0.000000000000000000e+00 3.612036015219106666e-01 1.135905062353402828e+00 0.000000000000000000e+00
6.487376249495395708e-01 -1.012814832205704424e-03 0.000000000000000000e+00 -4.505289599748047991e-01 5.525458513147170070e-01 0.000000000000000000e+00
4.496760184092252199e-01 -4.317360434256871035e-03 0.000000000000000000e+00 -7.448595936542073970e-02 1.283053544553382164e+00 0.000000000000000000e+00
5.489315729690973367e-01 6.115848991007661467e-04 0.000000000000000000e+00 4.366357987563853627e-01 8.704837753432925762e-01 0.000000000000000000e+00
5.150939155613833975e-01 2.417113455928246793e-04 0.000000000000000000e+00 -4.016114154709356510e-01 9.950116111729292445e-01 0.000000000000000000e+00
4.534133577712060603e-01 6.178939517161302977e-03 0.000000000000000000e+00 1.426353053476685506e-01 1.264138946220566329e+00 0.000000000000000000e+00
7.092111772855802521e-01 4.682942086000852974e-04 0.000000000000000000e+00 4.213698830385929628e-01 3.878978227563539827e-01 0.000000000000000000e+00
8.542455803219126675e-01 1.815473033280834371e-04 0.000000000000000000e+00 -2.763308513179377757e-01 3.798445697548033517e-02 0.000000000000000000e+00
4.672263201443827008e-01 3.666511191838521533e-03 0.000000000000000000e+00 -3.888938086778767067e-01 1.161914264981890099e+00 0.000000000000000000e+00
4.236485572412272416e-01 2.979694064278035764e-03 0.000000000000000000e+00 7.516583726644258945e-02 1.376995562469137457e+00 0.000000000000000000e+00
5.197866463395632852e-01 3.807543661303576174e-03 0.000000000000000000e+00 4.661937921559974329e-01 9.506830309775378129e-01 0.000000000000000000e+00
5.809790730968260597e-01 -9.957070875745519661e-04 0.000000000000000000e+00 -4.911404330892559789e-01 7.367024203899634749e-01 0.000000000000000000e+00
4.338354699209332477e-01 -4.777542557401746361e-03 0.000000000000000000e+00 -1.627632196338424930e-01 1.331645884441910344e+00 0.000000000000000000e+00
4.575787096883475180e-01 -1.018207540924477225e-03 0.000000000000000000e+00 3.300726490108342182e-01 1.213909970105039093e+00 0.000000000000000000e+00
7.495912643252402585e-01 4.973669646373413133e-04 0.000000000000000000e+00 4.023896217613118775e-01 2.710215270548851363e-01 0.000000000000000000e+00
7.425578522015411354e-01 3.387774749966374673e-04 0.000000000000000000e+00 -4.079670989204726150e-01 2.892126061272752846e-01 0.000000000000000000e+00
4.574834929212160395e-01 -4.761215515737320103e-03 0.000000000000000000e+00 -3.027718552009183162e-01 1.221256321730654015e+00 0.000000000000000000e+00
4.387707659301386398e-01 1.413801365061561829e-04 0.000000000000000000e+00 2.018114396999981797e-01 1.308385991307559726e+00 0.000000000000000000e+00
6.134448999339617847e-01 -2.136820136324211680e-03 0.000000000000000000e+00 4.884278683987166580e-01 6.342295974387829327e-01 0.000000000000000000e+00
5.019679789843505269e-01 -2.213754126129876144e-03 0.000000000000000000e+00 -4.546661262624412392e-01 1.016177503539936744e+00 0.000000000000000000e+00
4.201551764541378575e-01 5.093595781912096075e-03 0.000000000000000000e+00 -6.597627444738843328e-02 1.390469997419500947e+00 0.000000000000000000e+00
4.692033786471018209e-01 3.424522471408078528e-03 0.000000000000000000e+00 3.866954039034011803e-01 1.155691150065228712e+00 0.000000000000000000e+00
8.123132343513046472e-01 2.418960769159661257e-04 0.000000000000000000e+00 3.356085264569113047e-01 1.241325850475716031e-01 0.000000000000000000e+00
7.132940790485475802e-01 1.159310613978383961e-03 0.000000000000000000e+00 -4.229374248565813676e-01 3.726129933003520245e-01 0.000000000000000000e+00
4.521682392386054961e-01 -7.358163124967734975e-04 0.000000000000000000e+00 -1.898779054840752656e-01 1.262420461622275836e+00 0.000000000000000000e+00
4.911669253242854638e-01 2.630827097970543649e-03 0.000000000000000000e+00 3.608467090279244838e-01 1.088951817479707485e+00 0.000000000000000000e+00
5.960804870172067282e-01 2.555081195821540252e-03 0.000000000000000000e+00 -4.607309892261900464e-01 7.087641904835538798e-01 0.000000000000000000e+00
4.477407592194613262e-01 -8.346048509086725908e-05 0.000000000000000000e+00 -1.061051609840364326e-02 1.292010433189795471e+00 0.000000000000000000e+00
5.858436686289918427e-01 1.538645901314916742e-03 0.000000000000000000e+00 4.538940029109412855e-01 7.450187834803365661e-01 0.000000000000000000e+00
4.941858352818169764e-01 3.023718859296437717e-03 0.000000000000000000e+00 -3.756413413021263414e-01 1.073801362434135154e+00 0.000000000000000000e+00
4.536916478167687394e-01 4.721523096952771371e-03 0.000000000000000000e+00 1.793269114321136004e-01 1.258550399115464291e+00 0.000000000000000000e+00
7.250384960356992536e-01 1.551282031071524225e-03 0.000000000000000000e+00 4.117584048519473683e-01 3.460423652826531971e-01 0.000000000000000000e+00
7.914663998161312053e-01 2.923653856340730113e-04 0.000000000000000000e+00 -3.598932414874655983e-01 1.722287441426652577e-01 0.000000000000000000e+00
4.654061059619963858e-01 -4.592768670778882636e-03 0.000000000000000000e+00 -3.583851819954388396e-01 1.178041861206731156e+00 0.000000000000000000e+00
4.252468382707877970e-01 -6.606335819820804631e-03 0.000000000000000000e+00 1.211477128679825099e-01 1.367601224380361025e+00 0.000000000000000000e+00
5.340365903135033676e-01 -6.295825793892423708e-05 0.000000000000000000e+00 4.824468333287033062e-01 8.949766663860732052e-01 0.000000000000000000e+00
-9.200279913333692106e-01 3.506199166065774621e-04 0.000000000000000000e+00 1.307052691332883376e-01 9.208402501987665578e-02 0.000000000000000000e+00
5.558769196911452770e-01 3.706967422762644151e-03 0.000000000000000000e+00 -4.957626042214936524e-01 8.153433373866025846e-01 0.000000000000000000e+00
4.300468882813232030e-01 -4.403254363816801881e-03 0.000000000000000000e+00 -1.384185469717529593e-01 1.348291272584283274e+00 0.000000000000000000e+00
4.592607710908609420e-01 -9.691174149555181055e-04 0.000000000000000000e+00 3.444174925464432713e-01 1.203941544145778586e+00 0.000000000000000000e+00
7.552596251389127602e-01 -1.027578553139276915e-03 0.000000000000000000e+00 3.982971763718264890e-01 2.555185533044879165e-01 0.000000000000000000e+00
7.382186817368829868e-01 -5.804163576579833561e-04 0.000000000000000000e+00 -4.092978412269511201e-01 3.031884374973641272e-01 0.000000000000000000e+00
4.553583006498293506e-01 -3.195481909674494168e-03 0.000000000000000000e+00 -2.771424279074765074e-01 1.234851652992518201e+00 0.000000000000000000e+00
4.496597064049395742e-01 5.418739522168293521e-03 0.000000000000000000e+00 2.389546635311721734e-01 1.262835342584959442e+00 0.000000000000000000e+00
6.856575416988022198e-01 -5.557754816586410289e-04 0.000000000000000000e+00 4.502099282305082051e-01 4.349213775678726357e-01 0.000000000000000000e+00
4.851988443260898398e-01 -4.466792202881956705e-03 0.000000000000000000e+00 -4.502098015915460549e-01 1.075844800594901285e+00 0.000000000000000000e+00
4.126297986016648212e-01 3.790444705151741270e-03 0.000000000000000000e+00 -9.623763327156426017e-02 1.417382369447941937e+00 0.000000000000000000e+00
4.427834246080746272e-01 6.074020851573712874e-03 0.000000000000000000e+00 3.273713240051904783e-01 1.267838787039980097e+00 0.000000000000000000e+00
6.115936018392682527e-01 -2.109695278869504285e-03 0.000000000000000000e+00 5.122733164429051911e-01 6.212695526715545924e-01 0.000000000000000000e+00
5.291736485107176868e-01 -3.350089049798883872e-03 0.000000000000000000e+00 -5.172018176468409223e-01 8.918413969105374317e-01 0.000000000000000000e+00
4.203082423579752591e-01 3.189910020921514315e-03 0.000000000000000000e+00 -2.798578306871463139e-01 1.363118953883594831e+00 0.000000000000000000e+00
4.065012209242424568e-01 -5.706713441487796384e-03 0.000000000000000000e+00 1.368232034051217738e-01 1.437751972466286610e+00 0.000000000000000000e+00
4.727199636450551967e-01 4.712290114970507995e-03 0.000000000000000000e+00 4.519351161226387026e-01 1.119159619176732345e+00 0.000000000000000000e+00
7.105332948829132800e-01 -1.422647056111904160e-03 0.000000000000000000e+00 4.546645888223969090e-01 3.434206430416576472e-01 0.000000000000000000e+00
7.524914862007194838e-01 -5.491746209013915374e-04 0.000000000000000000e+00 -4.169985725930713816e-01 2.357632535757477332e-01 0.000000000000000000e+00
4.939865215707595070e-01 -4.352236648172762637e-03 0.000000000000000000e+00 -5.086142769817617593e-01 1.018277302829246889e+00 0.000000000000000000e+00
4.118207574330960963e-01 -2.247462128975460504e-03 0.000000000000000000e+00 -2.654036978067977892e-01 1.398859784908694337e+00 0.000000000000000000e+00
3.976216899811983452e-01 5.359279457844562389e-03 0.000000000000000000e+00 7.761595933305326378e-02 1.477258932626714483e+00 0.000000000000000000e+00
4.383306042535886071e-01 -3.444635047698011050e-03 0.000000000000000000e+00 4.172367611857723535e-01 1.258037014665881248e+00 0.000000000000000000e+00
5.704199426744982482e-01 -3.330108443413293956e-03 0.000000000000000000e+00 5.480528149470693666e-01 7.314546017878900130e-01 0.000000000000000000e+00
-9.304540792976436769e-01 -5.278921695638782042e-04 0.000000000000000000e+00 4.836009938048772827e-02 1.347304878391656913e-01 0.000000000000000000e+00
5.875663547737419723e-01 -3.154983344644431142e-06 0.000000000000000000e+00 -5.378886089684542515e-01 6.810310558324268460e-01 0.000000000000000000e+00
4.451114601199661625e-01 -5.571976502817667896e-03 0.000000000000000000e+00 -4.072122975213954277e-01 1.235865589981139712e+00 0.000000000000000000e+00
3.987652152878001233e-01 1.155637464748341531e-04 0.000000000000000000e+00 -8.965040171667748581e-02 1.472151810105287062e+00 0.000000000000000000e+00
4.130060993443618877e-01 -3.720422097770256006e-03 0.000000000000000000e+00 2.826732775221664218e-01 1.390791359834539609e+00 0.000000000000000000e+00
4.981729851044100488e-01 -3.031685045159691200e-03 0.000000000000000000e+00 5.238897552032595328e-01 9.956793138704701507e-01 0.000000000000000000e+00
8.247989446375452172e-01 2.823915668464858746e-04 0.000000000000000000e+00 3.245931225511007323e-01 7.771094021642774297e-02 0.000000000000000000e+00
6.906512568079903325e-01 -2.850007473500885957e-04 0.000000000000000000e+00 -4.622240288043557577e-01 4.049924775389933673e-01 0.000000000000000000e+00
4.565139636819091074e-01 -3.995492963607231995e-04 0.000000000000000000e+00 -3.825233403775406549e-01 1.202262968084719219e+00 0.000000000000000000e+00
4.140661954140692491e-01 4.250831472417080335e-03 0.000000000000000000e+00 3.319823825111325316e-02 1.414742815231544881e+00 0.000000000000000000e+00
4.782655361575818276e-01 4.002640376194591121e-03 0.000000000000000000e+00 4.299572759018426837e-01 1.108265620928550632e+00 0.000000000000000000e+00
6.987230645610886803e-01 9.549634747622690739e-04 0.000000000000000000e+00 -4.384043692623217359e-01 4.040995229594273597e-01 0.000000000000000000e+00
4.494048233280574234e-01 3.659524398025431127e-03 0.000000000000000000e+00 -2.348992591023880139e-01 1.264560655008497569e+00 0.000000000000000000e+00
4.643350826346947513e-01 -5.707042500434987564e-03 0.000000000000000000e+00 3.212397832857874502e-01 1.192391421603043344e+00 0.000000000000000000e+00
6.988354967061429779e-01 -1.516334268781266599e-03 0.000000000000000000e+00 -4.147395940897735667e-01 4.279950296827057521e-01 0.000000000000000000e+00
4.606975662880861133e-01 2.822178893155610942e-03 0.000000000000000000e+00 -3.300837644720508446e-02 1.246853502625429488e+00 0.000000000000000000e+00
6.423907242790166672e-01 -7.704530628633854406e-04 0.000000000000000000e+00 4.380065901362806824e-01 5.819359962439900613e-01 0.000000000000000000e+00
4.745561552044057496e-01 -1.546487881069614004e-03 0.000000000000000000e+00 -2.784399208958485694e-01 1.168217177226138048e+00 0.000000000000000000e+00
4.820810454688376767e-01 2.033219514109724582e-03 0.000000000000000000e+00 3.074518036409145116e-01 1.135458604402528104e+00 0.000000000000000000e+00
6.128990562035028233e-01 2.969035033043072262e-03 0.000000000000000000e+00 -4.490404701829994738e-01 6.643663901834597763e-01 0.000000000000000000e+00
4.565218068720874878e-01 2.677178902242247603e-03 0.000000000000000000e+00 2.854731509819545196e-02 1.261238586647772442e+00 0.000000000000000000e+00
6.675719643685161797e-01 1.672654082650936423e-03 0.000000000000000000e+00 4.335904528198361030e-01 5.081767718368073172e-01 0.000000000000000000e+00
4.727073594550077473e-01 -5.826024400573033904e-03 0.000000000000000000e+00 -3.087367708449108017e-01 1.166785889423222145e+00 0.000000000000000000e+00
4.548328846052881458e-01 -1.093549776599492263e-03 0.000000000000000000e+00 2.392831821240031243e-01 1.244615229367024289e+00 0.000000000000000000e+00
7.524292650097372803e-01 3.980000137423587298e-04 0.000000000000000000e+00 3.922153023728744969e-01 2.752572202592145079e-01 0.000000000000000000e+00
7.511010531451773886e-01 6.652075585801510080e-04 0.000000000000000000e+00 -3.938672302936301328e-01 2.777734814858852652e-01 0.000000000000000000e+00
4.561181349746885605e-01 -5.611845621836253351e-03 0.000000000000000000e+00 -2.299242897299948463e-01 1.241764166774990130e+00 0.000000000000000000e+00
4.710762685445826770e-01 1.034499090951612049e-03 0.000000000000000000e+00 3.146577209468847114e-01 1.170921259781671164e+00 0.000000000000000000e+00
6.657696228205819411e-01 2.487948174139949231e-03 0.000000000000000000e+00 -4.371255283813079151e-01 5.107353803239035317e-01 0.000000000000000000e+00
4.568151187404532743e-01 -1.780405640820381663e-03 0.000000000000000000e+00 -2.912280592724037984e-02 1.260233560906013350e+00 0.000000000000000000e+00
6.165490617824136432e-01 -9.689852512059365930e-04 0.000000000000000000e+00 4.464100030488992177e-01 6.549541581396429724e-01 0.000000000000000000e+00
4.801458758340191313e-01 2.506244078955841351e-03 0.000000000000000000e+00 -3.109695421763499779e-01 1.141008112456833201e+00 0.000000000000000000e+00
4.734526387560979432e-01 -5.755871489431865773e-03 0.000000000000000000e+00 2.915500730781733774e-01 1.168656459847956963e+00 0.000000000000000000e+00
6.386991791221979797e-01 1.652696570900992652e-03 0.000000000000000000e+00 -4.401693037528647268e-01 5.915915760058547690e-01 0.000000000000000000e+00
4.602692145970492810e-01 1.421839243191442507e-03 0.000000000000000000e+00 2.676916383581513445e-02 1.248483044537661346e+00 0.000000000000000000e+00
6.938560869177894386e-01 1.304532365892994896e-03 0.000000000000000000e+00 4.180076955206236677e-01 4.404805144612646828e-01 0.000000000000000000e+00
4.658266455258573968e-01 2.923091201255615529e-03 0.000000000000000000e+00 -3.170888710028724189e-01 1.188397114244386543e+00 0.000000000000000000e+00
4.502028228026866974e-01 -4.715647891360853945e-03 0.000000000000000000e+00 2.389049035562821333e-01 1.260942515274922293e+00 0.000000000000000000e+00
7.098604246420370245e-01 6.142720454966842363e-04 0.000000000000000000e+00 4.290980109608584225e-01 3.771514302183156531e-01 0.000000000000000000e+00
8.160756585965721621e-01 -1.308585662691593571e-04 0.000000000000000000e+00 -3.321791555562957354e-01 1.119444302543652625e-01 0.000000000000000000e+00
4.707308540788768259e-01 5.362214941578415626e-03 0.000000000000000000e+00 -4.310622063254314629e-01 1.134389256468906204e+00 0.000000000000000000e+00
4.148481089935145416e-01 2.930766559423964197e-03 0.000000000000000000e+00 -1.834061162975425888e-02 1.412074140417606927e+00 0.000000000000000000e+00
4.675871856097556512e-01 4.269219857368070081e-03 0.000000000000000000e+00 3.996701450946662515e-01 1.156962523114325680e+00 0.000000000000000000e+00
7.537305019483184765e-01 -7.786930572055853275e-04 0.000000000000000000e+00 4.051817706351368287e-01 2.506208952092649489e-01 0.000000000000000000e+00
7.287892068306638382e-01 7.547843404687440069e-04 0.000000000000000000e+00 -4.242229631757867825e-01 3.172071931671274214e-01 0.000000000000000000e+00
4.573374312519170037e-01 -8.252180565718001543e-04 0.000000000000000000e+00 -3.412927221119543275e-01 1.211667680342320530e+00 0.000000000000000000e+00
4.266686759085681624e-01 -4.836217343599905766e-03 0.000000000000000000e+00 1.463581852917426041e-01 1.359932835334263679e+00 0.000000000000000000e+00
5.479112950655955494e-01 3.660236387495120064e-03 0.000000000000000000e+00 4.851259956261831929e-01 8.477338874411168845e-01 0.000000000000000000e+00
-9.393861016937260500e-01 8.530802280345018557e-05 0.000000000000000000e+00 6.251236835528246709e-03 1.292788978213300632e-01 0.000000000000000000e+00
5.487089447555002497e-01 -2.887942392547568349e-03 0.000000000000000000e+00 -4.865350890155342167e-01 8.443259186420812856e-01 0.000000000000000000e+00
4.270531493408036283e-01 3.083078315494171967e-03 0.000000000000000000e+00 -1.451552897495308470e-01 1.358694778937964420e+00 0.000000000000000000e+00
4.563917890583522596e-01 -1.803413963089051456e-03 0.000000000000000000e+00 3.442513702602901793e-01 1.214192557009805995e+00 0.000000000000000000e+00
7.272202561422671518e-01 -1.035461007240617284e-03 0.000000000000000000e+00 4.256844209559375036e-01 3.209364820002590379e-01 0.000000000000000000e+00
7.545613675364839512e-01 1.106626437167732881e-03 0.000000000000000000e+00 -4.047688756892050543e-01 2.479601518016647521e-01 0.000000000000000000e+00
4.655632399060992133e-01 3.567031212687187328e-03 0.000000000000000000e+00 -4.162076059909635140e-01 1.158354951539371402e+00 0.000000000000000000e+00
4.142571916032996571e-01 2.431616978140432525e-03 0.000000000000000000e+00 -8.314299034521358683e-04 1.414458953657705020e+00 0.000000000000000000e+00
4.683154454721588089e-01 -9.077139315675029213e-04 0.000000000000000000e+00 4.166187295428752657e-01 1.148444533273377921e+00 0.000000000000000000e+00
7.692526505780961088e-01 -3.897811035059518163e-04 0.000000000000000000e+00 3.888879856121370548e-01 2.144887679876782971e-01 0.000000000000000000e+00
7.236549794975953853e-01 -6.195552872436333250e-04 0.000000000000000000e+00 -4.244565679527981805e-01 3.352475726297098335e-01 0.000000000000000000e+00
4.543181621222865951e-01 -1.177144914826230154e-03 0.000000000000000000e+00 -3.002735759717468089e-01 1.233160600378546468e+00 0.000000000000000000e+00
4.390218030438663988e-01 -6.345603352611479953e-04 0.000000000000000000e+00 2.102962039287438190e-01 1.306138726877229095e+00 0.000000000000000000e+00
6.169369016475272360e-01 -1.357756514442105128e-03 0.000000000000000000e+00 4.873592899664332956e-01 6.238385687285670222e-01 0.000000000000000000e+00
5.026228648437394142e-01 -4.507288044613769196e-03 0.000000000000000000e+00 -4.534248022929504573e-01 1.014454953079021227e+00 0.000000000000000000e+00
4.195524687459979418e-01 3.608297576235450742e-03 0.000000000000000000e+00 -7.081209943258537365e-02 1.392560949216062660e+00 0.000000000000000000e+00
4.622373160942846448e-01 -5.629251840044323212e-03 0.000000000000000000e+00 3.928794537768903750e-01 1.178235178286571205e+00 0.000000000000000000e+00
7.656183087822439060e-01 4.338715060565688899e-04 0.000000000000000000e+00 3.902551100129403316e-01 2.273018575755414994e-01 0.000000000000000000e+00
7.275558242278284959e-01 1.132102260216759013e-03 0.000000000000000000e+00 -4.200574819960501971e-01 3.270810876214850782e-01 0.000000000000000000e+00
4.551960937148325503e-01 -5.310647225397440233e-03 0.000000000000000000e+00 -2.777277298235559799e-01 1.235225146518903694e+00 0.000000000000000000e+00
4.457275849089405995e-01 -1.172398850926774198e-03 0.000000000000000000e+00 2.403426816103855224e-01 1.276714398281128870e+00 0.000000000000000000e+00
6.668703247096110509e-01 1.627832083624217857e-03 0.000000000000000000e+00 4.610785862389663037e-01 4.856600887289768131e-01 0.000000000000000000e+00
4.891498295599793766e-01 -2.188775414504257749e-03 0.000000000000000000e+00 -4.553915710126812399e-01 1.059945479524962986e+00 0.000000000000000000e+00
4.149943540804557629e-01 -5.343569004668364056e-03 0.000000000000000000e+00 -7.460025019353461184e-02 1.409574845253148467e+00 0.000000000000000000e+00
4.466692804306741649e-01 7.741877603190273210e-04 0.000000000000000000e+00 3.479668268383159235e-01 1.248252976073473519e+00 0.000000000000000000e+00
6.411572869786235085e-01 4.704643675027952044e-04 0.000000000000000000e+00 4.944414610804179766e-01 5.389188032630306546e-01 0.000000000000000000e+00
5.179157322291907395e-01 -3.225647904780909805e-03 0.000000000000000000e+00 -5.168208627874455452e-01 9.305985269735170817e-01 0.000000000000000000e+00
4.172532721267647737e-01 4.387364198746686143e-03 0.000000000000000000e+00 -2.823578790828695784e-01 1.374325455907146054e+00 0.000000000000000000e+00
4.036946088503602925e-01 -1.481136151807720559e-03 0.000000000000000000e+00 1.155054192855359818e-01 1.450784556239053558e+00 0.000000000000000000e+00
4.618683081074097529e-01 5.624495792507682931e-03 0.000000000000000000e+00 4.356641069029174029e-01 1.164445233860116558e+00 0.000000000000000000e+00
6.538694102861262181e-01 -1.129797105635474419e-03 0.000000000000000000e+00 5.015523819985701071e-01 4.891503470778394425e-01 0.000000000000000000e+00
5.388098724414642771e-01 -3.842678697574916646e-03 0.000000000000000000e+00 -5.508040490388466104e-01 8.380318119035585767e-01 0.000000000000000000e+00
4.300857297525634282e-01 3.754487936081582836e-03 0.000000000000000000e+00 -4.233541027520087430e-01 1.287481863425115947e+00 0.000000000000000000e+00
3.919323105998079315e-01 3.773410072612891006e-03 0.000000000000000000e+00 -1.389393048312466128e-01 1.495845757028803291e+00 0.000000000000000000e+00
3.971320116862883109e-01 5.969864753539459203e-03 0.000000000000000000e+00 1.826710712298670325e-01 1.469923904764009803e+00 0.000000000000000000e+00
4.442343236994799605e-01 -3.731727420261589205e-03 0.000000000000000000e+00 4.664051814083703396e-01 1.218164149651638883e+00 0.000000000000000000e+00
5.697348083539897079e-01 -2.266272756185593040e-03 0.000000000000000000e+00 5.583503769707396369e-01 7.260121597385936765e-01 0.000000000000000000e+00
-9.105865506897031780e-01 -1.739602593021482430e-05 0.000000000000000000e+00 1.421433922285884888e-01 1.030685118650802590e-01 0.000000000000000000e+00
6.158369748366649965e-01 -2.725072602699631780e-03 0.000000000000000000e+00 -5.295344258752081590e-01 5.922006408275859446e-01 0.000000000000000000e+00
4.537247682424582207e-01 5.806260534876310497e-03 0.000000000000000000e+00 -4.765630951530015480e-01 1.178433788063012688e+00 0.000000000000000000e+00
4.006212650796531216e-01 -2.867272430416230138e-03 0.000000000000000000e+00 -1.789935200981075392e-01 1.456519471131615617e+00 0.000000000000000000e+00
3.995406397845664426e-01 5.794296919878230874e-03 0.000000000000000000e+00 1.543400206047068901e-01 1.463520576572173493e+00 0.000000000000000000e+00
4.510025117046878584e-01 -3.286422656904319783e-04 0.000000000000000000e+00 4.556242647287730985e-01 1.196928606710263132e+00 0.000000000000000000e+00
6.013261652760646392e-01 2.226974463848943250e-03 0.000000000000000000e+00 5.363840172824281272e-01 6.356055991512337133e-01 0.000000000000000000e+00
-9.267069213862025867e-01 3.610833465814123310e-05 0.000000000000000000e+00 -6.956982860462215812e-02 1.318670970374525575e-01 0.000000000000000000e+00
5.790838955086914375e-01 -1.496326237467745200e-03 0.000000000000000000e+00 -5.477572000588015744e-01 7.021215065303384462e-01 0.000000000000000000e+00
4.446961803655382628e-01 2.645494192091541429e-03 0.000000000000000000e+00 -4.550514311310878135e-01 1.220736387559996139e+00 0.000000000000000000e+00
3.971667354482705248e-01 -3.007919413652514543e-03 0.000000000000000000e+00 -1.633387602676835137e-01 1.472188630326111358e+00 0.000000000000000000e+00
3.971243494119324202e-01 2.771578847429658800e-03 0.000000000000000000e+00 1.635868067002900772e-01 1.472338533522641546e+00 0.000000000000000000e+00
4.445800430713839901e-01 -2.809009066626239146e-03 0.000000000000000000e+00 4.551924155982683962e-01 1.221117854159039062e+00 0.000000000000000000e+00
5.789348567680900892e-01 1.492043826761865755e-03 0.000000000000000000e+00 5.477986243541338451e-01 7.025985602874271763e-01 0.000000000000000000e+00
-9.267328896852096154e-01 -3.195442065513204831e-04 0.000000000000000000e+00 6.937116868238310530e-02 1.319250027384307189e-01 0.000000000000000000e+00
6.015855255075510666e-01 -2.401922714425621004e-03 0.000000000000000000e+00 -5.360575424604934192e-01 6.349975901531896838e-01 0.000000000000000000e+00
4.513528226531087206e-01 -5.695854477819495970e-04 0.000000000000000000e+00 -4.539910132071446336e-01 1.196245429307889463e+00 0.000000000000000000e+00
3.980583782591660125e-01 7.271198071613723182e-03 0.000000000000000000e+00 -1.803345722006986784e-01 1.466391179235096320e+00 0.000000000000000000e+00
4.004236497976474407e-01 7.973663419249057971e-04 0.000000000000000000e+00 1.835325733478914145e-01 1.456781240657144760e+00 0.000000000000000000e+00
4.577313346040182696e-01 3.758309539747294210e-03 0.000000000000000000e+00 4.605708204315426268e-01 1.170057718153289628e+00 0.000000000000000000e+00
6.149381908017126364e-01 9.952084338160508206e-04 0.000000000000000000e+00 5.316221702302887930e-01 5.934144530586568100e-01 0.000000000000000000e+00
-9.088757879150366481e-01 -3.221300812568882697e-04 0.000000000000000000e+00 -1.479372024161082488e-01 9.982649854674988110e-02 0.000000000000000000e+00
5.703862647988422463e-01 9.618504903088336694e-04 0.000000000000000000e+00 -5.566752575560338645e-01 7.250653734399084005e-01 0.000000000000000000e+00
4.443698538402071074e-01 3.252824385887890732e-03 0.000000000000000000e+00 -4.657776911073951975e-01 1.217905742686070436e+00 0.000000000000000000e+00
3.969917891230461127e-01 -5.046581369373390885e-03 0.000000000000000000e+00 -1.852963493992902666e-01 1.470212322860615650e+00 0.000000000000000000e+00
3.920114464741291660e-01 -1.322666615259655842e-03 0.000000000000000000e+00 1.326136005405623153e-01 1.496162575070621781e+00 0.000000000000000000e+00
4.308223564971579989e-01 -1.153020398197636583e-04 0.000000000000000000e+00 4.154309135248991369e-01 1.287291932042549325e+00 0.000000000000000000e+00
5.346728224975633159e-01 -5.139491007828014650e-04 0.000000000000000000e+00 5.571868308242727830e-01 8.482564242107466512e-01 0.000000000000000000e+00
6.582557343792528881e-01 -9.187077329783875645e-04 0.000000000000000000e+00 -4.968658262104146961e-01 4.789119979088114487e-01 0.000000000000000000e+00
4.623053950256463818e-01 -5.748902387989412478e-03 0.000000000000000000e+00 -4.355875857020602981e-01 1.162886747983027380e+00 0.000000000000000000e+00
4.041859310085362811e-01 -2.695102557526046598e-03 0.000000000000000000e+00 -1.066179517481391642e-01 1.449506973607745497e+00 0.000000000000000000e+00
4.189445983140863694e-01 1.666324011734934482e-03 0.000000000000000000e+00 2.727922649407809041e-01 1.369819380340765003e+00 0.000000000000000000e+00
5.198592024963437641e-01 3.635064548504647435e-03 0.000000000000000000e+00 5.168222941016979988e-01 9.239049295245387317e-01 0.000000000000000000e+00
6.389209756033709109e-01 -2.335977474584916870e-03 0.000000000000000000e+00 -4.945234482088543548e-01 5.462379533686504418e-01 0.000000000000000000e+00
4.467143183776598470e-01 -3.163533652237988068e-03 0.000000000000000000e+00 -3.439738826494341817e-01 1.249157376579188128e+00 0.000000000000000000e+00
4.139783132368509144e-01 -2.688709168596451968e-03 0.000000000000000000e+00 8.698972041415323209e-02 1.412844800815754143e+00 0.000000000000000000e+00
4.877352347355961015e-01 4.121070924463845001e-03 0.000000000000000000e+00 4.503638812981011208e-01 1.066959180464788881e+00 0.000000000000000000e+00
6.737346491819080629e-01 -3.972484344612376046e-04 0.000000000000000000e+00 -4.570992014419694716e-01 4.671476849850833002e-01 0.000000000000000000e+00
4.475728164592634450e-01 -3.223705246186387569e-03 0.000000000000000000e+00 -2.329420060540258741e-01 1.271456577351251838e+00 0.000000000000000000e+00
4.550732710563321626e-01 -3.936134195928633547e-03 0.000000000000000000e+00 2.962365104838697860e-01 1.231401613372805404e+00 0.000000000000000000e+00
7.510269753120912828e-01 5.589463159029793918e-04 0.000000000000000000e+00 3.977781910004206667e-01 2.724258529003203977e-01 0.000000000000000000e+00
7.472727498360616227e-01 -2.338735142348082746e-04 0.000000000000000000e+00 -4.005693750994986368e-01 2.823220795801607008e-01 0.000000000000000000e+00
4.545089866664241418e-01 3.694611156467844312e-03 0.000000000000000000e+00 -2.843849064017165418e-01 1.236194459106883858e+00 0.000000000000000000e+00
4.521313232470183241e-01 4.465695881085192213e-03 0.000000000000000000e+00 2.486761927681075401e-01 1.252230507097363610e+00 0.000000000000000000e+00
7.099412015361610262e-01 9.857487181294481010e-04 0.000000000000000000e+00 4.313655433992839572e-01 3.742838865974212892e-01 0.000000000000000000e+00
8.088783912444326152e-01 5.805671766308359745e-05 0.000000000000000000e+00 -3.422726349148735858e-01 1.254395734647723304e-01 0.000000000000000000e+00
4.763471940919429271e-01 -4.764781730595294383e-03 0.000000000000000000e+00 -4.274111016530633411e-01 1.115957691534967378e+00 0.000000000000000000e+00
4.131110448413535807e-01 -1.117300609011284869e-03 0.000000000000000000e+00 -4.063816068681883747e-02 1.418281100866696898e+00 0.000000000000000000e+00
4.520389786663807641e-01 -5.557207953652838761e-03 0.000000000000000000e+00 3.878611822630169126e-01 1.216651360138006455e+00 0.000000000000000000e+00
6.757951690126375865e-01 1.723342531251967000e-03 0.000000000000000000e+00 4.729747221199483986e-01 4.440755389249196328e-01 0.000000000000000000e+00
5.065607556226300323e-01 3.608576855831387153e-03 0.000000000000000000e+00 -5.335173467994880347e-01 9.608564145341362828e-01 0.000000000000000000e+00
4.180556260037321392e-01 -5.909425374597012531e-03 0.000000000000000000e+00 -2.908298816900012351e-01 1.369390979990631418e+00 0.000000000000000000e+00
3.971338967340515280e-01 6.105794355884984134e-04 0.000000000000000000e+00 5.430747373903110908e-02 1.480392594530684391e+00 0.000000000000000000e+00
4.337239767922153044e-01 -3.013584176340030826e-03 0.000000000000000000e+00 3.956615896021764001e-01 1.282402585137298434e+00 0.000000000000000000e+00
5.592922120961186794e-01 -1.916379341499109545e-03 0.000000000000000000e+00 5.460603198702398409e-01 7.709239978110260516e-01 0.000000000000000000e+00
-9.144987829585301542e-01 1.078212374048975221e-04 0.000000000000000000e+00 1.336996593901511599e-01 1.034180981354697604e-01 0.000000000000000000e+00
5.964654151360075929e-01 -6.393876953086213843e-04 0.000000000000000000e+00 -5.305658775435172503e-01 6.568552610820550530e-01 0.000000000000000000e+00
4.433437700092560663e-01 1.142146479311510754e-03 0.000000000000000000e+00 -4.079946758852075472e-01 1.242310488812142788e+00 0.000000000000000000e+00
4.003444182556792352e-01 4.487504878934254170e-03 0.000000000000000000e+00 -6.922297640350601189e-02 1.466871912642079057e+00 0.000000000000000000e+00
4.240023376229815066e-01 6.598168670276696735e-03 0.000000000000000000e+00 3.009562935908909886e-01 1.344331054344501286e+00 0.000000000000000000e+00
5.286366083825687623e-01 -1.012315389167104968e-03 0.000000000000000000e+00 5.329765614040558042e-01 8.843904527853150288e-01 0.000000000000000000e+00
6.253626816500877927e-01 -2.410302491677021597e-03 0.000000000000000000e+00 -5.058428933238304781e-01 5.810919968940556624e-01 0.000000000000000000e+00
4.449809548398462322e-01 2.150472872134425936e-04 0.000000000000000000e+00 -3.680942265915267964e-01 1.248673966690284409e+00 0.000000000000000000e+00
4.089260048892495725e-01 4.913295756249044972e-03 0.000000000000000000e+00 2.787120607382841814e-02 1.434597012918293002e+00 0.000000000000000000e+00
4.602435207138307338e-01 -2.845540257781961277e-03 0.000000000000000000e+00 4.239212005763156599e-01 1.174727616930129948e+00 0.000000000000000000e+00
6.945997425275474146e-01 1.250541525388100192e-03 0.000000000000000000e+00 4.629629463194647188e-01 3.903552534228828530e-01 0.000000000000000000e+00
7.959197804023052658e-01 6.787435391485139094e-04 0.000000000000000000e+00 -3.657016910797569187e-01 1.357847864301643670e-01 0.000000000000000000e+00
5.030859122611397449e-01 1.289271845948878475e-03 0.000000000000000000e+00 -5.329805548088748512e-01 9.734537033496620806e-01 0.000000000000000000e+00
4.164120765933092549e-01 -2.253638416265415015e-03 0.000000000000000000e+00 -3.107305579621130187e-01 1.371534834754208454e+00 0.000000000000000000e+00
3.942165792749957598e-01 6.257489843088955180e-03 0.000000000000000000e+00 1.351641822240846023e-02 1.492847777829309441e+00 0.000000000000000000e+00
4.226707152684797686e-01 -4.055772873670618513e-03 0.000000000000000000e+00 3.653090224551179266e-01 1.333563387392843413e+00 0.000000000000000000e+00
5.246396843772274110e-01 -1.625095540114682375e-03 0.000000000000000000e+00 5.454427641806338656e-01 8.906541663688414268e-01 0.000000000000000000e+00
6.516105355310541913e-01 -2.486301840833758311e-04 0.000000000000000000e+00 -4.959181496599241457e-01 5.025224154581335867e-01 0.000000000000000000e+00
4.528495571836987921e-01 1.437069390025651552e-03 0.000000000000000000e+00 -4.068570201686790844e-01 1.207589182636686687e+00 0.000000000000000000e+00
4.068119553324731630e-01 3.037695931397708070e-03 0.000000000000000000e+00 -2.901891143864057318e-02 1.442854699873903357e+00 0.000000000000000000e+00
4.429621584755691899e-01 -2.192373741110299062e-03 0.000000000000000000e+00 3.750865439966635795e-01 1.254029622461601656e+00 0.000000000000000000e+00
6.123789953493272709e-01 -1.109828437704137027e-03 0.000000000000000000e+00 5.169542189617608585e-01 6.147754537280265552e-01 0.000000000000000000e+00
5.360710263397099329e-01 2.095520551660956521e-04 0.000000000000000000e+00 -5.343400698374705104e-01 8.580371358815406246e-01 0.000000000000000000e+00
4.250093997596074979e-01 -1.193040765550061090e-03 0.000000000000000000e+00 -3.237300016731495256e-01 1.335370884200706154e+00 0.000000000000000000e+00
4.001902490228119169e-01 1.107290115205551186e-03 0.000000000000000000e+00 4.240439569683350507e-02 1.468597196051310227e+00 0.000000000000000000e+00
4.384456828122349492e-01 -5.937461675045243442e-03 0.000000000000000000e+00 4.050738860939425701e-01 1.261469639627938344e+00 0.000000000000000000e+00
5.845714704397191319e-01 -6.305469544309084962e-04 0.000000000000000000e+00 5.353725647939169274e-01 6.931149990646364722e-01 0.000000000000000000e+00
-9.291197370981012504e-01 2.722364053096837377e-05 0.000000000000000000e+00 -6.494798954114644474e-02 1.299401649316014318e-01 0.000000000000000000e+00
5.680296801257617156e-01 -1.489490027528834679e-03 0.000000000000000000e+00 -5.380627712836358878e-01 7.469467458354503986e-01 0.000000000000000000e+00
4.352282484927273432e-01 1.401390478199249050e-03 0.000000000000000000e+00 -3.881984056126439597e-01 1.279018969820925111e+00 0.000000000000000000e+00
3.985103959108732274e-01 -2.646509504276113936e-03 0.000000000000000000e+00 -3.563279115966255794e-02 1.475428759869222173e+00 0.000000000000000000e+00
4.223617255310985752e-01 1.750475288865037393e-03 0.000000000000000000e+00 3.183774006656767686e-01 1.346780902136506031e+00 0.000000000000000000e+00
5.256104242856926012e-01 -1.532805068237548356e-04 0.000000000000000000e+00 5.340705062693602567e-01 8.941722658171258331e-01 0.000000000000000000e+00
6.356255671607973223e-01 -5.378199498685329316e-04 0.000000000000000000e+00 -5.024465789531927795e-01 5.499964250296472956e-01 0.000000000000000000e+00
4.493812156525561763e-01 -5.037143678774021367e-03 0.000000000000000000e+00 -3.689442275666632853e-01 1.232205490948999449e+00 0.000000000000000000e+00
4.086921798597168420e-01 -6.464176726665746102e-03 0.000000000000000000e+00 3.716583373530354256e-02 1.435208155751566350e+00 0.000000000000000000e+00
4.583862325719397224e-01 -1.310980876443568546e-03 0.000000000000000000e+00 4.141676733359819229e-01 1.184939966388645294e+00 0.000000000000000000e+00
6.819425969727279657e-01 -5.665902809803410531e-04 0.000000000000000000e+00 4.737418614241698522e-01 4.221385664579339059e-01 0.000000000000000000e+00
5.128563228876457103e-01 -4.293550244212893108e-03 0.000000000000000000e+00 -5.308701812072977866e-01 9.402490796515939886e-01 0.000000000000000000e+00
4.195818191158939836e-01 -4.183876117310135999e-03 0.000000000000000000e+00 -3.276303704293458963e-01 1.355223148077472572e+00 0.000000000000000000e+00
3.932852450532611788e-01 7.488640638277513709e-04 0.000000000000000000e+00 -3.972913922619893470e-03 1.496862674956816797e+00 0.000000000000000000e+00
4.192630878393728278e-01 5.925357734296796131e-03 0.000000000000000000e+00 3.203541151568212175e-01 1.358112873792912456e+00 0.000000000000000000e+00
5.069569142719563271e-01 -2.668985772873837432e-03 0.000000000000000000e+00 5.401687227240308253e-01 9.557557348723102475e-01 0.000000000000000000e+00
8.225941391995119645e-01 -2.185500738336593196e-05 0.000000000000000000e+00 3.287705464641511588e-01 7.840426553723915670e-02 0.000000000000000000e+00
6.884923718098928669e-01 -1.800968015010154591e-03 0.000000000000000000e+00 -4.675151011700457993e-01 4.064285234158708793e-01 0.000000000000000000e+00
4.587594416569221734e-01 3.219437594546098458e-03 0.000000000000000000e+00 -4.211833516725097537e-01 1.181076754234531068e+00 0.000000000000000000e+00
4.087210060875403617e-01 -2.117599723021149419e-03 0.000000000000000000e+00 -2.822133737868528364e-02 1.435477355704088520e+00 0.000000000000000000e+00
4.466570579317156175e-01 2.721831190040481692e-03 0.000000000000000000e+00 3.665775583226248413e-01 1.242937267251116307e+00 0.000000000000000000e+00
6.281266862647387761e-01 2.035102753975932040e-03 0.000000000000000000e+00 5.050372444558162144e-01 5.726278244976645837e-01 0.000000000000000000e+00
5.280648854552145721e-01 7.207244708790404644e-04 0.000000000000000000e+00 -5.334488638818847273e-01 8.860770627919964948e-01 0.000000000000000000e+00
4.217287206832723845e-01 3.000807190359762108e-03 0.000000000000000000e+00 -3.219380894692909223e-01 1.348338611567867940e+00 0.000000000000000000e+00
3.998832526534685239e-01 1.083449565533856941e-03 0.000000000000000000e+00 5.129720622944385078e-02 1.469533153256328495e+00 0.000000000000000000e+00
4.413000083621008152e-01 1.144470333273233959e-03 0.000000000000000000e+00 3.971948605683930378e-01 1.253423663911755970e+00 0.000000000000000000e+00
5.860059181229635428e-01 2.697473083170046082e-04 0.000000000000000000e+00 5.347273114217445666e-01 6.887800424821256540e-01 0.000000000000000000e+00
-9.293999312621381570e-01 5.420586181248660635e-04 0.000000000000000000e+00 -6.186979595253973285e-02 1.309463644635156521e-01 0.000000000000000000e+00
5.677140493137620147e-01 2.115717765189834704e-04 0.000000000000000000e+00 -5.411846788180518786e-01 7.457658843352006350e-01 0.000000000000000000e+00
4.367352297633251279e-01 -1.425121755606797731e-03 0.000000000000000000e+00 -3.881813332152232454e-01 1.273341611774479798e+00 0.000000000000000000e+00
3.980396707405351453e-01 2.374974737532788496e-03 0.000000000000000000e+00 -5.498871854581105501e-02 1.476719627165423265e+00 0.000000000000000000e+00
4.201228600726740758e-01 2.060321449536244541e-03 0.000000000000000000e+00 3.077567776317389203e-01 1.357843629017887466e+00 0.000000000000000000e+00
5.193048164133100553e-01 1.864418541471101962e-03 0.000000000000000000e+00 5.286021660348811935e-01 9.191705620475087990e-01 0.000000000000000000e+00
6.508007090291636487e-01 -5.861793122879641917e-04 0.000000000000000000e+00 -4.917194953959959092e-01 5.093461805868433334e-01 0.000000000000000000e+00
4.508936393943646648e-01 -2.965190580794206492e-03 0.000000000000000000e+00 -3.698861243589462999e-01 1.226483868564053115e+00 0.000000000000000000e+00
4.110959752484341090e-01 -1.002286968849993090e-04 0.000000000000000000e+00 3.904526094432327066e-02 1.426070431947783490e+00 0.000000000000000000e+00
4.686861191062142717e-01 1.911599770557475403e-03 0.000000000000000000e+00 4.241367542431611071e-01 1.144362658353787143e+00 0.000000000000000000e+00
7.412987305597131815e-01 1.032183770854188526e-04 0.000000000000000000e+00 4.198743892621211171e-01 2.765665652340479896e-01 0.000000000000000000e+00
7.322038239737078680e-01 9.115601272451437365e-04 0.000000000000000000e+00 -4.277008262070063349e-01 2.998041503603485758e-01 0.000000000000000000e+00
4.661588264149776895e-01 -4.442807175182994853e-03 0.000000000000000000e+00 -4.031491848059099992e-01 1.160822034852874607e+00 0.000000000000000000e+00
4.129187580343230968e-01 4.023855813196229765e-03 0.000000000000000000e+00 -9.172218729745934898e-03 1.419500639580790757e+00 0.000000000000000000e+00
4.637415466626205740e-01 3.552216743429262996e-05 0.000000000000000000e+00 4.077002043666784203e-01 1.167931119610920110e+00 0.000000000000000000e+00
7.295837232498538771e-01 9.947036419894832691e-04 0.000000000000000000e+00 4.293657912123952647e-01 3.072644958105643087e-01 0.000000000000000000e+00
7.451106183363167546e-01 3.974551144234235445e-04 0.000000000000000000e+00 -4.178212665956304583e-01 2.647790835825032385e-01 0.000000000000000000e+00
4.725145193884515704e-01 -2.268136620499869825e-03 0.000000000000000000e+00 -4.414052229911047953e-01 1.124148324466757831e+00 0.000000000000000000e+00
4.095767780394308222e-01 -2.301588457222334023e-04 0.000000000000000000e+00 -8.013689185270470028e-02 1.430222809997585109e+00 0.000000000000000000e+00
4.368748451400364941e-01 1.870657330178508194e-03 0.000000000000000000e+00 3.293146221522962325e-01 1.289283509170354725e+00 0.000000000000000000e+00
5.889871115271161361e-01 3.473906589192051614e-04 0.000000000000000000e+00 5.200820082002282074e-01 6.900128763097658213e-01 0.000000000000000000e+00
5.414379549850043549e-01 3.989554935632771970e-03 0.000000000000000000e+00 -5.318296297785205518e-01 8.412357760665098994e-01 0.000000000000000000e+00
4.268251656506439895e-01 -6.122968101478566336e-03 0.000000000000000000e+00 -2.863525156148528650e-01 1.336845518499328644e+00 0.000000000000000000e+00
4.064816049918049679e-01 -4.332759538794208297e-03 0.000000000000000000e+00 1.121811500176518317e-01 1.440028145528001291e+00 0.000000000000000000e+00
