-1.177607497987425145e+00 -3.890114592589501846e-04 0.000000000000000000e+00 1.928091842546308388e-01 2.304065021069325314e-01 0.000000000000000000e+00
1.002989485613195786e+00 8.008095203213797149e-04 0.000000000000000000e+00 -2.334160677490672853e-01 2.493981207378243303e-01 0.000000000000000000e+00
9.275960493781876259e-01 9.908025315149055390e-05 0.000000000000000000e+00 -1.511075209982432055e-01 5.984534400025342399e-02 0.000000000000000000e+00
7.729541115563165476e-01 -1.282772002514427634e-03 0.000000000000000000e+00 1.513343087985540569e-01 4.094035324104808860e-01 0.000000000000000000e+00
7.458439961932419315e-01 2.160411796014389055e-03 0.000000000000000000e+00 -1.411503450534732362e-01 4.724239309963531586e-01 0.000000000000000000e+00
7.710207075576145375e-01 1.114892285655809476e-03 0.000000000000000000e+00 1.657529365360685403e-01 4.080714101884956868e-01 0.000000000000000000e+00
9.133588342042053831e-01 -1.776211250732607615e-04 0.000000000000000000e+00 1.673635053244075244e-01 6.944000876254174948e-02 0.000000000000000000e+00
1.017115443746424930e+00 1.444919647915798616e-05 0.000000000000000000e+00 1.450303564612089868e-01 9.094637416081656489e-02 0.000000000000000000e+00
-1.194074753907576003e+00 3.844164448837186776e-04 0.000000000000000000e+00 1.975324325973928929e-01 2.585972684045423353e-01 0.000000000000000000e+00
-1.891741036515943941e+00 3.438068390491440252e-03 0.000000000000000000e+00 7.090510419673640152e-02 1.279046869319507618e+00 0.000000000000000000e+00
-1.582314018479179740e+00 3.922476004942540562e-03 0.000000000000000000e+00 2.265675776876752145e-01 8.493816729388082853e-01 0.000000000000000000e+00
-1.591103260721201451e+00 1.648699609522054355e-03 0.000000000000000000e+00 -2.211492908032084703e-01 8.630033773499936611e-01 0.000000000000000000e+00
-1.893852417714868785e+00 6.949694929291941325e-04 0.000000000000000000e+00 -6.571725431200407808e-02 1.281980665206560399e+00 0.000000000000000000e+00
-1.367836752306025749e+00 1.515584965545505036e-03 0.000000000000000000e+00 2.057907932118072658e-01 5.439648299716779434e-01 0.000000000000000000e+00
-1.637104216090179420e+00 3.591308392939442790e-03 0.000000000000000000e+00 9.098204291038734792e-02 9.479406578070432854e-01 0.000000000000000000e+00
-1.671122089311548375e+00 -1.111685482589039320e-03 0.000000000000000000e+00 -4.793743073939740057e-02 9.961076847992287320e-01 0.000000000000000000e+00
-1.478678409949705230e+00 1.017712623858531285e-03 0.000000000000000000e+00 -1.759287459658352426e-01 7.163737075579850178e-01 0.000000000000000000e+00
-1.449325970437135958e+00 -1.045467039702884654e-03 0.000000000000000000e+00 -7.416840961943510502e-02 6.928884765194771589e-01 0.000000000000000000e+00
-1.325930675487754673e+00 1.108931744654750255e-03 0.000000000000000000e+00 1.518624983493834235e-01 4.985168573154334370e-01 0.000000000000000000e+00
-1.448209405194320176e+00 4.020859503274642338e-04 0.000000000000000000e+00 9.047173514758895599e-03 6.952280508160497696e-01 0.000000000000000000e+00
-1.304059325585811280e+00 -1.338763522288063251e-03 0.000000000000000000e+00 -1.701726214102873835e-01 4.586972500582722212e-01 0.000000000000000000e+00
-1.506975783192389784e+00 -3.379231582119789773e-03 0.000000000000000000e+00 -8.159749407084578715e-03 7.766402878516641684e-01 0.000000000000000000e+00
-1.332735486170601114e+00 -1.921383174319071796e-03 0.000000000000000000e+00 1.604627178121054709e-01 5.061851909996639698e-01 0.000000000000000000e+00
-1.401963170828202987e+00 2.665377166059197667e-03 0.000000000000000000e+00 4.107319872465486910e-02 6.288821600321552463e-01 0.000000000000000000e+00
-1.188010255562339079e+00 3.769921340793565973e-04 0.000000000000000000e+00 1.373105902578560800e-01 2.848595562113204749e-01 0.000000000000000000e+00
-1.369079935536164694e+00 1.493302663045450313e-03 0.000000000000000000e+00 -1.982789541151816839e-02 5.830364291764276174e-01 0.000000000000000000e+00
-1.252637569314844157e+00 1.688644289218169808e-03 0.000000000000000000e+00 -9.652525191357821943e-02 4.019265879751620085e-01 0.000000000000000000e+00
-1.282801057891351126e+00 3.490797348154293933e-04 0.000000000000000000e+00 1.472241260034635665e-02 4.577916089334362892e-01 0.000000000000000000e+00
-1.382156897131039841e+00 -7.362771188776373599e-04 0.000000000000000000e+00 1.630486690794537979e-02 6.018408525532739084e-01 0.000000000000000000e+00
-1.097571398112179741e+00 1.038964939264691925e-04 0.000000000000000000e+00 1.325889973050066173e-01 1.202455901703628621e-01 0.000000000000000000e+00
-1.108387698190365089e+00 -2.360139592979243863e-04 0.000000000000000000e+00 -1.354593871719986242e-01 1.405848057722894340e-01 0.000000000000000000e+00
-1.383551310486236030e+00 -2.549183685760144855e-03 0.000000000000000000e+00 -1.887648346426216289e-02 6.037579694571044708e-01 0.000000000000000000e+00
-1.259655275362784987e+00 1.162707389250988016e-03 0.000000000000000000e+00 3.464897982951993527e-02 4.223687111254226245e-01 0.000000000000000000e+00
-1.418915735339574269e+00 -9.302265504469650614e-04 0.000000000000000000e+00 -2.740881785828475428e-02 6.536052260054558971e-01 0.000000000000000000e+00
-1.345664985311978867e+00 -4.166362905230524064e-04 0.000000000000000000e+00 -1.509751223335223658e-01 5.285699189760756367e-01 0.000000000000000000e+00
-1.484057648314552891e+00 -2.196515082593226975e-03 0.000000000000000000e+00 4.320223152077971862e-02 7.438512088077602336e-01 0.000000000000000000e+00
-1.169170373737073332e+00 6.149725011766931163e-04 0.000000000000000000e+00 -1.781270377603779154e-01 2.258172292583208174e-01 0.000000000000000000e+00
-1.493282815920562001e+00 2.064061907913479488e-03 0.000000000000000000e+00 -3.863326839491981052e-02 7.568541804412660667e-01 0.000000000000000000e+00
-1.372756272991573878e+00 1.890468580707090236e-03 0.000000000000000000e+00 1.436409663077504173e-01 5.708410578653316803e-01 0.000000000000000000e+00
-1.270143404559139100e+00 -2.788980469403097920e-04 0.000000000000000000e+00 1.208376372187385320e-02 4.391692998730696851e-01 0.000000000000000000e+00
9.913953044247971746e-01 7.431668740663795701e-04 0.000000000000000000e+00 1.163735514865110870e-01 2.003353935262232044e-01 0.000000000000000000e+00
9.083936080608623342e-01 2.447510381112750696e-04 0.000000000000000000e+00 1.561372982727730029e-03 1.883678230309738244e-01 0.000000000000000000e+00
9.882322460218471161e-01 -4.668708351317682990e-04 0.000000000000000000e+00 -9.727093509533397964e-02 1.767552453255873401e-01 0.000000000000000000e+00
-1.143090814494990726e+00 -9.379600058193500456e-04 0.000000000000000000e+00 9.962521772822116595e-02 2.270044231704257676e-01 0.000000000000000000e+00
-1.339437415154616673e+00 2.103777681597689998e-03 0.000000000000000000e+00 5.986600399611011897e-02 5.373907528047443538e-01 0.000000000000000000e+00
-1.291005555376068425e+00 2.325405136435927667e-04 0.000000000000000000e+00 -9.912248735925664744e-02 4.595343099231511963e-01 0.000000000000000000e+00
9.991219394852127733e-01 -4.437345021136047539e-04 0.000000000000000000e+00 3.171010314640786421e-01 3.270286392443239043e-02 0.000000000000000000e+00
8.706952663072987653e-01 3.313529356703467932e-04 0.000000000000000000e+00 -1.377834058143867502e-01 2.082049610647063176e-01 0.000000000000000000e+00
7.893418560549396723e-01 3.723942763110663252e-04 0.000000000000000000e+00 1.246777169267867906e-02 4.030274561169351344e-01 0.000000000000000000e+00
8.571697385264008817e-01 4.171702896979163910e-04 0.000000000000000000e+00 1.361333953897608806e-01 2.373629852425147291e-01 0.000000000000000000e+00
8.826896066400026220e-01 2.163208133332647672e-04 0.000000000000000000e+00 -5.088052349605853147e-02 2.234232327890841030e-01 0.000000000000000000e+00
9.262591983536444529e-01 -6.395256607784408076e-04 0.000000000000000000e+00 7.482966726432245530e-02 1.460886977918696150e-01 0.000000000000000000e+00
9.302545483350022071e-01 -4.614236001552495837e-04 0.000000000000000000e+00 -7.483675451145285762e-02 1.407802721228726961e-01 0.000000000000000000e+00
9.028426472447932394e-01 -3.255691208731608180e-04 0.000000000000000000e+00 1.114222755369130013e-01 1.621124638150993058e-01 0.000000000000000000e+00
9.529104135943774478e-01 1.022016892056025342e-04 0.000000000000000000e+00 -9.279302394283892030e-02 1.063483263107309618e-01 0.000000000000000000e+00
8.273414312386287994e-01 -1.046830432729317986e-03 0.000000000000000000e+00 -2.404252222389290927e-01 2.244372594368679585e-01 0.000000000000000000e+00
6.194433313797067520e-01 2.030360253228532912e-03 0.000000000000000000e+00 -1.453864943634997423e-02 7.851231426009430692e-01 0.000000000000000000e+00
7.866180936460762663e-01 7.790398736367606242e-04 0.000000000000000000e+00 2.549009655162224330e-01 3.194724750235794497e-01 0.000000000000000000e+00
6.018155160728446695e-01 -3.562798729848139223e-04 0.000000000000000000e+00 3.027396556962806962e-01 7.732401081977000601e-01 0.000000000000000000e+00
5.347905718960814792e-01 -1.933920389661209979e-03 0.000000000000000000e+00 1.163823870903414465e-01 1.007779142698936647e+00 0.000000000000000000e+00
-9.569783253478305607e-01 1.369856216102422874e-04 0.000000000000000000e+00 4.557235049458271958e-02 9.419818938154883581e-02 0.000000000000000000e+00
5.374109083487569327e-01 -3.082963693244713567e-03 0.000000000000000000e+00 -1.264582810320802053e-01 9.988732447531381009e-01 0.000000000000000000e+00
6.097390310326225027e-01 -1.499167539231580863e-03 0.000000000000000000e+00 -3.082841543697794062e-01 7.489922507081672176e-01 0.000000000000000000e+00
8.879236298596557830e-01 7.699784603715025769e-05 0.000000000000000000e+00 2.157151807114327524e-01 4.540603407183584073e-02 0.000000000000000000e+00
8.018116934697945286e-01 -1.059490075919145707e-03 0.000000000000000000e+00 -2.339173114912116436e-01 2.974288736130561994e-01 0.000000000000000000e+00
6.868699272386138421e-01 2.600284508233488296e-03 0.000000000000000000e+00 1.808181639128675355e-01 5.963486599920047038e-01 0.000000000000000000e+00
6.422483535633340956e-01 -6.816833195505390096e-04 0.000000000000000000e+00 -6.907830739402756604e-02 7.253901229524311045e-01 0.000000000000000000e+00
8.053277883892473454e-01 1.202910924933578256e-03 0.000000000000000000e+00 -1.760882154780593345e-01 3.270788755684883586e-01 0.000000000000000000e+00
7.794840831165030792e-01 -1.145975648547710793e-03 0.000000000000000000e+00 1.631757041521824658e-01 3.904147543256838992e-01 0.000000000000000000e+00
8.574278319331882781e-01 8.492849107206729836e-04 0.000000000000000000e+00 -7.724915624272155057e-02 2.620149990096020121e-01 0.000000000000000000e+00
-1.191913128848888892e+00 -8.691642151213018093e-04 0.000000000000000000e+00 1.786476567255153303e-02 3.216472414003881397e-01 0.000000000000000000e+00
-1.174580023229594872e+00 -5.448370370200609006e-05 0.000000000000000000e+00 -6.209790318530135356e-02 2.892525817787532372e-01 0.000000000000000000e+00
-1.252605978921037089e+00 1.406089690557566982e-03 0.000000000000000000e+00 -2.485635526927973751e-02 4.125606400029147025e-01 0.000000000000000000e+00
9.938132581710441560e-01 7.437607710946401735e-04 0.000000000000000000e+00 4.707381941011291870e-02 2.629667558016480777e-01 0.000000000000000000e+00
-1.165497149122015630e+00 7.384746747105509160e-04 0.000000000000000000e+00 1.100017637582163463e-02 2.818156673869711137e-01 0.000000000000000000e+00
8.217034799985707405e-01 4.393564159233666160e-04 0.000000000000000000e+00 1.243870658956169363e-03 3.396676386039687578e-01 0.000000000000000000e+00
-1.278488888123432865e+00 1.339250642762352837e-03 0.000000000000000000e+00 1.002224706298738555e-01 4.404106073139208988e-01 0.000000000000000000e+00
-1.352300960266824781e+00 -1.531392056226300868e-03 0.000000000000000000e+00 -2.300850768278203673e-02 5.588045444783780180e-01 0.000000000000000000e+00
-1.257631585873766999e+00 -1.796088379204975952e-03 0.000000000000000000e+00 -1.020337833923191384e-01 4.082248379975300656e-01 0.000000000000000000e+00
-1.173914390220725412e+00 -1.353553481051608665e-03 0.000000000000000000e+00 9.542746511493516159e-02 2.789621322731399289e-01 0.000000000000000000e+00
-1.207942478210122683e+00 5.227216234877669204e-04 0.000000000000000000e+00 -8.337996981151143960e-02 3.361860797408892654e-01 0.000000000000000000e+00
-1.140587102829129673e+00 4.056054088986266182e-05 0.000000000000000000e+00 1.250644294398804424e-01 2.096161494470545616e-01 0.000000000000000000e+00
-1.214020386286654540e+00 -1.621421371151898772e-03 0.000000000000000000e+00 -9.708837766828487537e-04 3.555327038242591664e-01 0.000000000000000000e+00
-1.147555734573995290e+00 -8.311943681177857632e-04 0.000000000000000000e+00 -1.242007209386400968e-01 2.223724116160545883e-01 0.000000000000000000e+00
-1.224907542475156097e+00 -1.501840516219235056e-03 0.000000000000000000e+00 7.407945725204684306e-02 3.644507489448734483e-01 0.000000000000000000e+00
-1.185029352742448250e+00 -1.078744803880873297e-03 0.000000000000000000e+00 -8.442083341990121170e-02 3.000602536766480144e-01 0.000000000000000000e+00
9.890277560038257532e-01 8.312971374572540682e-04 0.000000000000000000e+00 1.049535259201362369e-01 1.794076548643398494e-01 0.000000000000000000e+00
9.073478604300277972e-01 3.911042228801940926e-07 0.000000000000000000e+00 -4.308803117131880522e-03 1.898738142615143121e-01 0.000000000000000000e+00
9.972115543449819874e-01 -5.801047288221773202e-04 0.000000000000000000e+00 -2.050679652599362024e-01 2.897467972926666135e-01 0.000000000000000000e+00
-1.327254525457852052e+00 -1.965008876831538659e-03 0.000000000000000000e+00 7.831957306733217106e-02 5.171642037761007282e-01 0.000000000000000000e+00
-1.288794786604672948e+00 1.697021396047687647e-03 0.000000000000000000e+00 -1.050483826061855835e-01 4.548830092889932786e-01 0.000000000000000000e+00
-1.245261329295888064e+00 -1.444596147077174472e-04 0.000000000000000000e+00 -1.899783836936062009e-01 3.546874647462546770e-01 0.000000000000000000e+00
-1.477115780618182939e+00 3.297500881344635811e-03 0.000000000000000000e+00 -9.103834141306604844e-02 7.298466453359198081e-01 0.000000000000000000e+00
-1.515098448512925522e+00 -2.776156880969112006e-03 0.000000000000000000e+00 4.327156518530617113e-02 7.866350090546645468e-01 0.000000000000000000e+00
-1.333311312497422518e+00 1.395370918353468302e-03 0.000000000000000000e+00 1.704149727960366234e-01 5.038034859450605252e-01 0.000000000000000000e+00
-9.806689405471193943e-01 -4.882235772123264157e-05 0.000000000000000000e+00 3.955604289428120424e-02 6.922609121888387285e-02 0.000000000000000000e+00
9.068345730987770192e-01 1.748649956749596338e-04 0.000000000000000000e+00 1.734257526929194049e-01 7.928038743644347242e-02 0.000000000000000000e+00
1.017133415934827534e+00 5.556465305710304959e-05 0.000000000000000000e+00 1.461786202902818077e-01 8.897900546260745225e-02 0.000000000000000000e+00
-1.132323225939327660e+00 6.065916213130306128e-04 0.000000000000000000e+00 1.787393600152490380e-01 1.471349941777228276e-01 0.000000000000000000e+00
-1.129813666886132495e+00 1.216820378040703310e-04 0.000000000000000000e+00 -1.775458764472778728e-01 1.425514868499423993e-01 0.000000000000000000e+00
1.013691783743292163e+00 3.482231807923979149e-04 0.000000000000000000e+00 -1.570778608207543114e-01 1.014902907460471237e-01 0.000000000000000000e+00
8.896550893596275600e-01 5.027892330257263329e-04 0.000000000000000000e+00 -1.887976879993588653e-01 1.082042773866030982e-01 0.000000000000000000e+00
7.426860883256070078e-01 2.169595108736811946e-03 0.000000000000000000e+00 2.128809937113798623e-01 4.521782405309970887e-01 0.000000000000000000e+00
6.342458679896521012e-01 -1.628629022986350164e-03 0.000000000000000000e+00 -6.833454438071804617e-03 7.482771891199774261e-01 0.000000000000000000e+00
7.562746745720022590e-01 -2.520261976343782934e-04 0.000000000000000000e+00 -2.114097748943134514e-01 4.209640921660128265e-01 0.000000000000000000e+00
7.973787069217570522e-01 8.315013722169761062e-04 0.000000000000000000e+00 -1.671691502340709734e-01 3.492232381532949237e-01 0.000000000000000000e+00
8.632236984536966196e-01 -4.975887632158389239e-04 0.000000000000000000e+00 1.745034236339514377e-01 1.965133093138462517e-01 0.000000000000000000e+00
-1.132011796330042674e+00 -7.072657604781755480e-04 0.000000000000000000e+00 -1.316369990191585682e-01 1.898680957731160857e-01 0.000000000000000000e+00
1.004870168689622201e+00 1.462842243907578168e-04 0.000000000000000000e+00 -2.955141489124085696e-01 6.670415091904464966e-02 0.000000000000000000e+00
8.786551749902604680e-01 -2.871445863202640690e-04 0.000000000000000000e+00 -8.233443819342214920e-02 2.211325806807141192e-01 0.000000000000000000e+00
-1.079860246415244696e+00 -5.065072591547176584e-04 0.000000000000000000e+00 6.478447670286946458e-02 1.384622216712374509e-01 0.000000000000000000e+00
-1.093113628210551802e+00 -2.905898347665639841e-04 0.000000000000000000e+00 -5.574391419910890155e-02 1.630961945379202915e-01 0.000000000000000000e+00
8.079114861840903661e-01 -9.119548884435500422e-04 0.000000000000000000e+00 1.213878443353030023e-01 3.457086075849001849e-01 0.000000000000000000e+00
7.306412808253323066e-01 1.636223457958562366e-03 0.000000000000000000e+00 8.143431263851273749e-02 5.193146749783079663e-01 0.000000000000000000e+00
-9.917374227045726576e-01 1.091898009695296216e-04 0.000000000000000000e+00 -5.113602314982330227e-03 7.345485063994558472e-02 0.000000000000000000e+00
7.297401053189829234e-01 -1.495018605526948763e-04 0.000000000000000000e+00 -8.012701627450388719e-02 5.214971269369625961e-01 0.000000000000000000e+00
8.086127666711548923e-01 -9.716158031344776513e-04 0.000000000000000000e+00 -1.213952772287670290e-01 3.442512932934305159e-01 0.000000000000000000e+00
-1.046966468492650515e+00 1.391054559504259513e-05 0.000000000000000000e+00 7.515480359202095229e-02 7.722132546493140626e-02 0.000000000000000000e+00
-1.106254952203672204e+00 7.856007253913589727e-04 0.000000000000000000e+00 -3.630022308135619213e-02 1.885572901653279065e-01 0.000000000000000000e+00
-1.163626199687764373e+00 9.787442026517115257e-05 0.000000000000000000e+00 -1.976036120539661003e-02 2.784829305490550411e-01 0.000000000000000000e+00
9.806156935248397932e-01 1.489943868357871477e-04 0.000000000000000000e+00 2.560718513242345867e-02 1.627137028270254915e-01 0.000000000000000000e+00
-1.127032520575713015e+00 3.790903797206468572e-04 0.000000000000000000e+00 3.125158546811414306e-02 2.212701447923967613e-01 0.000000000000000000e+00
8.344009858108207833e-01 5.105622821465205519e-04 0.000000000000000000e+00 -2.103467068048250621e-01 2.352236533506659177e-01 0.000000000000000000e+00
8.475959235075399834e-01 8.599894863077516861e-04 0.000000000000000000e+00 -1.002749055537885958e-01 2.732172643868364670e-01 0.000000000000000000e+00
-1.002010390481205659e+00 4.494380959835773438e-05 0.000000000000000000e+00 4.683185263426429407e-02 5.504712166444415689e-02 0.000000000000000000e+00
8.344500478504172092e-01 6.379676883476223092e-04 0.000000000000000000e+00 8.244160360643755514e-02 3.044998604809852072e-01 0.000000000000000000e+00
7.770861787452885139e-01 5.091973235881314119e-04 0.000000000000000000e+00 -7.780346150576289421e-02 4.208980457752848903e-01 0.000000000000000000e+00
8.759672204310466892e-01 1.063971336480634949e-03 0.000000000000000000e+00 -1.647370003458916571e-02 2.399881374776712817e-01 0.000000000000000000e+00
8.473470831698612926e-01 3.286507323752570035e-04 0.000000000000000000e+00 4.661968709040990866e-02 2.877422406716136916e-01 0.000000000000000000e+00
-9.890655667819956420e-01 -9.220125014516503256e-05 0.000000000000000000e+00 -6.290301774540776880e-02 4.027284549002764502e-02 0.000000000000000000e+00
8.228826118502167164e-01 -1.020157534811209910e-03 0.000000000000000000e+00 -5.487362900948654365e-02 3.329177099742037238e-01 0.000000000000000000e+00
8.759159910978393526e-01 -5.170512715758035461e-04 0.000000000000000000e+00 1.197691596041028372e-01 2.087202919713045390e-01 0.000000000000000000e+00
9.976485951433959887e-01 1.317724307155796826e-04 0.000000000000000000e+00 -3.250559890498526672e-01 2.370913848922698297e-01 0.000000000000000000e+00
-1.249843851729637301e+00 2.341517281946037254e-04 0.000000000000000000e+00 1.153667253360042139e-01 3.925948410914561482e-01 0.000000000000000000e+00
-1.358994620126199759e+00 -2.859234195174619950e-04 0.000000000000000000e+00 -1.334565539945552735e-02 5.687493000940486709e-01 0.000000000000000000e+00
-1.242055760155840627e+00 -4.176280733616897362e-04 0.000000000000000000e+00 -1.128341620321187400e-01 3.812310386612760560e-01 0.000000000000000000e+00
7.058198656344055744e-01 -1.756892543016886580e-03 0.000000000000000000e+00 -1.352680709672893916e-02 5.801071740161958257e-01 0.000000000000000000e+00
9.001073668458212662e-01 5.330744874242003117e-04 0.000000000000000000e+00 1.690142226293398497e-01 1.086605129870816533e-01 0.000000000000000000e+00
-1.211140208868550783e+00 1.296651653147094796e-03 0.000000000000000000e+00 1.271042273162452108e-01 3.273863048539431553e-01 0.000000000000000000e+00
-1.367928710968217443e+00 -2.769700256794489258e-03 0.000000000000000000e+00 2.715084433997526706e-03 5.817222882287870211e-01 0.000000000000000000e+00
-1.205740786435338441e+00 -1.392695128555885772e-03 0.000000000000000000e+00 -1.307697001665160674e-01 3.171483688968873560e-01 0.000000000000000000e+00
-1.191526110672885608e+00 -1.261794555714165766e-03 0.000000000000000000e+00 1.943903881906009490e-01 2.561458308372661641e-01 0.000000000000000000e+00
1.001406693556708749e+00 1.585522317017900879e-04 0.000000000000000000e+00 -3.789273639039757446e-01 1.361086073818356945e-01 0.000000000000000000e+00
8.633261059669180559e-01 1.198694546355452348e-04 0.000000000000000000e+00 -2.044973367668364572e-01 1.647853541150907097e-01 0.000000000000000000e+00
7.516932586013453932e-01 1.326203469740046530e-03 0.000000000000000000e+00 2.173158571423406682e-01 4.287662604718014414e-01 0.000000000000000000e+00
6.301901463023706906e-01 3.392213138983543250e-03 0.000000000000000000e+00 -3.838708101336197470e-02 7.573619881017465971e-01 0.000000000000000000e+00
9.343352561444910886e-01 -1.217901902560471341e-05 0.000000000000000000e+00 1.549693229896086932e-01 2.796514950108168300e-03 0.000000000000000000e+00
-1.106088629825276337e+00 1.487068742665274140e-04 0.000000000000000000e+00 5.659165486037023851e-02 1.832293664438473246e-01 0.000000000000000000e+00
-1.057272890817839706e+00 -4.556876219535968900e-04 0.000000000000000000e+00 -7.909388603021885733e-02 9.174564632936749176e-02 0.000000000000000000e+00
-1.088792408110078380e+00 4.096383917462703347e-04 0.000000000000000000e+00 1.234401928027573231e-01 1.109263846796440245e-01 0.000000000000000000e+00
-1.107497300818406805e+00 -5.559972289556338806e-04 0.000000000000000000e+00 -1.274301151727262882e-01 1.461323637877362247e-01 0.000000000000000000e+00
9.586036121684737843e-01 -1.544622140570327999e-04 0.000000000000000000e+00 4.344864163707862215e-02 1.330232483964438606e-01 0.000000000000000000e+00
9.144731973798725377e-01 -1.188167922539281468e-04 0.000000000000000000e+00 -1.655250623789309219e-02 1.788705470044412993e-01 0.000000000000000000e+00
9.878824844569018548e-01 5.178848794470773675e-04 0.000000000000000000e+00 -8.275922346852576661e-02 1.811862824721556242e-01 0.000000000000000000e+00
-1.170902368022951556e+00 9.584872528811440306e-04 0.000000000000000000e+00 9.070308137331195564e-02 2.757178968047157008e-01 0.000000000000000000e+00
-1.202312113468707366e+00 -1.544413890082271465e-03 0.000000000000000000e+00 -9.999430101273698579e-02 3.227387197202938873e-01 0.000000000000000000e+00
-1.196483136154250726e+00 1.080218045050807679e-03 0.000000000000000000e+00 1.030980304402699388e-01 3.124937309896900772e-01 0.000000000000000000e+00
-1.156323803078170620e+00 5.102668993112336598e-04 0.000000000000000000e+00 -9.816490985217819765e-02 2.494439536459266971e-01 0.000000000000000000e+00
-1.664849700495982798e+00 3.041741173481930793e-03 0.000000000000000000e+00 1.381709329745894332e-01 9.793008093882414888e-01 0.000000000000000000e+00
-1.666050147535016235e+00 -1.768101559361585917e-03 0.000000000000000000e+00 -1.367272824054558689e-01 9.810989358880685129e-01 0.000000000000000000e+00
-1.276732373963988643e+00 6.566131027383265368e-04 0.000000000000000000e+00 -1.964389446140825390e-02 4.486481420165072675e-01 0.000000000000000000e+00
-1.263961581117253097e+00 -2.860601497055650921e-04 0.000000000000000000e+00 9.450103741435345039e-02 4.196707693288814767e-01 0.000000000000000000e+00
-1.349033155157632446e+00 -2.694904787540041563e-03 0.000000000000000000e+00 2.734559591758740915e-02 5.538986428960517294e-01 0.000000000000000000e+00
-1.290579859294505027e+00 2.232375616915069361e-03 0.000000000000000000e+00 -9.121916066968284442e-02 4.605349463036405577e-01 0.000000000000000000e+00
1.029927975192928447e+00 1.417037888962861553e-04 0.000000000000000000e+00 1.130235724099043770e-01 8.939626514592066697e-02 0.000000000000000000e+00
-1.759835656692557260e+00 -1.079029197669085106e-03 0.000000000000000000e+00 1.113584224086398150e-01 1.107324132870917577e+00 0.000000000000000000e+00
-1.462359779978475771e+00 1.561454160357557408e-03 0.000000000000000000e+00 -2.295608050187259164e-01 6.771617940854045559e-01 0.000000000000000000e+00
-1.840159875844762372e+00 -5.166913971987041609e-03 0.000000000000000000e+00 -1.179755500670133517e-02 1.215732790619962866e+00 0.000000000000000000e+00
-1.514270078505981498e+00 -2.705460457768087135e-03 0.000000000000000000e+00 2.163562670382354614e-01 7.563520050898985270e-01 0.000000000000000000e+00
-1.740197797172423844e+00 5.238385909078824287e-03 0.000000000000000000e+00 -1.206642810953788419e-01 1.080796810788369422e+00 0.000000000000000000e+00
-2.224224964590697518e+00 3.945129807336140992e-03 0.000000000000000000e+00 -2.891338545805136745e-02 1.688374531384267740e+00 0.000000000000000000e+00
-2.186075559573366078e+00 5.641492865489927677e-04 0.000000000000000000e+00 -9.219596219287751193e-02 1.640235445834543171e+00 0.000000000000000000e+00
-2.069227930135481230e+00 -5.330038252163910029e-03 0.000000000000000000e+00 -1.634537677155582236e-01 1.492186922562248386e+00 0.000000000000000000e+00
-1.882403356644391401e+00 1.947415980780693723e-03 0.000000000000000000e+00 -2.259317063386073465e-01 1.248976029053807890e+00 0.000000000000000000e+00
-1.604802104473575852e+00 -9.266720841654488283e-04 0.000000000000000000e+00 -2.907370471875423412e-01 8.615126420037162447e-01 0.000000000000000000e+00
-1.316202091384748307e+00 -8.999426951207117886e-04 0.000000000000000000e+00 2.977265471682206677e-01 4.103497185302305006e-01 0.000000000000000000e+00
-1.711906151310255808e+00 -4.864379218333297894e-03 0.000000000000000000e+00 2.677847258811553166e-01 1.016020305051763994e+00 0.000000000000000000e+00
-1.953901253759047218e+00 -5.914474091348084772e-03 0.000000000000000000e+00 2.003077152595341137e-01 1.343986034437882449e+00 0.000000000000000000e+00
-2.116442179173116500e+00 6.507871549318480602e-04 0.000000000000000000e+00 1.373176540561140135e-01 1.552584858045167104e+00 0.000000000000000000e+00
-2.208074408840183800e+00 8.271348881963885152e-03 0.000000000000000000e+00 7.786779171734034555e-02 1.667460124388471909e+00 0.000000000000000000e+00
-2.210196192345368793e+00 -5.600535534373320135e-03 0.000000000000000000e+00 1.276143094793272953e-02 1.671764227978288719e+00 0.000000000000000000e+00
1.082233109068953425e+00 1.584991937132634084e-04 0.000000000000000000e+00 1.634750916114014463e-01 4.343377477800028363e-02 0.000000000000000000e+00
-2.456486761770007909e+00 4.576182403530141413e-03 0.000000000000000000e+00 -1.013449741360258338e-01 1.960436246314389841e+00 0.000000000000000000e+00
-1.672554163225545842e+00 -1.463354371683519076e-03 0.000000000000000000e+00 -3.285770008182928303e-01 9.435727475975009826e-01 0.000000000000000000e+00
-2.234514333018382537e+00 -3.589886160151115058e-03 0.000000000000000000e+00 1.977458244629460848e-01 1.689400969371114947e+00 0.000000000000000000e+00
-2.537452014920267729e+00 -3.450455064018351226e-03 0.000000000000000000e+00 -1.114641474626971995e-02 2.057135424735333729e+00 0.000000000000000000e+00
-2.174785327541814972e+00 -2.446709022308465875e-03 0.000000000000000000e+00 -2.207245534857165681e-01 1.614209656010125116e+00 0.000000000000000000e+00
-1.775929279370622282e+00 3.542094828540620632e-03 0.000000000000000000e+00 3.145826211085058777e-01 1.089135803329445373e+00 0.000000000000000000e+00
-2.477159357301719211e+00 4.349634484764579832e-03 0.000000000000000000e+00 9.358538681175768148e-02 1.984948069471891285e+00 0.000000000000000000e+00
-2.536005770543511062e+00 1.021077302962184775e-02 0.000000000000000000e+00 -1.355159176874723148e-01 2.051039762113078702e+00 0.000000000000000000e+00
-1.732112495673914232e+00 4.983228522913482617e-03 0.000000000000000000e+00 3.450991852954050643e-01 1.020232455992746923e+00 0.000000000000000000e+00
-2.686599272735324284e+00 -9.597371446091833985e-03 0.000000000000000000e+00 4.281049582558204419e-02 2.228356060245354264e+00 0.000000000000000000e+00
-2.311560185827078229e+00 -1.684041489930288016e-03 0.000000000000000000e+00 -2.243825292398519688e-01 1.778551646350943205e+00 0.000000000000000000e+00
-2.183640966247292425e+00 -5.602427560110770366e-03 0.000000000000000000e+00 2.531621800004476563e-01 1.620244190471154866e+00 0.000000000000000000e+00
-2.708315462491540870e+00 1.738208607154900776e-05 0.000000000000000000e+00 -2.262531703170882202e-02 2.253440175749900298e+00 0.000000000000000000e+00
-1.930331611257306568e+00 4.688466588776852434e-03 0.000000000000000000e+00 -3.087757990903046146e-01 1.293064723249596648e+00 0.000000000000000000e+00
-2.466738315679895877e+00 6.797201384014545100e-03 0.000000000000000000e+00 1.779860355135211847e-01 1.966980933116296626e+00 0.000000000000000000e+00
-2.612798691886339064e+00 3.938294933699640343e-03 0.000000000000000000e+00 -8.787497382253987854e-02 2.142320689471399753e+00 0.000000000000000000e+00
-1.422906412335202653e+00 -1.708125616433287669e-03 0.000000000000000000e+00 -3.514904381397921940e-01 5.583856043501684852e-01 0.000000000000000000e+00
-2.565415580038814092e+00 7.354549372354246550e-07 0.000000000000000000e+00 1.185304401495793081e-01 2.086138567640698493e+00 0.000000000000000000e+00
-2.621771445296287695e+00 4.534955407121191162e-03 0.000000000000000000e+00 -1.658759140713082503e-01 2.148045175123888928e+00 0.000000000000000000e+00
-2.257327121614828513e+00 -7.281087024874857705e-03 0.000000000000000000e+00 2.656200407996813784e-01 1.707655812233856318e+00 0.000000000000000000e+00
-2.838810983014583122e+00 -1.023119508256267740e-02 0.000000000000000000e+00 -7.036720972981548583e-02 2.400746416136721351e+00 0.000000000000000000e+00
-1.417718066031166124e+00 2.968700179700328734e-04 0.000000000000000000e+00 3.649123166353543946e-01 5.409101912384032262e-01 0.000000000000000000e+00
-2.858985875111043296e+00 -1.233339279564746316e-03 0.000000000000000000e+00 3.960187241372799261e-02 2.424221384973547444e+00 0.000000000000000000e+00
-2.135623270932111240e+00 2.623164228548691135e-03 0.000000000000000000e+00 -2.954028994544257714e-01 1.554088415646533550e+00 0.000000000000000000e+00
-2.680247503326382841e+00 6.209799481845523772e-03 0.000000000000000000e+00 1.525363507575376310e-01 2.216249531792670702e+00 0.000000000000000000e+00
-2.670031890678561393e+00 -2.142618559743431073e-03 0.000000000000000000e+00 -1.947993153282704670e-01 2.201192453025277551e+00 0.000000000000000000e+00
-2.597161281926864795e+00 1.025017003511383140e-02 0.000000000000000000e+00 2.223013182672889387e-01 2.114489285813102359e+00 0.000000000000000000e+00
-2.785175786751232785e+00 -4.416869501780655571e-03 0.000000000000000000e+00 -1.471581621453241229e-01 2.336390727875460094e+00 0.000000000000000000e+00
-2.314844777317901503e+00 8.138100276909726594e-03 0.000000000000000000e+00 2.826629323767136936e-01 1.774182382251395573e+00 0.000000000000000000e+00
-2.905690765613946791e+00 2.882503352594205370e-03 0.000000000000000000e+00 -8.336863902687838279e-02 2.475776451729019723e+00 0.000000000000000000e+00
-1.945504235183841413e+00 -3.396374216000905277e-03 0.000000000000000000e+00 3.434465092598590896e-01 1.303887223118043615e+00 0.000000000000000000e+00
-2.969047618807598710e+00 -5.368426483085664280e-03 0.000000000000000000e+00 -3.677105510206332001e-02 2.548059055839588360e+00 0.000000000000000000e+00
-1.369017979117264527e+00 -1.599566938095250967e-03 0.000000000000000000e+00 3.630127351218866982e-01 4.565586612656933330e-01 0.000000000000000000e+00
-2.975757875402606611e+00 3.605791256757416227e-03 0.000000000000000000e+00 2.280949341457581825e-02 2.555737496728321290e+00 0.000000000000000000e+00
-1.834630552381325552e+00 -3.421275536260606764e-03 0.000000000000000000e+00 -3.632620361523921648e-01 1.152879346955614004e+00 0.000000000000000000e+00
-2.926021689235613010e+00 1.689078816729042143e-03 0.000000000000000000e+00 7.416923459945069796e-02 2.498938928521802882e+00 0.000000000000000000e+00
-2.236727634300480716e+00 -3.699520981288850069e-03 0.000000000000000000e+00 -2.957550466611539308e-01 1.677713385336175422e+00 0.000000000000000000e+00
-2.818984303305101413e+00 -7.171443424597336025e-03 0.000000000000000000e+00 1.232166769247988458e-01 2.376148872854012772e+00 0.000000000000000000e+00
-2.534416505444876844e+00 -8.321339213559257597e-03 0.000000000000000000e+00 -2.333758262515741033e-01 2.040360547288934789e+00 0.000000000000000000e+00
-2.680895437570460338e+00 2.124734529571771502e-03 0.000000000000000000e+00 1.865081920545309524e-01 2.214386332890533104e+00 0.000000000000000000e+00
-2.602254015658730602e+00 1.619822452328222549e-03 0.000000000000000000e+00 -1.316732650213176259e-01 2.127915454724267796e+00 0.000000000000000000e+00
-1.767081115721935269e+00 5.099293086320905687e-03 0.000000000000000000e+00 3.464588471233622791e-01 1.067450806169170763e+00 0.000000000000000000e+00
-2.742266357619726147e+00 9.617037697924719908e-03 0.000000000000000000e+00 4.398027715301188606e-02 2.291849154756500972e+00 0.000000000000000000e+00
-2.215894024794851092e+00 7.576402152884968016e-03 0.000000000000000000e+00 -2.521087511213396248e-01 1.659614146953148239e+00 0.000000000000000000e+00
-2.386713012914152721e+00 -1.326391562404966029e-03 0.000000000000000000e+00 2.103876450991914449e-01 1.869539880274709631e+00 0.000000000000000000e+00
-2.698265146226888067e+00 -6.046477867262978201e-03 0.000000000000000000e+00 -7.905446019699637061e-02 2.240693504180016227e+00 0.000000000000000000e+00
-1.417865437460066103e+00 2.733498231921308984e-03 0.000000000000000000e+00 -3.543495057053630548e-01 5.481438372432747563e-01 0.000000000000000000e+00
-2.663685915597137743e+00 -9.889171111749146814e-03 0.000000000000000000e+00 8.936034556472280399e-02 2.200736220397364384e+00 0.000000000000000000e+00
-2.475980505816086641e+00 -4.086673500808999174e-03 0.000000000000000000e+00 -1.904785183842753749e-01 1.976624288021224807e+00 0.000000000000000000e+00
-2.132504530733195125e+00 -2.993683539622976966e-03 0.000000000000000000e+00 2.779368804850036456e-01 1.553470250477509751e+00 0.000000000000000000e+00
-2.764726711665896008e+00 -3.178164568816213564e-03 0.000000000000000000e+00 -2.516313612240595257e-02 2.317662743549409043e+00 0.000000000000000000e+00
-1.842618153361747169e+00 -3.597804028789751418e-03 0.000000000000000000e+00 -3.370595497945569896e-01 1.171380427953106595e+00 0.000000000000000000e+00
-2.605976548453285524e+00 -8.364212714181196162e-03 0.000000000000000000e+00 1.309470046102052532e-01 2.132268804068580437e+00 0.000000000000000000e+00
-2.716684126710776859e+00 -9.103959656622806484e-05 0.000000000000000000e+00 -1.909784094430674595e-01 2.255030286173840715e+00 0.000000000000000000e+00
-2.665351040342596622e+00 -5.816676697362660464e-03 0.000000000000000000e+00 2.009608307889970691e-01 2.195263811906418283e+00 0.000000000000000000e+00
-2.752074026103176863e+00 6.671201219235388391e-03 0.000000000000000000e+00 -1.506216229694540831e-01 2.298491384777194835e+00 0.000000000000000000e+00
-2.383799084772063814e+00 -2.498385519076037897e-03 0.000000000000000000e+00 2.589609264527767407e-01 1.859975746662038576e+00 0.000000000000000000e+00
-2.883336169135216842e+00 4.955015492169589919e-03 0.000000000000000000e+00 -9.368952774875502487e-02 2.450221733950565195e+00 0.000000000000000000e+00
-2.033174547937414811e+00 -2.864251651900656670e-03 0.000000000000000000e+00 3.293651214070844047e-01 1.419182971043290387e+00 0.000000000000000000e+00
-2.959791256907400303e+00 1.182176816288200982e-02 0.000000000000000000e+00 -3.246760863351420834e-02 2.537763007114407277e+00 0.000000000000000000e+00
-1.520778689878655054e+00 1.930803716763712652e-03 0.000000000000000000e+00 3.807267289175922942e-01 6.985914397278945032e-01 0.000000000000000000e+00
-2.977694222460780971e+00 -9.720116497848207970e-03 0.000000000000000000e+00 9.890226367602616975e-04 2.558024075327625546e+00 0.000000000000000000e+00
-1.739077365443391088e+00 -3.062483632772047826e-03 0.000000000000000000e+00 -3.731734737767739563e-01 1.019929382045058119e+00 0.000000000000000000e+00
-2.938755677695120028e+00 -1.097039900131215051e-02 0.000000000000000000e+00 5.299760595745701963e-02 2.513807015879528706e+00 0.000000000000000000e+00
-2.173555145814527467e+00 -1.417709471870920446e-04 0.000000000000000000e+00 -3.056240666231230252e-01 1.598799267877086816e+00 0.000000000000000000e+00
-2.839986060492353026e+00 7.369920821921865928e-03 0.000000000000000000e+00 1.256261035614439636e-01 2.399811041205992090e+00 0.000000000000000000e+00
-2.488683941342079819e+00 -1.322296934774397359e-03 0.000000000000000000e+00 -2.378568112454568229e-01 1.986374236781033531e+00 0.000000000000000000e+00
-2.698597110537834354e+00 4.083833908209447139e-03 0.000000000000000000e+00 1.802180365163127962e-01 2.235209646584514154e+00 0.000000000000000000e+00
1.053153455291512497e+00 1.354292644998320375e-04 0.000000000000000000e+00 -3.264745559992595497e-02 1.386657445636229058e-01 0.000000000000000000e+00
-2.657341054663003188e+00 -1.076425844160339151e-02 0.000000000000000000e+00 -1.703438566980667868e-01 2.188666087380134684e+00 0.000000000000000000e+00
-2.242323817170993827e+00 -7.211479332353054605e-03 0.000000000000000000e+00 2.716744758512348312e-01 1.688567707190784750e+00 0.000000000000000000e+00
-2.854528609403804040e+00 8.599417052782623583e-03 0.000000000000000000e+00 -5.336202053640047571e-02 2.418940393867750061e+00 0.000000000000000000e+00
-1.462413633611789887e+00 3.319125226927902711e-04 0.000000000000000000e+00 3.703288763618648449e-01 6.117329968915383720e-01 0.000000000000000000e+00
-2.878535957924207356e+00 -4.373576893912878294e-03 0.000000000000000000e+00 3.008557908410122023e-02 2.446416832475456715e+00 0.000000000000000000e+00
