-1.008115889907669871e+00 1.393782164514580004e-04 0.000000000000000000e+00 -3.929170445676462287e-02 6.211534511278189730e-02 0.000000000000000000e+00
9.257186333553045765e-01 -6.137124741780099896e-04 0.000000000000000000e+00 6.779374499724998004e-02 1.502019694939825123e-01 0.000000000000000000e+00
9.318981285723727526e-01 5.989588611461389017e-05 0.000000000000000000e+00 -6.738794978113940570e-02 1.424574422406623408e-01 0.000000000000000000e+00
7.275207253123756601e-01 9.152420964357076485e-04 0.000000000000000000e+00 -1.302155542283243150e-01 5.162623248000204335e-01 0.000000000000000000e+00
7.238133453257190597e-01 4.943163145990163952e-04 0.000000000000000000e+00 1.217258335361469934e-01 5.266245872881930579e-01 0.000000000000000000e+00
9.149983947839113174e-01 6.161732613803815560e-04 0.000000000000000000e+00 4.342723383582977603e-02 1.735403781950697888e-01 0.000000000000000000e+00
9.505416243983169089e-01 -1.005646879790340203e-04 0.000000000000000000e+00 -5.136419599979112627e-02 1.325390119878411821e-01 0.000000000000000000e+00
9.546304352568244500e-01 -5.791149216646236750e-04 0.000000000000000000e+00 7.054700353724388528e-02 1.215854859346918448e-01 0.000000000000000000e+00
9.080773874108079013e-01 7.061514961809300245e-04 0.000000000000000000e+00 -7.445892332420883664e-02 1.735359447694423962e-01 0.000000000000000000e+00
9.132447723081610347e-01 -5.446291806323038526e-04 0.000000000000000000e+00 8.848721420263724879e-02 1.583048186050668993e-01 0.000000000000000000e+00
9.437149682775081150e-01 -5.931614610023413711e-04 0.000000000000000000e+00 -8.107773186402689181e-02 1.219540480985909225e-01 0.000000000000000000e+00
8.781875080528895872e-01 -3.025049570328074838e-04 0.000000000000000000e+00 -2.138664815842569733e-01 1.015523455397993879e-01 0.000000000000000000e+00
6.353622867215089620e-01 5.499916254718632130e-04 0.000000000000000000e+00 -1.909417204787761946e-01 7.206957878521933480e-01 0.000000000000000000e+00
6.060027711445639120e-01 -3.102790754900617079e-03 0.000000000000000000e+00 7.829750834642473789e-02 8.157818165113013276e-01 0.000000000000000000e+00
7.183383206977431712e-01 1.630746813563547885e-03 0.000000000000000000e+00 2.716980945612092468e-01 4.810901555204992741e-01 0.000000000000000000e+00
8.110774011757073687e-01 -7.720803335395029499e-05 0.000000000000000000e+00 -1.965153115504340575e-01 3.018891269126183774e-01 0.000000000000000000e+00
6.983655511584914155e-01 -1.033432090298438792e-03 0.000000000000000000e+00 -3.598477021363044592e-02 5.959266929829667436e-01 0.000000000000000000e+00
7.577532152144563771e-01 9.028031917399643828e-04 0.000000000000000000e+00 1.736820046714454557e-01 4.345433871839166073e-01 0.000000000000000000e+00
7.741283052457028635e-01 1.749386153612201428e-03 0.000000000000000000e+00 2.100288707079769057e-01 3.798754627609275403e-01 0.000000000000000000e+00
6.278303644664978700e-01 2.717986288615214120e-03 0.000000000000000000e+00 -3.590184135666261989e-02 7.633680926717831827e-01 0.000000000000000000e+00
8.589231642010173307e-01 -2.360329448818943043e-04 0.000000000000000000e+00 2.193096041210010338e-01 1.583072052230576898e-01 0.000000000000000000e+00
1.033353959247366394e+00 -3.948660644716583555e-05 0.000000000000000000e+00 1.402357738657167840e-01 1.765675716447748234e-02 0.000000000000000000e+00
-1.430033071988915605e+00 -1.204936777752378327e-03 0.000000000000000000e+00 -4.998217812197095627e-02 6.679559473446623485e-01 0.000000000000000000e+00
-1.295234983593654743e+00 7.503392597405711059e-04 0.000000000000000000e+00 -1.511118202320326231e-01 4.517069392356914959e-01 0.000000000000000000e+00
-1.363196506745697478e+00 1.412072453489596896e-03 0.000000000000000000e+00 1.224759007518975429e-01 5.617410537429137207e-01 0.000000000000000000e+00
-1.411278687444011304e+00 -2.279244575759155345e-04 0.000000000000000000e+00 4.723093143062678800e-02 6.416639732450274414e-01 0.000000000000000000e+00
-1.172437745835115841e+00 -3.246805318337514512e-04 0.000000000000000000e+00 -1.315559272472580643e-01 2.613382944470100666e-01 0.000000000000000000e+00
9.947803639526424657e-01 -9.613988232064396740e-04 0.000000000000000000e+00 7.692755244773261114e-02 2.781128268110626411e-01 0.000000000000000000e+00
1.006606749671397294e+00 3.715705172583309976e-04 0.000000000000000000e+00 6.911263666913453063e-02 2.447065747046431317e-01 0.000000000000000000e+00
-1.377752525969941022e+00 2.458858331941440878e-03 0.000000000000000000e+00 -1.531747488923045908e-01 5.757498098982298806e-01 0.000000000000000000e+00
-1.523635709178683406e+00 1.291658751573866726e-03 0.000000000000000000e+00 -2.523023013556283459e-02 7.991051588563571340e-01 0.000000000000000000e+00
-1.458717634730652968e+00 -2.168191003158733560e-03 0.000000000000000000e+00 1.077050607182609837e-01 7.017281811649733747e-01 0.000000000000000000e+00
-1.254898923828484669e+00 -1.419144011826135345e-04 0.000000000000000000e+00 1.934325816924443164e-01 3.691007478860450775e-01 0.000000000000000000e+00
1.007367655039840271e+00 5.741800375758611321e-04 0.000000000000000000e+00 -2.070709578136198104e-01 1.305833618560014731e-01 0.000000000000000000e+00
8.552479495421430045e-01 -3.723930611865882909e-04 0.000000000000000000e+00 -2.159342322831779848e-01 1.736485000061277761e-01 0.000000000000000000e+00
6.605376624595333812e-01 1.211940211875443298e-03 0.000000000000000000e+00 1.354730076416387763e-01 6.710899245041406225e-01 0.000000000000000000e+00
6.551072585081431088e-01 3.402069776597489194e-03 0.000000000000000000e+00 -1.250555514787329014e-01 6.862644986240420408e-01 0.000000000000000000e+00
8.815835770083717549e-01 4.596422878128943006e-04 0.000000000000000000e+00 1.994356375804413051e-01 1.165625270729188506e-01 0.000000000000000000e+00
-1.427609950691917540e+00 3.394501230750107245e-04 0.000000000000000000e+00 -8.103344580481609827e-02 6.614726989750150388e-01 0.000000000000000000e+00
-1.250085836366729986e+00 -1.183976354487237953e-03 0.000000000000000000e+00 1.656115645686941640e-01 3.745747616330997731e-01 0.000000000000000000e+00
-1.449937872985465503e+00 -2.177798313756154625e-03 0.000000000000000000e+00 3.466319962476610561e-02 6.968414342901960712e-01 0.000000000000000000e+00
-1.271535849633954385e+00 -1.249886254396436608e-03 0.000000000000000000e+00 1.996317447624234576e-01 3.936692852921926389e-01 0.000000000000000000e+00
-1.562626850661471556e+00 -1.997183646173079918e-03 0.000000000000000000e+00 1.523356024836600708e-01 8.387970220628051532e-01 0.000000000000000000e+00
-1.707283421611061947e+00 2.993306811502054188e-03 0.000000000000000000e+00 -1.681706866551725688e-02 1.044542344825498681e+00 0.000000000000000000e+00
-1.476194980493915399e+00 2.463205164530963068e-03 0.000000000000000000e+00 -1.861599382484392384e-01 7.102307029934756821e-01 0.000000000000000000e+00
-2.133295757199805021e+00 -1.836627808400534412e-03 0.000000000000000000e+00 -4.907234635731505534e-03 1.579084801886892597e+00 0.000000000000000000e+00
1.031906600827344533e+00 3.964724920815901376e-04 0.000000000000000000e+00 1.087074939695880163e-02 1.419102369958408771e-01 0.000000000000000000e+00
-2.194613070170867708e+00 5.833375180687392150e-03 0.000000000000000000e+00 -1.187133680571887673e-02 1.653057958572078157e+00 0.000000000000000000e+00
-2.208597878377775103e+00 2.468999277657805969e-03 0.000000000000000000e+00 -6.190487708863143951e-02 1.668739467069980886e+00 0.000000000000000000e+00
-2.131707658186022591e+00 1.378414308798862897e-03 0.000000000000000000e+00 -1.245476839423009519e-01 1.572241802910212094e+00 0.000000000000000000e+00
-1.989830082971310699e+00 6.117149122248574655e-03 0.000000000000000000e+00 -1.854440404523235442e-01 1.391129763096513816e+00 0.000000000000000000e+00
-1.779348328815809843e+00 1.511141029757051557e-04 0.000000000000000000e+00 -2.537971569061552857e-01 1.109389258830961289e+00 0.000000000000000000e+00
-1.468484731198263393e+00 -1.288070349153634490e-04 0.000000000000000000e+00 -3.035837182561365033e-01 6.567527940104789241e-01 0.000000000000000000e+00
-1.465217759285005528e+00 -2.794854428935649414e-03 0.000000000000000000e+00 3.024397481543608102e-01 6.522850156707903357e-01 0.000000000000000000e+00
-1.776551703663969750e+00 -4.492050108637467981e-04 0.000000000000000000e+00 2.543027262450420212e-01 1.105582770125174363e+00 0.000000000000000000e+00
-1.987673238301637557e+00 -4.984648004950256728e-03 0.000000000000000000e+00 1.870413746789288123e-01 1.388217804049652448e+00 0.000000000000000000e+00
-2.130268718381914894e+00 6.401299380425773400e-04 0.000000000000000000e+00 1.268629001954623692e-01 1.570306653110886463e+00 0.000000000000000000e+00
-2.208016867059005683e+00 2.874130751909648174e-04 0.000000000000000000e+00 6.478494069942256073e-02 1.667931240120279712e+00 0.000000000000000000e+00
-2.195830809279178730e+00 -2.416235289427748345e-04 0.000000000000000000e+00 1.657001055636163345e-02 1.654472381432161576e+00 0.000000000000000000e+00
1.032257915762859524e+00 -2.857541980787508184e-04 0.000000000000000000e+00 -6.164567066639847423e-03 1.419349550407378313e-01 0.000000000000000000e+00
-2.162855441378325860e+00 2.645410472942866242e-03 0.000000000000000000e+00 -3.874192693059816395e-03 1.614838226717905334e+00 0.000000000000000000e+00
-2.290358571532498999e+00 2.619002482755899974e-05 0.000000000000000000e+00 -6.442734427379698259e-02 1.766318129646341717e+00 0.000000000000000000e+00
-2.110310328400626823e+00 -4.914984155904775914e-03 0.000000000000000000e+00 -1.758303123611341112e-01 1.541202936631186127e+00 0.000000000000000000e+00
-1.724262369002083961e+00 4.737078510039934368e-03 0.000000000000000000e+00 -2.808225263932729865e-01 1.029187694814683862e+00 0.000000000000000000e+00
-1.539282957031449683e+00 2.414137950577672359e-03 0.000000000000000000e+00 3.118086412671581265e-01 7.593180639098870977e-01 0.000000000000000000e+00
-2.019287386263489914e+00 3.660317952260211394e-03 0.000000000000000000e+00 2.084928592146104709e-01 1.424632478320375650e+00 0.000000000000000000e+00
-2.255815626123429674e+00 -7.098601499426759887e-04 0.000000000000000000e+00 9.532248339317803132e-02 1.723739796464634377e+00 0.000000000000000000e+00
-2.295691020945872296e+00 -2.086080937827194948e-03 0.000000000000000000e+00 -3.544583259564082489e-03 1.773823462378791849e+00 0.000000000000000000e+00
-2.247959787585556146e+00 -5.230289316602736160e-03 0.000000000000000000e+00 -1.030349107966858913e-01 1.713911110458550713e+00 0.000000000000000000e+00
-2.013125021545250970e+00 -5.224461156793820671e-04 0.000000000000000000e+00 -2.072477790237192974e-01 1.417133430941657224e+00 0.000000000000000000e+00
-1.541960349729771806e+00 -2.089778382163683113e-03 0.000000000000000000e+00 -3.108816754479267752e-01 7.636323703899718929e-01 0.000000000000000000e+00
-1.707749612950857809e+00 3.540534325752853206e-03 0.000000000000000000e+00 2.882153359582050878e-01 1.004767731642613793e+00 0.000000000000000000e+00
-2.096484727277717397e+00 3.165027854093831194e-03 0.000000000000000000e+00 1.787677012662448606e-01 1.523923378610890778e+00 0.000000000000000000e+00
-2.281791137987032592e+00 -5.404110717802459996e-03 0.000000000000000000e+00 6.589469246764342869e-02 1.756082080258566602e+00 0.000000000000000000e+00
-2.225269162170731008e+00 5.773402046426345802e-03 0.000000000000000000e+00 -1.555143473942754984e-03 1.689876857998330983e+00 0.000000000000000000e+00
-2.233802598388538563e+00 -7.830929401985008143e-03 0.000000000000000000e+00 -7.702708245227979367e-02 1.698351007992038753e+00 0.000000000000000000e+00
-2.112285329818779367e+00 -1.046294086377942689e-03 0.000000000000000000e+00 -1.514278122817555583e-01 1.546197843976123476e+00 0.000000000000000000e+00
-1.884713373256489133e+00 2.785065818021993655e-03 0.000000000000000000e+00 -2.315914618289060534e-01 1.250902051267562154e+00 0.000000000000000000e+00
-1.505702695333521079e+00 -2.316398594974608538e-03 0.000000000000000000e+00 -3.069142254829647087e-01 7.115638030190667429e-01 0.000000000000000000e+00
-1.563193001114290936e+00 1.179550723119024425e-04 0.000000000000000000e+00 3.003139257236285831e-01 7.986882906811301197e-01 0.000000000000000000e+00
-1.917382599907049734e+00 -4.187923379506705221e-03 0.000000000000000000e+00 2.209002020134479549e-01 1.294500920430249558e+00 0.000000000000000000e+00
-2.132092992984904178e+00 -2.873299285496080935e-03 0.000000000000000000e+00 1.388754110035267109e-01 1.571513171095431982e+00 0.000000000000000000e+00
-2.241519057023547923e+00 -5.676380246914219940e-03 0.000000000000000000e+00 5.731640647362903906e-02 1.708353056655731006e+00 0.000000000000000000e+00
-2.197890066945880072e+00 7.824135849324051484e-03 0.000000000000000000e+00 1.207037442185718290e-02 1.657003675578954338e+00 0.000000000000000000e+00
-2.331244829875642743e+00 3.120112720415055274e-03 0.000000000000000000e+00 -7.366678361140201192e-02 1.814458861779505661e+00 0.000000000000000000e+00
-2.045684532868943251e+00 2.450623458195709536e-03 0.000000000000000000e+00 -2.111771584276363467e-01 1.457041545200752353e+00 0.000000000000000000e+00
-1.303093406198006399e+00 -1.587727532545537765e-03 0.000000000000000000e+00 -3.080526334801442778e-01 3.782686481050368532e-01 0.000000000000000000e+00
-1.992413705605898588e+00 6.173497180302483893e-03 0.000000000000000000e+00 2.337067011736862210e-01 1.387084392785651765e+00 0.000000000000000000e+00
-2.313928898357574759e+00 -7.897075720270263499e-03 0.000000000000000000e+00 8.450498727266206322e-02 1.793482706171082297e+00 0.000000000000000000e+00
-2.311116542654429562e+00 -4.142816383620344378e-03 0.000000000000000000e+00 -2.751735161155962478e-02 1.791917298208482112e+00 0.000000000000000000e+00
-2.204824877601737398e+00 -4.322001300384398573e-03 0.000000000000000000e+00 -1.322502006448037226e-01 1.660104896142041486e+00 0.000000000000000000e+00
-1.905065263230054207e+00 4.634578914622253243e-03 0.000000000000000000e+00 -2.382416744778599327e-01 1.275710438983054473e+00 0.000000000000000000e+00
-1.137711012807375743e+00 -3.169382634182159580e-04 0.000000000000000000e+00 2.249007608247063916e-01 8.296753943684206933e-02 0.000000000000000000e+00
-1.238554123055501055e+00 -1.062058042070943356e-03 0.000000000000000000e+00 -2.852448162022410694e-01 2.693941839302673724e-01 0.000000000000000000e+00
-1.882626096283305017e+00 -7.896052304995453130e-04 0.000000000000000000e+00 2.469175570883632154e-01 1.245283676269654638e+00 0.000000000000000000e+00
-2.195173776938589505e+00 -7.656207177589059720e-03 0.000000000000000000e+00 1.283854269684316374e-01 1.648792181732663176e+00 0.000000000000000000e+00
-2.310713411891582858e+00 -2.142936995566169234e-03 0.000000000000000000e+00 2.743132639768305903e-02 1.791437822901319254e+00 0.000000000000000000e+00
-2.334442091124576013e+00 2.354622381299409373e-03 0.000000000000000000e+00 -8.923669232661207706e-02 1.817543623882150072e+00 0.000000000000000000e+00
-1.971380815766836214e+00 -1.497887489007650175e-03 0.000000000000000000e+00 -2.420166760483346280e-01 1.359176199782228700e+00 0.000000000000000000e+00
-1.491966589489002182e+00 -1.130453766386860237e-03 0.000000000000000000e+00 3.230382550752621817e-01 6.835345592562789285e-01 0.000000000000000000e+00
-2.152313998761344216e+00 5.491987606113968301e-03 0.000000000000000000e+00 1.866114721449569080e-01 1.591213296941428101e+00 0.000000000000000000e+00
-2.382393929823570122e+00 -2.491552059958583847e-03 0.000000000000000000e+00 3.603322925201170313e-02 1.875917877712969251e+00 0.000000000000000000e+00
-2.344539913108691920e+00 3.595582919099019059e-03 0.000000000000000000e+00 -1.078485011526449655e-01 1.828486165397481988e+00 0.000000000000000000e+00
-1.833914052842725795e+00 2.085938700090963355e-03 0.000000000000000000e+00 -2.819820288542691511e-01 1.174465262381909181e+00 0.000000000000000000e+00
-1.842959505878256632e+00 2.708771545289044395e-03 0.000000000000000000e+00 2.831304698214925919e-01 1.186013685067388357e+00 0.000000000000000000e+00
-2.348098373910332270e+00 -7.669689213666536221e-03 0.000000000000000000e+00 1.024702918121905282e-01 1.833014312372061028e+00 0.000000000000000000e+00
-2.377347477649419005e+00 8.459589383397983497e-03 0.000000000000000000e+00 -3.195947954784297829e-02 1.870071752582008751e+00 0.000000000000000000e+00
-2.152999062759975324e+00 4.086153348132920415e-03 0.000000000000000000e+00 -1.776279575345516282e-01 1.593070815161053533e+00 0.000000000000000000e+00
-1.515700998116094933e+00 1.152480540948341674e-04 0.000000000000000000e+00 -3.218452687446720084e-01 7.199868569532111851e-01 0.000000000000000000e+00
-1.945906897750327325e+00 3.730105204998959700e-03 0.000000000000000000e+00 2.493481025974488563e-01 1.325617719971731390e+00 0.000000000000000000e+00
-2.318945240341005132e+00 7.564585337385590358e-03 0.000000000000000000e+00 1.048397476409439477e-01 1.798360017352055085e+00 0.000000000000000000e+00
-2.337884405649642616e+00 3.634942769854501710e-03 0.000000000000000000e+00 -2.469508834925428220e-02 1.823636461826493971e+00 0.000000000000000000e+00
-2.194314099205436186e+00 -2.216615494792651200e-03 0.000000000000000000e+00 -1.482666423158939262e-01 1.646071899480948453e+00 0.000000000000000000e+00
-1.796610592688211216e+00 1.106845525026524391e-03 0.000000000000000000e+00 -2.733705938091862131e-01 1.127547905019418817e+00 0.000000000000000000e+00
-1.562897852335625615e+00 -3.023487643558170346e-03 0.000000000000000000e+00 3.109136445926659054e-01 7.942006782112741581e-01 0.000000000000000000e+00
-2.086781936049327157e+00 4.131355538530299965e-03 0.000000000000000000e+00 1.940122592755720021e-01 1.510138569707156986e+00 0.000000000000000000e+00
-2.314068054523106710e+00 8.564774516479061600e-03 0.000000000000000000e+00 7.511764989883400190e-02 1.794069444745104214e+00 0.000000000000000000e+00
-2.133024902907653342e+00 4.727583482837374729e-03 0.000000000000000000e+00 1.576686370906363321e-02 1.578694187284545913e+00 0.000000000000000000e+00
-1.922075847009660610e+00 7.519943527232522684e-04 0.000000000000000000e+00 7.766365740703944087e-02 1.316800544498798464e+00 0.000000000000000000e+00
-1.689777989508844946e+00 1.423592956301455124e-03 0.000000000000000000e+00 2.042387248687561607e-01 1.001154909140991478e+00 0.000000000000000000e+00
-1.334231966496765009e+00 -7.838824898751504955e-04 0.000000000000000000e+00 -2.662309722255373767e-01 4.619603848829457737e-01 0.000000000000000000e+00
-1.788815278418029120e+00 -3.332474873135982119e-03 0.000000000000000000e+00 -1.655913918727041079e-01 1.138239407264157732e+00 0.000000000000000000e+00
-1.953927740558354387e+00 -7.218707402382625038e-04 0.000000000000000000e+00 -3.936585332338284060e-02 1.358286069958146491e+00 0.000000000000000000e+00
-1.767832688547826603e+00 2.169168366575069742e-03 0.000000000000000000e+00 1.268766349925822823e-01 1.116042508966611946e+00 0.000000000000000000e+00
-1.398902104601652097e+00 6.536579567287172793e-04 0.000000000000000000e+00 -2.463669441546705030e-01 5.753570502246257989e-01 0.000000000000000000e+00
-1.848356200723625831e+00 2.450119878748921454e-03 0.000000000000000000e+00 -5.222953531473144284e-02 1.225080096957372078e+00 0.000000000000000000e+00
-1.667563865903361586e+00 -2.998562678460131581e-03 0.000000000000000000e+00 1.616602911488494165e-01 9.793290213894074725e-01 0.000000000000000000e+00
-1.626915306561921293e+00 -6.166950744683277752e-04 0.000000000000000000e+00 -1.812380132489286311e-01 9.210960788715834013e-01 0.000000000000000000e+00
-1.841328681252047961e+00 5.475991231252849700e-03 0.000000000000000000e+00 4.638043619323665989e-02 1.216395940874552384e+00 0.000000000000000000e+00
-1.380862133650043289e+00 -1.376051001435077414e-03 0.000000000000000000e+00 2.449688619428484482e-01 5.479577164174554982e-01 0.000000000000000000e+00
-1.780569983645416521e+00 4.028873986170208518e-03 0.000000000000000000e+00 -1.046440109925726170e-01 1.134818079321488593e+00 0.000000000000000000e+00
1.019440143274377153e+00 -4.439349607463499844e-04 0.000000000000000000e+00 -9.874979182110950326e-02 1.300830378100961138e-01 0.000000000000000000e+00
9.574096990422136244e-01 9.203455457376804542e-05 0.000000000000000000e+00 5.580870969146924099e-02 1.284691506193642863e-01 0.000000000000000000e+00
9.107362950196634666e-01 5.405207552186387741e-04 0.000000000000000000e+00 -4.347704070935781706e-02 1.798021978485710992e-01 0.000000000000000000e+00
-1.002421140536587707e+00 -2.037818891415607179e-04 0.000000000000000000e+00 -2.396074958693452175e-02 6.829883355523841404e-02 0.000000000000000000e+00
8.683613599616968326e-01 1.118599944007571401e-03 0.000000000000000000e+00 -2.375383740312907166e-02 2.526499135552560671e-01 0.000000000000000000e+00
-1.074755861110578081e+00 4.888959395896695648e-04 0.000000000000000000e+00 1.027961817999229477e-01 1.030141667997402088e-01 0.000000000000000000e+00
-1.103991093834603365e+00 -6.277990349533874720e-04 0.000000000000000000e+00 -1.030960532099489124e-01 1.579781991292613652e-01 0.000000000000000000e+00
-9.477878800970777062e-01 -1.223030474463724987e-05 0.000000000000000000e+00 1.170296006961758090e-01 5.632512847183551719e-03 0.000000000000000000e+00
8.572149463757368082e-01 -2.454495159586143893e-04 0.000000000000000000e+00 2.023451144425617576e-01 1.841110760294610571e-01 0.000000000000000000e+00
-1.366929347961443719e+00 1.357041326509572220e-04 0.000000000000000000e+00 -1.587306050324060747e-01 5.581695568592837109e-01 0.000000000000000000e+00
-1.521918637883543202e+00 6.326681225112540385e-04 0.000000000000000000e+00 -3.193502398424590688e-02 7.965232655826095520e-01 0.000000000000000000e+00
-1.466662326041119346e+00 3.332667699910883685e-03 0.000000000000000000e+00 1.044680977672517996e-01 7.134002645364456718e-01 0.000000000000000000e+00
-1.249529570844431614e+00 -2.202914415478790522e-04 0.000000000000000000e+00 1.917120069149199080e-01 3.609893975480794603e-01 0.000000000000000000e+00
-1.067563058275447174e+00 -4.161879661936845670e-04 0.000000000000000000e+00 8.715941927328069161e-02 1.035080688954728989e-01 0.000000000000000000e+00
-1.104049899717999050e+00 -2.271710768377552042e-04 0.000000000000000000e+00 -7.807905876697396330e-02 1.718232888824625104e-01 0.000000000000000000e+00
1.016399653796514757e+00 -1.942726868736641740e-04 0.000000000000000000e+00 8.015401530044817535e-02 1.543320228257220039e-01 0.000000000000000000e+00
-1.797870042928019441e+00 -2.219752986243060493e-03 0.000000000000000000e+00 1.018872975536709857e-01 1.157355016042423745e+00 0.000000000000000000e+00
-1.288889350313459747e+00 1.165808410184196453e-04 0.000000000000000000e+00 -2.490109912604512310e-01 3.950748459983022265e-01 0.000000000000000000e+00
-1.831672042404924206e+00 -5.603823137286911837e-03 0.000000000000000000e+00 -7.616452820328314943e-02 1.202592502195268587e+00 0.000000000000000000e+00
-1.628051985914505284e+00 4.579429276439582475e-03 0.000000000000000000e+00 1.674379581165264252e-01 9.252503646395867642e-01 0.000000000000000000e+00
-1.689757829973208558e+00 -2.554465232314846734e-03 0.000000000000000000e+00 -1.343527316123298010e-01 1.012880293530940001e+00 0.000000000000000000e+00
1.016018776419175262e+00 2.915409941659534085e-04 0.000000000000000000e+00 -1.120939659851516862e-01 1.350935463094269373e-01 0.000000000000000000e+00
-1.101703896078231271e+00 7.874755874591318414e-04 0.000000000000000000e+00 3.390607520722942192e-02 1.820829681282805368e-01 0.000000000000000000e+00
-1.057251482914969731e+00 -4.828487876691272109e-04 0.000000000000000000e+00 -6.995091070760826868e-02 9.891268710470110803e-02 0.000000000000000000e+00
9.322654788113113877e-01 6.623305497323317415e-05 0.000000000000000000e+00 1.005594237206996894e-01 1.208745095362510902e-01 0.000000000000000000e+00
9.174749570507043650e-01 5.321322566876280150e-04 0.000000000000000000e+00 -1.075881176931886285e-01 1.386808701028531821e-01 0.000000000000000000e+00
8.751949434350254631e-01 -5.132081851087675305e-04 0.000000000000000000e+00 5.050584587095700850e-02 2.365718181773401319e-01 0.000000000000000000e+00
6.247106069420547136e-01 1.295868407292161519e-03 0.000000000000000000e+00 -1.345757407502461978e-01 7.602088368902164550e-01 0.000000000000000000e+00
6.407670362767361460e-01 9.017795724434955057e-04 0.000000000000000000e+00 1.797864157256750806e-01 7.098878107803645587e-01 0.000000000000000000e+00
7.705324396264179310e-01 -1.831925554423398557e-03 0.000000000000000000e+00 -2.273375738242628397e-01 3.784337100146494270e-01 0.000000000000000000e+00
-9.810382157661549085e-01 -1.910412241611138002e-04 0.000000000000000000e+00 1.418318892799913175e-02 7.825048013160057492e-02 0.000000000000000000e+00
7.651219912108244703e-01 1.364976792414604803e-03 0.000000000000000000e+00 2.266428189480750865e-01 3.918135559490302233e-01 0.000000000000000000e+00
6.341848243145394859e-01 -9.599908802594816007e-04 0.000000000000000000e+00 -1.473745073127099570e-01 7.338197582671457386e-01 0.000000000000000000e+00
6.507656518061475381e-01 5.373506021913885752e-04 0.000000000000000000e+00 1.893011296577403468e-01 6.822541877181875769e-01 0.000000000000000000e+00
7.217472620927990468e-01 1.566963903150097454e-03 0.000000000000000000e+00 -2.409771758220428106e-01 4.888756197368465672e-01 0.000000000000000000e+00
6.504772251977151143e-01 -1.228062349247887588e-03 0.000000000000000000e+00 1.477763232171588337e-01 6.931432726068503802e-01 0.000000000000000000e+00
6.792381881016946732e-01 -2.736219414446287856e-04 0.000000000000000000e+00 -1.950655743263646769e-01 6.103521606937956090e-01 0.000000000000000000e+00
7.015638447807768241e-01 -1.182983395208053864e-03 0.000000000000000000e+00 2.217933578423841867e-01 5.465327985512824505e-01 0.000000000000000000e+00
6.435756210186960313e-01 1.457159777276610235e-03 0.000000000000000000e+00 -1.456417483800418466e-01 7.106731589740664656e-01 0.000000000000000000e+00
6.939284365881237537e-01 5.966607089812892006e-04 0.000000000000000000e+00 2.284010790587076567e-01 5.624715373896477244e-01 0.000000000000000000e+00
6.606582369444634617e-01 1.504870904574129309e-03 0.000000000000000000e+00 -1.995966938885275210e-01 6.545975055741626303e-01 0.000000000000000000e+00
6.415227138609971291e-01 -2.438655815877165383e-03 0.000000000000000000e+00 1.592039533711219756e-01 7.128824668646773777e-01 0.000000000000000000e+00
7.220141846764168703e-01 1.438063655644819527e-03 0.000000000000000000e+00 -2.348736998758702010e-01 4.911901204106503549e-01 0.000000000000000000e+00
6.704564766785909846e-01 9.001875491509003097e-04 0.000000000000000000e+00 1.781210446705035477e-01 6.367837846895469944e-01 0.000000000000000000e+00
6.547475300189183889e-01 -1.650708605864634800e-03 0.000000000000000000e+00 -1.479867728454593023e-01 6.825967957410515874e-01 0.000000000000000000e+00
7.392336128599579226e-01 1.652178379648748443e-04 0.000000000000000000e+00 2.433511308870725809e-01 4.449842897875104786e-01 0.000000000000000000e+00
6.529910066700801430e-01 1.535422088810869945e-03 0.000000000000000000e+00 -2.061740354442243017e-01 6.717438814250338286e-01 0.000000000000000000e+00
6.184050551917817939e-01 -2.155372638710323363e-03 0.000000000000000000e+00 1.057517735534633518e-01 7.807597946258950650e-01 0.000000000000000000e+00
8.336249740457267743e-01 -8.871824733962278484e-04 0.000000000000000000e+00 2.430220164983622477e-01 2.035948280465885996e-01 0.000000000000000000e+00
-1.145271289880374521e+00 1.185587934973013173e-03 0.000000000000000000e+00 -1.739159938653080800e-02 2.506487006621100910e-01 0.000000000000000000e+00
9.746140909189714430e-01 1.690670118330112005e-04 0.000000000000000000e+00 3.515290535159856788e-02 1.467267762284042987e-01 0.000000000000000000e+00
1.005623347602873086e+00 -3.944527603146033199e-04 0.000000000000000000e+00 7.726687162954645749e-02 2.602531769983594812e-01 0.000000000000000000e+00
-1.439770804972250406e+00 3.075364946931110482e-03 0.000000000000000000e+00 -7.160884454252719467e-02 6.797354037514760083e-01 0.000000000000000000e+00
-1.260175724854053714e+00 9.047172674829968841e-04 0.000000000000000000e+00 1.659834641437717417e-01 3.907847517976108520e-01 0.000000000000000000e+00
-1.455845245210729333e+00 8.613243015429816740e-04 0.000000000000000000e+00 2.565486680321807031e-02 7.054858717354326458e-01 0.000000000000000000e+00
-1.274405557460388305e+00 1.865053690416161505e-03 0.000000000000000000e+00 -1.787589642364633968e-01 4.082308161703750993e-01 0.000000000000000000e+00
-1.505932020030047669e+00 -2.950465909264853286e-03 0.000000000000000000e+00 -4.106379329689489877e-02 7.741687578586156082e-01 0.000000000000000000e+00
-1.427863767025080222e+00 1.497117934983008616e-03 0.000000000000000000e+00 1.213028660122723867e-01 6.556592022140877996e-01 0.000000000000000000e+00
-1.537137858347827013e+00 -3.492628694762026781e-03 0.000000000000000000e+00 1.614989023389602485e-01 8.018354421393438791e-01 0.000000000000000000e+00
-1.705941484984502932e+00 -2.373490276065690074e-03 0.000000000000000000e+00 -4.581362046248236425e-03 1.042920430051882397e+00 0.000000000000000000e+00
-1.523586846417938734e+00 3.164405489225283891e-04 0.000000000000000000e+00 -1.687922653045762500e-01 7.814218573330804496e-01 0.000000000000000000e+00
-1.354171544353772960e+00 -4.780552133561329076e-05 0.000000000000000000e+00 6.946615307442818854e-02 5.576709843115248422e-01 0.000000000000000000e+00
-1.142591681757595623e+00 2.121580392642286386e-04 0.000000000000000000e+00 -1.451316999248452033e-01 2.000727868256787223e-01 0.000000000000000000e+00
-1.365206789147566768e+00 2.225121403869592326e-03 0.000000000000000000e+00 -5.955762549374718495e-02 5.747587055070022544e-01 0.000000000000000000e+00
-1.791262282084005175e+00 -3.219885324593398622e-03 0.000000000000000000e+00 9.817244740266256597e-02 1.149177059619316044e+00 0.000000000000000000e+00
-1.334373526545996391e+00 -1.224030870662230763e-03 0.000000000000000000e+00 -2.488403084034495616e-01 4.717920550241210265e-01 0.000000000000000000e+00
-1.836530001991976802e+00 -3.278107640707513676e-03 0.000000000000000000e+00 -5.528644504332755338e-02 1.209912943039949784e+00 0.000000000000000000e+00
-1.640025800484942842e+00 4.065831159041216614e-05 0.000000000000000000e+00 1.729488196748489026e-01 9.404039074443077961e-01 0.000000000000000000e+00
-1.661527517458683878e+00 4.726651230112732804e-03 0.000000000000000000e+00 -1.606075094292571115e-01 9.714422280251437947e-01 0.000000000000000000e+00
-1.843123690027888006e+00 -2.950483150768118748e-03 0.000000000000000000e+00 5.585865612553840565e-02 1.218273632388657379e+00 0.000000000000000000e+00
-1.366503572160501889e+00 -1.566429474620788243e-03 0.000000000000000000e+00 2.483320252482564827e-01 5.238075402589361662e-01 0.000000000000000000e+00
-1.779901685293862723e+00 4.515576899980298931e-03 0.000000000000000000e+00 -1.131012052494763387e-01 1.133145621850776052e+00 0.000000000000000000e+00
-2.091711319931985003e+00 2.498024404799667475e-03 0.000000000000000000e+00 5.891156016394283323e-03 1.528548339156492686e+00 0.000000000000000000e+00
-1.944105041317598648e+00 -5.499012128731820513e-03 0.000000000000000000e+00 7.037859792530501424e-02 1.344786088226942677e+00 0.000000000000000000e+00
-1.755387327859465607e+00 3.152860508386090554e-04 0.000000000000000000e+00 1.861076666814476255e-01 1.091414379738883556e+00 0.000000000000000000e+00
-1.310699625644311528e+00 -1.231154347164666735e-03 0.000000000000000000e+00 2.670876059953283810e-01 4.214626683855696720e-01 0.000000000000000000e+00
-1.666147113462327578e+00 -4.057763997480708096e-03 0.000000000000000000e+00 -2.196938445340917978e-01 9.660535440157254072e-01 0.000000000000000000e+00
-1.906924905517076496e+00 -4.554829089730200523e-03 0.000000000000000000e+00 -1.088487793148221194e-01 1.295539963240003534e+00 0.000000000000000000e+00
-2.002539011127042912e+00 4.006667898465989322e-03 0.000000000000000000e+00 -9.156407735407493670e-04 1.419150585056590641e+00 0.000000000000000000e+00
-1.903747441173313071e+00 4.463383765405435667e-03 0.000000000000000000e+00 1.044078943927779501e-01 1.291902767682458819e+00 0.000000000000000000e+00
-1.648415167838572781e+00 4.694994674237056020e-03 0.000000000000000000e+00 2.226013592215522474e-01 9.413384098493358110e-01 0.000000000000000000e+00
-1.380719401990139206e+00 1.831541034987138085e-03 0.000000000000000000e+00 -2.666940221348819140e-01 5.374957529855464156e-01 0.000000000000000000e+00
-1.793762541667991428e+00 -1.053911715555917727e-03 0.000000000000000000e+00 -1.662940884888215454e-01 1.144549036076988546e+00 0.000000000000000000e+00
-1.957507339308709238e+00 2.378790560002529142e-04 0.000000000000000000e+00 -4.813209626785595885e-02 1.362463957264755887e+00 0.000000000000000000e+00
-1.336124463290451203e+00 -7.417832931771797811e-04 0.000000000000000000e+00 2.069557956249398201e-01 4.943605906067798372e-01 0.000000000000000000e+00
-1.602931136213639363e+00 1.481718199281785442e-03 0.000000000000000000e+00 1.115696224492814526e-01 8.998638724110763487e-01 0.000000000000000000e+00
-1.676189120513165598e+00 -4.508387233299639141e-04 0.000000000000000000e+00 -1.389352670802741947e-02 1.003839718263154435e+00 0.000000000000000000e+00
-1.561664443125026835e+00 -1.015353677454880477e-03 0.000000000000000000e+00 -1.370258771448511492e-01 8.401232829724265549e-01 0.000000000000000000e+00
-1.271504741875389088e+00 -2.338289881541069865e-04 0.000000000000000000e+00 -2.098857842780084693e-01 3.882672336971935700e-01 0.000000000000000000e+00
-1.800717905889689163e+00 5.265296284035469662e-03 0.000000000000000000e+00 9.658018007748873923e-02 1.161480114003477837e+00 0.000000000000000000e+00
-1.283900831403097076e+00 3.911058080856215195e-04 0.000000000000000000e+00 -2.470811921479839635e-01 3.876100951044524345e-01 0.000000000000000000e+00
-1.830580578454378493e+00 6.296976369152829101e-04 0.000000000000000000e+00 -6.207923667173416427e-02 1.202001747854886560e+00 0.000000000000000000e+00
-1.640980708709607327e+00 1.742194417231335279e-03 0.000000000000000000e+00 1.691344195129814154e-01 9.423866704107664027e-01 0.000000000000000000e+00
-1.667327800207389465e+00 -1.609636007937911839e-03 0.000000000000000000e+00 -1.567777863465660837e-01 9.798077151552180286e-01 0.000000000000000000e+00
-1.855094024263074903e+00 -1.768077812578785352e-03 0.000000000000000000e+00 6.269836565443347165e-02 1.233143986311988183e+00 0.000000000000000000e+00
-1.425740271740933318e+00 -1.675359995135695598e-03 0.000000000000000000e+00 2.457470768289449214e-01 6.166362371989992930e-01 0.000000000000000000e+00
-1.748820560510447208e+00 3.800000617452198304e-03 0.000000000000000000e+00 -1.424830970768760918e-01 1.089404281985180134e+00 0.000000000000000000e+00
-1.900416037409804471e+00 3.111746500829966344e-03 0.000000000000000000e+00 3.669572605929617704e-02 1.291405848524664446e+00 0.000000000000000000e+00
-1.636515740578635025e+00 4.624489578489458450e-03 0.000000000000000000e+00 2.058058250928947452e-01 9.290041829309921839e-01 0.000000000000000000e+00
-1.562157865862448869e+00 3.672121544423576078e-03 0.000000000000000000e+00 -2.234955157914276236e-01 8.220574598371162001e-01 0.000000000000000000e+00
-1.885135013405193183e+00 -3.526324146411923769e-03 0.000000000000000000e+00 -6.029894368166416330e-02 1.271269605063126917e+00 0.000000000000000000e+00
-1.693793225073605413e+00 4.294349151561217826e-03 0.000000000000000000e+00 1.496798222353276087e-01 1.016081356176190109e+00 0.000000000000000000e+00
-1.598786959331273128e+00 -2.751176295568882879e-03 0.000000000000000000e+00 -1.905474801311330402e-01 8.808318951949589692e-01 0.000000000000000000e+00
-1.832967643576347783e+00 2.220066985474311236e-04 0.000000000000000000e+00 4.152665516669633294e-02 1.205927339689286892e+00 0.000000000000000000e+00
-1.333774100406002860e+00 -5.732963921693081440e-04 0.000000000000000000e+00 2.462691532082697532e-01 4.721634315447569841e-01 0.000000000000000000e+00
-1.793446326393733692e+00 -1.900996675684040252e-03 0.000000000000000000e+00 -9.052074183424639597e-02 1.152614264842109160e+00 0.000000000000000000e+00
-1.516180412314839909e+00 2.833358124050673610e-03 0.000000000000000000e+00 1.873960313513485243e-01 7.667480890073685718e-01 0.000000000000000000e+00
-1.734729112905176507e+00 -1.941476957334199033e-03 0.000000000000000000e+00 -3.256725710701196402e-02 1.079925058347400935e+00 0.000000000000000000e+00
-1.304577208691864776e+00 -7.175567070843540118e-04 0.000000000000000000e+00 -2.271483400066432734e-01 4.341936851799475527e-01 0.000000000000000000e+00
-1.715945367138058675e+00 6.851568706798573383e-05 0.000000000000000000e+00 7.530078787095438597e-02 1.053294994481382751e+00 0.000000000000000000e+00
-1.597493002462339273e+00 -2.986678608831162124e-03 0.000000000000000000e+00 -1.583456210694557109e-01 8.854262091803716261e-01 0.000000000000000000e+00
1.013069850649608306e+00 3.759682958190011469e-04 0.000000000000000000e+00 -1.274551185825336108e-01 1.416149719786051198e-01 0.000000000000000000e+00
8.206468721920340270e-01 -4.019585371119408640e-04 0.000000000000000000e+00 3.486288175167526898e-02 3.399407861912581152e-01 0.000000000000000000e+00
8.025912460014420491e-01 1.565529045297227089e-03 0.000000000000000000e+00 3.560409460173469959e-02 3.751879535418575218e-01 0.000000000000000000e+00
8.816618782384364472e-01 5.977296293469686050e-05 0.000000000000000000e+00 -2.973756123978094968e-04 2.309093030950513659e-01 0.000000000000000000e+00
7.966723679887586229e-01 5.778349222826341045e-04 0.000000000000000000e+00 -1.574070217919653486e-02 3.882770062988221138e-01 0.000000000000000000e+00
8.494471565132015733e-01 -1.405246555969852373e-03 0.000000000000000000e+00 -3.897749276594468515e-02 2.850194484183574684e-01 0.000000000000000000e+00
-1.011260421765213469e+00 8.433398925297160660e-05 0.000000000000000000e+00 3.874493677146352566e-02 6.403249271123508113e-02 0.000000000000000000e+00
8.517262420500718578e-01 -2.767995737600554076e-04 0.000000000000000000e+00 2.391999138423072865e-02 2.825048889938115426e-01 0.000000000000000000e+00
-1.075674501133565109e+00 -5.763768609334600198e-04 0.000000000000000000e+00 6.459406610087299605e-02 1.319055746274360175e-01 0.000000000000000000e+00
-1.095616486665585754e+00 -4.838009214891032805e-04 0.000000000000000000e+00 -4.964733689980641018e-02 1.689884768376636592e-01 0.000000000000000000e+00
9.024092678305730697e-01 4.752879178458483886e-04 0.000000000000000000e+00 8.027764280973861966e-02 1.803598702612668747e-01 0.000000000000000000e+00
9.648563935338896336e-01 -4.737553659351911861e-04 0.000000000000000000e+00 -8.027544979448175688e-02 1.161622359000277493e-01 0.000000000000000000e+00
-1.418152972569659553e+00 3.212911948080703073e-03 0.000000000000000000e+00 -9.389752943278775743e-02 6.463374881894866641e-01 0.000000000000000000e+00
-1.326260569175307547e+00 -2.408864314802555695e-03 0.000000000000000000e+00 1.464679370041999940e-01 5.006488349745565891e-01 0.000000000000000000e+00
-1.444487528174434043e+00 -8.567457310369522294e-04 0.000000000000000000e+00 1.922855129270869406e-02 6.898300654515382435e-01 0.000000000000000000e+00
-1.201761901927932641e+00 5.139034416298676744e-04 0.000000000000000000e+00 1.952516070452612051e-01 2.747531867056430266e-01 0.000000000000000000e+00
1.003753341204504546e+00 3.163637073871931535e-04 0.000000000000000000e+00 -2.816906900125779045e-01 1.797310066523295502e-01 0.000000000000000000e+00
8.508376482223547477e-01 2.703877756641938704e-04 0.000000000000000000e+00 -2.134943852069347003e-01 1.890052522695760406e-01 0.000000000000000000e+00
7.121253077238294260e-01 9.361783351746486362e-04 0.000000000000000000e+00 1.995646523456945931e-01 5.299161526065054861e-01 0.000000000000000000e+00
6.390950437924469707e-01 1.821571063500957224e-03 0.000000000000000000e+00 -1.185452047192042495e-02 7.362939801838395137e-01 0.000000000000000000e+00
7.270357089627554892e-01 -5.467334265123278275e-05 0.000000000000000000e+00 -2.060673769547775591e-01 4.921040387142542327e-01 0.000000000000000000e+00
9.295906463571922407e-01 6.083747160315804224e-05 0.000000000000000000e+00 1.582042439572859949e-01 2.554002133747521400e-02 0.000000000000000000e+00
-1.228660476414810354e+00 -1.202836762482613168e-03 0.000000000000000000e+00 4.903742621483153652e-02 3.743585761657981514e-01 0.000000000000000000e+00
-1.222876786028121110e+00 -6.882765623101639620e-06 0.000000000000000000e+00 -5.252894574328232508e-02 3.651167232742935642e-01 0.000000000000000000e+00
-1.104279953211095400e+00 9.158969088358835317e-04 0.000000000000000000e+00 1.775239719494809895e-02 1.882598397952524039e-01 0.000000000000000000e+00
-1.025923699524667665e+00 -2.105848581045920371e-05 0.000000000000000000e+00 -7.489553992033662344e-02 3.988009814546505938e-02 0.000000000000000000e+00
-1.037087618730941685e+00 9.283827488536114479e-05 0.000000000000000000e+00 -3.996606553879565593e-02 8.742788064772211154e-02 0.000000000000000000e+00
-1.049045411359897262e+00 1.822170810673727926e-04 0.000000000000000000e+00 6.781316789840696746e-02 8.718182857086127779e-02 0.000000000000000000e+00
-1.098279032704672753e+00 8.021544872752796058e-04 0.000000000000000000e+00 -1.322527164017875401e-02 1.796175835617828676e-01 0.000000000000000000e+00
