1.002167173769273445e+00 -3.078489503822185586e-04 0.000000000000000000e+00 2.424574933414183620e-02 9.487918712612533612e-02 0.000000000000000000e+00
-1.146650098452560274e+00 -1.178183641067441501e-03 0.000000000000000000e+00 -1.248860453298318920e-02 2.530150176619412328e-01 0.000000000000000000e+00
9.761416324362259811e-01 -6.410242410136195645e-05 0.000000000000000000e+00 2.304473830346357582e-02 1.518641922973752445e-01 0.000000000000000000e+00
-1.161347340414542684e+00 1.052292765900197241e-03 0.000000000000000000e+00 -1.598356908466357258e-03 2.757051636524538440e-01 0.000000000000000000e+00
-1.143742827784001381e+00 -3.400773938292550591e-05 0.000000000000000000e+00 -9.285762656707069462e-02 2.309295794060767792e-01 0.000000000000000000e+00
-1.174658639940188820e+00 -5.359104801538876889e-04 0.000000000000000000e+00 2.746810755287871705e-02 2.946876639084526905e-01 0.000000000000000000e+00
-1.357612008693643624e+00 2.251936093394199881e-03 0.000000000000000000e+00 4.930079295568843417e-02 5.647742745383439456e-01 0.000000000000000000e+00
-1.216557824635786211e+00 3.475022019495434267e-04 0.000000000000000000e+00 -1.341916440650094966e-01 3.333572998735414572e-01 0.000000000000000000e+00
-1.396398874304409787e+00 -3.092417352688257154e-03 0.000000000000000000e+00 -4.095607508899353627e-02 6.209836049236248101e-01 0.000000000000000000e+00
-1.237364927794592173e+00 5.260317428390833688e-04 0.000000000000000000e+00 1.999766546359989516e-01 3.354886574448863179e-01 0.000000000000000000e+00
-1.788215286131059178e+00 -1.437730092042205365e-04 0.000000000000000000e+00 9.770160279559603200e-02 1.145284314981035445e+00 0.000000000000000000e+00
-1.353092708791581611e+00 -1.527486222071348931e-03 0.000000000000000000e+00 -2.471757546208501188e-01 5.029625154278150045e-01 0.000000000000000000e+00
-1.836877220594816063e+00 -6.218328685499655700e-04 0.000000000000000000e+00 -4.320057537355723176e-02 1.210838212336629915e+00 0.000000000000000000e+00
-1.615066497976587190e+00 9.807805207241726553e-06 0.000000000000000000e+00 1.840747243293338609e-01 9.044217465962718361e-01 0.000000000000000000e+00
-1.680833478225923328e+00 4.464986773954206928e-03 0.000000000000000000e+00 -1.526506394262024946e-01 9.984388042910471439e-01 0.000000000000000000e+00
-1.856140810208698255e+00 -3.621643656726701577e-03 0.000000000000000000e+00 5.642837230239116514e-02 1.234772191017271092e+00 0.000000000000000000e+00
-1.433708430064176031e+00 -1.701452608919618720e-03 0.000000000000000000e+00 2.439668445899887683e-01 6.293532484482851075e-01 0.000000000000000000e+00
-1.747191710678128951e+00 -1.039690472073931393e-03 0.000000000000000000e+00 -1.448203625628041447e-01 1.086957757110676104e+00 0.000000000000000000e+00
-1.899004268129730555e+00 1.486700362468097725e-03 0.000000000000000000e+00 3.795619353487926506e-02 1.289586432015534356e+00 0.000000000000000000e+00
-1.630385555944481091e+00 -2.870655048623375893e-03 0.000000000000000000e+00 2.035739652962094415e-01 9.211444546859841598e-01 0.000000000000000000e+00
-1.571129466393598628e+00 2.768877683327536365e-03 0.000000000000000000e+00 -2.215305467465489286e-01 8.351250647451784470e-01 0.000000000000000000e+00
-1.887511344698159288e+00 6.274177286906627501e-03 0.000000000000000000e+00 -5.034974286123269915e-02 1.274702156012977872e+00 0.000000000000000000e+00
-1.710613450123397161e+00 -4.962355141343233883e-03 0.000000000000000000e+00 1.408157662117914266e-01 1.039537849281993331e+00 0.000000000000000000e+00
-1.563557056437551385e+00 -2.478669678947283128e-03 0.000000000000000000e+00 -2.061490959214407614e-01 8.285169426585878849e-01 0.000000000000000000e+00
-1.845173782714765398e+00 -1.348210969459733705e-03 0.000000000000000000e+00 1.697752238768312008e-02 1.222031939279185853e+00 0.000000000000000000e+00
-1.455434357945388779e+00 -5.334422416890388652e-04 0.000000000000000000e+00 2.332391973781163530e-01 6.656931429826247193e-01 0.000000000000000000e+00
-1.758808411586282094e+00 -1.958692771363804153e-03 0.000000000000000000e+00 -1.190582165620483468e-01 1.105190365532977115e+00 0.000000000000000000e+00
1.036763481924040553e+00 3.816299016060588833e-04 0.000000000000000000e+00 7.232263332637772768e-02 1.195399628170807083e-01 0.000000000000000000e+00
-2.220987154937184904e+00 -2.802949400402016122e-03 0.000000000000000000e+00 -2.979726688675497087e-02 1.684478917570880752e+00 0.000000000000000000e+00
-2.192523223439700075e+00 -2.319213432922948015e-03 0.000000000000000000e+00 -8.795614295350638601e-02 1.648236448755564965e+00 0.000000000000000000e+00
-2.084886704948220260e+00 -1.745872231556915011e-03 0.000000000000000000e+00 -1.532339125987386419e-01 1.512490022896144204e+00 0.000000000000000000e+00
-1.908378413409729912e+00 4.818683862150771602e-03 0.000000000000000000e+00 -2.157080809232890528e-01 1.283930717673919641e+00 0.000000000000000000e+00
-1.648089499503708977e+00 2.725417919276683365e-03 0.000000000000000000e+00 -2.813604736414295759e-01 9.250124108208501728e-01 0.000000000000000000e+00
-1.216438464871054670e+00 8.149220542954952254e-04 0.000000000000000000e+00 2.707789070718140678e-01 2.359747897857200905e-01 0.000000000000000000e+00
-1.159785810202040413e+00 -2.066247091804067609e-04 0.000000000000000000e+00 -2.395875165981446175e-01 1.315710302298981338e-01 0.000000000000000000e+00
-1.665507189061291138e+00 -2.531861421327543868e-03 0.000000000000000000e+00 2.782659683946033802e-01 9.499487052304885770e-01 0.000000000000000000e+00
-1.920009988859211258e+00 -3.725098232779666674e-03 0.000000000000000000e+00 2.127396496411302906e-01 1.299201124091561965e+00 0.000000000000000000e+00
-2.093110579090492696e+00 -2.036153295418802883e-03 0.000000000000000000e+00 1.465646549221472639e-01 1.523226052713697154e+00 0.000000000000000000e+00
-2.196761381256338463e+00 -4.942037339508721303e-03 0.000000000000000000e+00 7.861359442834706113e-02 1.653813964648211066e+00 0.000000000000000000e+00
-2.219196561183274241e+00 5.804448040787016372e-03 0.000000000000000000e+00 2.958609992962332735e-02 1.682344426810785221e+00 0.000000000000000000e+00
1.032120879081092291e+00 4.084169009210786121e-04 0.000000000000000000e+00 -2.530893420426083215e-02 1.399127839329433742e-01 0.000000000000000000e+00
-2.063820823553362160e+00 6.905390032855614896e-03 0.000000000000000000e+00 3.093028255878291916e-02 1.494184702133410036e+00 0.000000000000000000e+00
-2.002071327783127686e+00 1.431840267081943563e-03 0.000000000000000000e+00 8.059167360804034286e-02 1.416274175205863184e+00 0.000000000000000000e+00
-1.908424964317257277e+00 -5.269417753046266167e-03 0.000000000000000000e+00 1.396075280414373065e-01 1.294479314440273754e+00 0.000000000000000000e+00
-1.757303039901911834e+00 5.196421389856847872e-04 0.000000000000000000e+00 2.084148062709930416e-01 1.089891152934637564e+00 0.000000000000000000e+00
-1.530641837707379160e+00 -7.759437092232368549e-04 0.000000000000000000e+00 2.652499922429254475e-01 7.643563768180652307e-01 0.000000000000000000e+00
-1.267658865635964638e+00 1.225983964658811098e-03 0.000000000000000000e+00 -2.694167572199734906e-01 3.423666040402471022e-01 0.000000000000000000e+00
-1.604408638383169272e+00 -2.468203167199672921e-03 0.000000000000000000e+00 -2.526349556082324588e-01 8.729025202746305556e-01 0.000000000000000000e+00
-1.806999695722140586e+00 2.869106127940612705e-03 0.000000000000000000e+00 -1.879511883937003969e-01 1.158366242854289574e+00 0.000000000000000000e+00
-1.940303544471706942e+00 5.852484782744724751e-03 0.000000000000000000e+00 -1.207070949525058390e-01 1.336441726017588261e+00 0.000000000000000000e+00
-2.020805060014991827e+00 1.315496907003527172e-03 0.000000000000000000e+00 -6.132052442263163233e-02 1.440371614831598368e+00 0.000000000000000000e+00
-2.093859486243077495e+00 3.853033905448083329e-05 0.000000000000000000e+00 -1.850414509377637517e-02 1.531061512074790132e+00 0.000000000000000000e+00
1.064620186931621193e+00 3.278077458639281835e-04 0.000000000000000000e+00 1.320995486881836600e-01 7.272448682105367435e-02 0.000000000000000000e+00
-2.391492824152113172e+00 5.471960905312017731e-03 0.000000000000000000e+00 -7.930534980578451965e-02 1.885295954937312057e+00 0.000000000000000000e+00
-1.949431370302192601e+00 3.176057096230255894e-04 0.000000000000000000e+00 -2.579686644255896333e-01 1.328437235777577108e+00 0.000000000000000000e+00
-1.739094686754627528e+00 2.055185230693902521e-03 0.000000000000000000e+00 3.042352668934305004e-01 1.042590837683854854e+00 0.000000000000000000e+00
-2.325871802835938862e+00 -1.549960682568888096e-03 0.000000000000000000e+00 1.245341612587701208e-01 1.805306897887849704e+00 0.000000000000000000e+00
-2.412482343702430754e+00 4.872098678062430910e-03 0.000000000000000000e+00 -2.776009642412569089e-02 1.911389991907484820e+00 0.000000000000000000e+00
-2.158928353344694351e+00 -5.541187671290831451e-03 0.000000000000000000e+00 -1.933194434335390732e-01 1.598461990810381650e+00 0.000000000000000000e+00
-1.341841101140719861e+00 2.197519643180946211e-03 0.000000000000000000e+00 -3.182380312745275441e-01 4.414408670272854662e-01 0.000000000000000000e+00
-2.096681720673248872e+00 3.456118435885564832e-03 0.000000000000000000e+00 2.130589873288577796e-01 1.519752676875861352e+00 0.000000000000000000e+00
-2.402043513783789663e+00 -7.379443923787865067e-04 0.000000000000000000e+00 5.034407520729040214e-02 1.898676283862638980e+00 0.000000000000000000e+00
-2.382939954157635043e+00 8.151888996470901816e-03 0.000000000000000000e+00 -1.076099618389396440e-01 1.873833440828359009e+00 0.000000000000000000e+00
-1.735028322477543572e+00 -3.916192653157457571e-03 0.000000000000000000e+00 -3.121854602256621258e-01 1.034733505360071248e+00 0.000000000000000000e+00
-2.055150835848541746e+00 -4.594756783449688992e-03 0.000000000000000000e+00 2.355716935814291257e-01 1.465061151909532899e+00 0.000000000000000000e+00
-2.462009799757598039e+00 -8.352886553411155782e-04 0.000000000000000000e+00 4.935122696905686057e-02 1.968875412612759446e+00 0.000000000000000000e+00
-2.369371728353889317e+00 -5.026250822330245033e-03 0.000000000000000000e+00 -1.393996226105129188e-01 1.855717511644238149e+00 0.000000000000000000e+00
-1.526937161590624203e+00 2.135716935426804769e-03 0.000000000000000000e+00 -3.349858722819943346e-01 7.309101197988586707e-01 0.000000000000000000e+00
-2.225341161513161303e+00 2.772405933823537949e-03 0.000000000000000000e+00 1.958342953769315331e-01 1.678572844509259809e+00 0.000000000000000000e+00
-2.505630891935570759e+00 7.968178775700371363e-03 0.000000000000000000e+00 5.283135706177291557e-03 2.020269545394693722e+00 0.000000000000000000e+00
-2.216312767034809283e+00 -1.679227782434919956e-03 0.000000000000000000e+00 -1.979872018047823812e-01 1.667427636021737491e+00 0.000000000000000000e+00
-1.547630670456134672e+00 5.830505695688693868e-05 0.000000000000000000e+00 3.349917035884791838e-01 7.617947178387733942e-01 0.000000000000000000e+00
-2.374524586200067233e+00 9.871146296257793384e-04 0.000000000000000000e+00 1.335198103778845735e-01 1.862225442244473061e+00 0.000000000000000000e+00
-2.457413966876025313e+00 8.855371737137060495e-03 0.000000000000000000e+00 -4.424861061151156433e-02 1.963652746023889950e+00 0.000000000000000000e+00
-2.052035172632172610e+00 5.114761349228807985e-03 0.000000000000000000e+00 -2.351884791916370454e-01 1.461256857054809011e+00 0.000000000000000000e+00
-1.725983044630650332e+00 2.136690135448301997e-03 0.000000000000000000e+00 3.119925376719116517e-01 1.022508038986253087e+00 0.000000000000000000e+00
-2.374701857940292093e+00 -8.283157876612837200e-03 0.000000000000000000e+00 1.102501187293228879e-01 1.863973848124813371e+00 0.000000000000000000e+00
-2.410181722285560824e+00 -8.259642925530330526e-03 0.000000000000000000e+00 -5.606619862572256863e-02 1.908082678458979720e+00 0.000000000000000000e+00
-2.099011819326153105e+00 5.250192915319952525e-03 0.000000000000000000e+00 -2.080658819310192420e-01 1.523313837361673695e+00 0.000000000000000000e+00
-1.387766502915221523e+00 -4.885298415530162086e-04 0.000000000000000000e+00 3.249186118428455394e-01 5.163334436397554184e-01 0.000000000000000000e+00
-2.186169821783312095e+00 7.849959191284658355e-03 0.000000000000000000e+00 1.874277004428290261e-01 1.632231201545015775e+00 0.000000000000000000e+00
-2.422618801639361052e+00 -5.761490408637773980e-04 0.000000000000000000e+00 2.121225141897676442e-02 1.923345131823164689e+00 0.000000000000000000e+00
-2.301078159796146494e+00 3.059770574845868674e-03 0.000000000000000000e+00 -1.349393736491767415e-01 1.775102766386926323e+00 0.000000000000000000e+00
-1.677459529487753898e+00 4.463923147065663316e-03 0.000000000000000000e+00 -3.098438072158321566e-01 9.566854464088493382e-01 0.000000000000000000e+00
-1.987580726799166975e+00 6.385361694191404869e-04 0.000000000000000000e+00 2.481716108295913270e-01 1.378481489346433886e+00 0.000000000000000000e+00
-2.399110204469925733e+00 -9.454513404341681124e-03 0.000000000000000000e+00 6.768947872027721024e-02 1.894715045899947770e+00 0.000000000000000000e+00
-2.575000336891378971e+00 2.743105742452969786e-03 0.000000000000000000e+00 -1.414728043078751218e-01 2.095802656898732685e+00 0.000000000000000000e+00
-1.837534513341907205e+00 2.104364454242824839e-03 0.000000000000000000e+00 3.343901816246461212e-01 1.165423489722696271e+00 0.000000000000000000e+00
-2.744158565108351766e+00 -1.033164583507502170e-02 0.000000000000000000e+00 1.844306977031611589e-02 2.294354029159567432e+00 0.000000000000000000e+00
-2.174890126281382230e+00 -1.193556244915849884e-03 0.000000000000000000e+00 -2.678634137005578841e-01 1.607188641618041203e+00 0.000000000000000000e+00
-2.407438519238109809e+00 3.403439342006080864e-03 0.000000000000000000e+00 2.068235075307010007e-01 1.894419248198536909e+00 0.000000000000000000e+00
-2.686033201662527681e+00 -8.604552079422844724e-04 0.000000000000000000e+00 -7.955792977961080592e-02 2.226681405514650880e+00 0.000000000000000000e+00
-1.372702360721389736e+00 -3.319912629217592476e-04 0.000000000000000000e+00 -3.490636401929314570e-01 4.738791711701382248e-01 0.000000000000000000e+00
-2.660144082397866150e+00 -6.084212554837969272e-03 0.000000000000000000e+00 9.113342394016528403e-02 2.196589973292313314e+00 0.000000000000000000e+00
-2.473348943203990125e+00 9.692514446801680020e-03 0.000000000000000000e+00 -1.784492677971976082e-01 1.974687374512162474e+00 0.000000000000000000e+00
-2.114909999597423873e+00 5.256229072783009937e-03 0.000000000000000000e+00 2.866695023805690967e-01 1.530172829537329804e+00 0.000000000000000000e+00
-2.759812025743347164e+00 -1.034619586680348736e-02 0.000000000000000000e+00 -2.735365547863796709e-02 2.312071872856915178e+00 0.000000000000000000e+00
-1.883137251447379201e+00 2.464659540254016123e-04 0.000000000000000000e+00 -3.273615157643577911e-01 1.227263174803467694e+00 0.000000000000000000e+00
-2.580866933793675155e+00 -1.578939535283693796e-03 0.000000000000000000e+00 1.447306062591856013e-01 2.102364247520896789e+00 0.000000000000000000e+00
-2.409044920695440073e+00 5.874844276157267786e-03 0.000000000000000000e+00 -7.350413195923435894e-02 1.906149292195252087e+00 0.000000000000000000e+00
-1.961167631367128461e+00 2.552475368420049906e-03 0.000000000000000000e+00 -2.559564387784183936e-01 1.343706955924766522e+00 0.000000000000000000e+00
-1.766679626947138537e+00 -2.456628718455894367e-04 0.000000000000000000e+00 2.998868150034121882e-01 1.080914134924831238e+00 0.000000000000000000e+00
-2.352055281798480113e+00 -7.036195170264986434e-03 0.000000000000000000e+00 1.116709523691240546e-01 1.837153764311709736e+00 0.000000000000000000e+00
-2.404260426536756423e+00 -2.273266526488931794e-03 0.000000000000000000e+00 -4.336669626192299343e-02 1.901453083390785226e+00 0.000000000000000000e+00
-2.130461030733008521e+00 -3.451682486422066876e-03 0.000000000000000000e+00 -2.006765129649775159e-01 1.562831909168902467e+00 0.000000000000000000e+00
-1.127826602547121304e+00 -5.228516521669970135e-05 0.000000000000000000e+00 2.175518863414709347e-01 5.621151460121807941e-02 0.000000000000000000e+00
-1.254049363685357577e+00 9.134861357837427854e-04 0.000000000000000000e+00 -2.970131093960062252e-01 2.905111717255599579e-01 0.000000000000000000e+00
-2.111836635557804875e+00 1.615326412010460733e-03 0.000000000000000000e+00 2.056656338762313518e-01 1.539375606274569597e+00 0.000000000000000000e+00
-2.401037263185622717e+00 -5.472006392931792751e-03 0.000000000000000000e+00 4.272199845012285280e-02 1.897691067427017542e+00 0.000000000000000000e+00
-2.370196041792210995e+00 7.716855615454142406e-03 0.000000000000000000e+00 -1.081239891744782966e-01 1.858784788587875436e+00 0.000000000000000000e+00
-1.758709502670305014e+00 -2.315804928330101459e-03 0.000000000000000000e+00 -3.051488473124340794e-01 1.068751599836474053e+00 0.000000000000000000e+00
-2.003065852179576556e+00 4.108374870017441477e-03 0.000000000000000000e+00 2.527900861686044887e-01 1.397115698856455257e+00 0.000000000000000000e+00
-2.436243539099168132e+00 1.052363196108005439e-03 0.000000000000000000e+00 6.598370940441072863e-02 1.938283161102908991e+00 0.000000000000000000e+00
-2.424579193774665686e+00 -8.840300426668619427e-03 0.000000000000000000e+00 -1.308090773398367102e-01 1.921329434385045554e+00 0.000000000000000000e+00
-1.528962200905003233e+00 -1.436598151598189599e-04 0.000000000000000000e+00 -3.398760331623302267e-01 7.317011803800386183e-01 0.000000000000000000e+00
-2.295056506100447535e+00 -4.765269510506271733e-03 0.000000000000000000e+00 1.760886645831097053e-01 1.764316310351134787e+00 0.000000000000000000e+00
-2.530046884649245875e+00 -3.028892480780809304e-03 0.000000000000000000e+00 -2.918809450998323396e-02 2.048382141553290126e+00 0.000000000000000000e+00
-2.105106351874865833e+00 5.280336237386316391e-03 0.000000000000000000e+00 -2.344481696880744148e-01 1.526983853322935847e+00 0.000000000000000000e+00
-1.869587248320268014e+00 4.672781647309318109e-03 0.000000000000000000e+00 2.976029578342833659e-01 1.217228036572850058e+00 0.000000000000000000e+00
-2.492691577751296794e+00 6.211630764560605034e-03 0.000000000000000000e+00 8.019569250214492184e-02 2.003631271259971314e+00 0.000000000000000000e+00
-2.441163307793511095e+00 -6.179801879716964597e-03 0.000000000000000000e+00 -1.430729348234012488e-01 1.939897372471565795e+00 0.000000000000000000e+00
-1.282977993915340731e+00 6.333204814326816312e-05 0.000000000000000000e+00 3.181730051425785133e-01 3.298594761258499819e-01 0.000000000000000000e+00
-2.458007450275978556e+00 -1.014773147274257957e-03 0.000000000000000000e+00 1.293349254940910908e-01 1.960565724979549840e+00 0.000000000000000000e+00
-2.457941722056651734e+00 8.538272452016609435e-03 0.000000000000000000e+00 -6.771676727613856750e-02 1.963600340275278633e+00 0.000000000000000000e+00
-1.922390853275800282e+00 2.285234148001809296e-03 0.000000000000000000e+00 -2.750023247110864322e-01 1.290510552536751732e+00 0.000000000000000000e+00
-1.960946754625090271e+00 -1.984179880518483624e-03 0.000000000000000000e+00 2.661853327392981194e-01 1.341438539197696400e+00 0.000000000000000000e+00
-2.465858615976191270e+00 8.952280336957121887e-03 0.000000000000000000e+00 7.434073051074489846e-02 1.972602700464296754e+00 0.000000000000000000e+00
-2.420326772544830085e+00 -1.443659822648588054e-03 0.000000000000000000e+00 -1.322945334853737331e-01 1.916218694230443553e+00 0.000000000000000000e+00
-1.427132667872351490e+00 2.022158270282434049e-03 0.000000000000000000e+00 -3.391750610347699091e-01 5.728834592997449349e-01 0.000000000000000000e+00
-2.345187569222748181e+00 8.024007954711032120e-03 0.000000000000000000e+00 1.705446315004435220e-01 1.824490838320830033e+00 0.000000000000000000e+00
-2.525030862234766360e+00 2.589705160559507835e-03 0.000000000000000000e+00 -4.207178436275268996e-02 2.042343043646874357e+00 0.000000000000000000e+00
-2.022572457122444156e+00 -4.054298154543625743e-04 0.000000000000000000e+00 -2.611972638360323118e-01 1.420033680988137537e+00 0.000000000000000000e+00
-1.981243998962575192e+00 9.254478126882181854e-04 0.000000000000000000e+00 2.715643711232422763e-01 1.366063493007274809e+00 0.000000000000000000e+00
-2.518630983941125390e+00 1.046501875107269663e-03 0.000000000000000000e+00 5.371567362074501639e-02 2.034644640467296206e+00 0.000000000000000000e+00
-2.371397777112943750e+00 8.785705397780452230e-03 0.000000000000000000e+00 -1.487001995350377692e-01 1.857404137448486647e+00 0.000000000000000000e+00
-1.361050223431376605e+00 1.129789394078350648e-03 0.000000000000000000e+00 3.339686474799096194e-01 4.642207203314280273e-01 0.000000000000000000e+00
-2.417630385773148927e+00 -9.157630923629448902e-03 0.000000000000000000e+00 1.276516153943796916e-01 1.913388363846091345e+00 0.000000000000000000e+00
-2.479687650593461967e+00 5.214156664115066064e-03 0.000000000000000000e+00 -6.248350338967263717e-02 1.989121628321085300e+00 0.000000000000000000e+00
-1.943423273343348967e+00 -4.672814870386815533e-03 0.000000000000000000e+00 -2.775686821177726360e-01 1.316838475104722406e+00 0.000000000000000000e+00
-1.980475314483383320e+00 -5.283706930292272896e-03 0.000000000000000000e+00 2.619943495578322956e-01 1.366969997857060193e+00 0.000000000000000000e+00
-2.486419520041511344e+00 1.943308441917968726e-03 0.000000000000000000e+00 6.122334643384606812e-02 1.996994457468697082e+00 0.000000000000000000e+00
-2.393162749199184702e+00 -7.893639352610143378e-03 0.000000000000000000e+00 -1.465386787394106771e-01 1.883243509354639578e+00 0.000000000000000000e+00
-1.360915670307276892e+00 -7.449034784113156560e-04 0.000000000000000000e+00 -3.326918390168181472e-01 4.648997980349267589e-01 0.000000000000000000e+00
-2.345385001354576282e+00 -8.896254446296159024e-04 0.000000000000000000e+00 1.603841713070039143e-01 1.825630599194555614e+00 0.000000000000000000e+00
-2.516369170388203180e+00 -7.876327409129454948e-03 0.000000000000000000e+00 -5.008396569782274516e-02 2.032127008763221276e+00 0.000000000000000000e+00
-2.034494667473365048e+00 -5.104942789931843361e-03 0.000000000000000000e+00 -2.595715001376840414e-01 1.435249723434809166e+00 0.000000000000000000e+00
-1.938183657242713354e+00 5.355475164195697135e-03 0.000000000000000000e+00 2.826764546940946365e-01 1.309065734750371135e+00 0.000000000000000000e+00
-2.500651631035555322e+00 -9.792221620336605259e-03 0.000000000000000000e+00 5.521649977652818425e-02 2.013745799072702347e+00 0.000000000000000000e+00
-2.402821381971137704e+00 -1.679449128217914977e-03 0.000000000000000000e+00 -1.448915353152059882e-01 1.894728294496396348e+00 0.000000000000000000e+00
-1.204009637996216409e+00 -2.900629947516840217e-04 0.000000000000000000e+00 2.823101146777002857e-01 1.903012506006606097e-01 0.000000000000000000e+00
-1.226018307695710519e+00 7.939843157704991241e-04 0.000000000000000000e+00 -2.939033860756530281e-01 2.306330228796454329e-01 0.000000000000000000e+00
-2.400406954264499682e+00 1.783582401476274670e-03 0.000000000000000000e+00 1.460591240213288677e-01 1.891797155074912862e+00 0.000000000000000000e+00
-2.502265704389268208e+00 -7.373420923461247029e-03 0.000000000000000000e+00 -6.887179620015325410e-02 2.015191951403802584e+00 0.000000000000000000e+00
-1.940693128038238680e+00 -2.186552630841817613e-03 0.000000000000000000e+00 -2.802586999998742945e-01 1.312781007479513873e+00 0.000000000000000000e+00
-2.038119343786996218e+00 -1.063008995629259427e-03 0.000000000000000000e+00 2.546127637757980011e-01 1.440654151128663907e+00 0.000000000000000000e+00
-2.518556290847838497e+00 5.673188543243723458e-04 0.000000000000000000e+00 4.307323380113654843e-02 2.034811740392614254e+00 0.000000000000000000e+00
-2.342372679574089123e+00 -1.949204846212387876e-03 0.000000000000000000e+00 -1.641340632241218289e-01 1.821727308561427172e+00 0.000000000000000000e+00
-1.379855623455592539e+00 1.333468952762385459e-03 0.000000000000000000e+00 3.355413940015611884e-01 4.959496453780736780e-01 0.000000000000000000e+00
-2.398223207432956805e+00 8.692901299070153465e-03 0.000000000000000000e+00 1.451809754375753270e-01 1.889312115220818988e+00 0.000000000000000000e+00
-2.482458452375573277e+00 -5.504674571019961549e-03 0.000000000000000000e+00 -6.576463264704658640e-02 1.992244762449930873e+00 0.000000000000000000e+00
-1.975125826488301373e+00 1.550624286067205093e-03 0.000000000000000000e+00 -2.653619766249094569e-01 1.359553869464453557e+00 0.000000000000000000e+00
-1.942986066559022618e+00 -6.538157881674264149e-03 0.000000000000000000e+00 2.695830513855839161e-01 1.317948001273667291e+00 0.000000000000000000e+00
-2.476104070805013713e+00 -5.980316296335747017e-03 0.000000000000000000e+00 6.302271716766884302e-02 1.984932448219661083e+00 0.000000000000000000e+00
-2.422148493699844529e+00 5.372647224360525310e-03 0.000000000000000000e+00 -1.294041420104390661e-01 1.918562229736142211e+00 0.000000000000000000e+00
-1.368109164133098243e+00 -2.076727585737275089e-03 0.000000000000000000e+00 -3.355092591144741565e-01 4.755604730710361050e-01 0.000000000000000000e+00
-2.373006891401280072e+00 -2.777582350677147704e-03 0.000000000000000000e+00 1.535329505803028627e-01 1.858895487850085182e+00 0.000000000000000000e+00
-2.519891195271509066e+00 8.996474241816682094e-03 0.000000000000000000e+00 -4.609307955151338565e-02 2.036313328926360189e+00 0.000000000000000000e+00
-1.975375156852429148e+00 -4.230529825985374082e-04 0.000000000000000000e+00 -2.729333282006753958e-01 1.358369334357185210e+00 0.000000000000000000e+00
-2.032128514228481286e+00 5.376046593644524807e-03 0.000000000000000000e+00 2.626699972641146630e-01 1.431730418441131913e+00 0.000000000000000000e+00
-2.528371591748874270e+00 -1.697983478480781169e-03 0.000000000000000000e+00 4.020456641719195173e-02 2.046254300761691791e+00 0.000000000000000000e+00
-2.337833312369215655e+00 -1.628162846017480736e-03 0.000000000000000000e+00 -1.685692760567540083e-01 1.815937391316405858e+00 0.000000000000000000e+00
-1.456337415854229267e+00 2.292087762670719057e-03 0.000000000000000000e+00 3.423000848444887056e-01 6.182050659838247419e-01 0.000000000000000000e+00
-2.426743961348326817e+00 7.610515440957144051e-03 0.000000000000000000e+00 1.340954185869054349e-01 1.923640487634597385e+00 0.000000000000000000e+00
-2.454035055677910915e+00 -1.716279317045113495e-03 0.000000000000000000e+00 -6.902611967645994051e-02 1.958978225847819665e+00 0.000000000000000000e+00
-1.971464192760025602e+00 4.516073170948410598e-03 0.000000000000000000e+00 -2.594533267888388672e-01 1.356073544132176290e+00 0.000000000000000000e+00
-1.874327430343484924e+00 -3.097287581581947748e-03 0.000000000000000000e+00 2.828674943048251622e-01 1.226881258180068768e+00 0.000000000000000000e+00
-2.431098649825077729e+00 -6.613476232145684697e-03 0.000000000000000000e+00 8.195542475658468273e-02 1.931663436616633422e+00 0.000000000000000000e+00
1.061196507424681190e+00 -4.317271527236070036e-04 0.000000000000000000e+00 1.058391672890862528e-01 1.034190379387940339e-01 0.000000000000000000e+00
-2.585142193412144351e+00 7.671485235759917254e-03 0.000000000000000000e+00 -1.375723199266111196e-01 2.107801202365815030e+00 0.000000000000000000e+00
-1.866514030619060405e+00 2.505010470634047581e-03 0.000000000000000000e+00 3.316903242494263493e-01 1.204353641786380491e+00 0.000000000000000000e+00
-2.758118846660468026e+00 -7.976288364146578991e-03 0.000000000000000000e+00 1.397192361641270975e-02 2.310260336905857415e+00 0.000000000000000000e+00
-2.130638544384826361e+00 1.332127394672047438e-03 0.000000000000000000e+00 -2.782426637818140591e-01 1.551120371578718737e+00 0.000000000000000000e+00
-2.461056266552645866e+00 6.015429753356324460e-03 0.000000000000000000e+00 1.948087276236046272e-01 1.958730538866538140e+00 0.000000000000000000e+00
-2.666722540565706900e+00 8.003242636751426581e-03 0.000000000000000000e+00 -8.667227097809102054e-02 2.204320294339282782e+00 0.000000000000000000e+00
-1.342055641128490295e+00 -4.372918410710281700e-04 0.000000000000000000e+00 3.431318171426713803e-01 4.227991848282435794e-01 0.000000000000000000e+00
-2.686204027064288624e+00 -1.110573427039734939e-02 0.000000000000000000e+00 7.093665472354282464e-02 2.227197471785999028e+00 0.000000000000000000e+00
-2.413982522492315486e+00 6.650186269899022173e-03 0.000000000000000000e+00 -1.975684455789437077e-01 1.903131951439994918e+00 0.000000000000000000e+00
-2.175936848245716870e+00 -1.423723269665541635e-03 0.000000000000000000e+00 2.661852725477957815e-01 1.608750722113474030e+00 0.000000000000000000e+00
-2.746209435597851467e+00 -1.136909234472485014e-02 0.000000000000000000e+00 -3.768343507386070351e-02 2.296460978408339404e+00 0.000000000000000000e+00
-1.828930205236034556e+00 -3.082518409419142055e-03 0.000000000000000000e+00 -3.366507947267882717e-01 1.153381199318914696e+00 0.000000000000000000e+00
-2.581526150790209861e+00 9.361608022836170884e-03 0.000000000000000000e+00 1.495713477669775859e-01 2.102810115995013440e+00 0.000000000000000000e+00
1.051854968605135721e+00 4.109630007177346575e-04 0.000000000000000000e+00 -6.698205665953385624e-02 1.250080481082683492e-01 0.000000000000000000e+00
-2.465854019447360379e+00 -3.700077974234677707e-03 0.000000000000000000e+00 -1.027142436943094539e-01 1.971310284896464760e+00 0.000000000000000000e+00
-1.710410103593712705e+00 4.900773383209211520e-03 0.000000000000000000e+00 -3.200796521545870021e-01 9.987394877521744707e-01 0.000000000000000000e+00
-2.218706132349124616e+00 3.298757055076359523e-03 0.000000000000000000e+00 2.084405809638707474e-01 1.669051738951119024e+00 0.000000000000000000e+00
-2.539543731799714266e+00 -1.806975044669992259e-03 0.000000000000000000e+00 -5.654209165330742470e-03 2.059583667940491303e+00 0.000000000000000000e+00
-2.188604957159970610e+00 -6.145280995129856483e-03 0.000000000000000000e+00 -2.197997569110613225e-01 1.631142714406088379e+00 0.000000000000000000e+00
-1.758924621424380552e+00 5.189183628801623607e-03 0.000000000000000000e+00 3.186596270122270536e-01 1.065105634936259538e+00 0.000000000000000000e+00
-2.476549186251508772e+00 -1.891005692208220720e-03 0.000000000000000000e+00 9.043126585745589474e-02 1.984385383256848767e+00 0.000000000000000000e+00
-2.556320332893402991e+00 -2.484943889246901683e-03 0.000000000000000000e+00 -1.500799247659641567e-01 2.073576099186191346e+00 0.000000000000000000e+00
-1.846074422407886662e+00 -4.541397931631696236e-03 0.000000000000000000e+00 3.276256293951281817e-01 1.178619315940345746e+00 0.000000000000000000e+00
-2.734670246050809439e+00 -9.359047702891266571e-03 0.000000000000000000e+00 2.042952216338611571e-02 2.283533674181851492e+00 0.000000000000000000e+00
-2.187154116037029805e+00 -7.392058605883614075e-03 0.000000000000000000e+00 -2.678081496571488307e-01 1.622186789697696696e+00 0.000000000000000000e+00
-2.377455228373015927e+00 1.075538332377390383e-03 0.000000000000000000e+00 2.118403855185840290e-01 1.858424532080622749e+00 0.000000000000000000e+00
-2.691071574031409064e+00 -5.266769418707795136e-04 0.000000000000000000e+00 -7.081559161131918689e-02 2.232742564864280688e+00 0.000000000000000000e+00
-1.497255547160339262e+00 2.667450282184454652e-03 0.000000000000000000e+00 -3.578852883075904767e-01 6.742336652183685830e-01 0.000000000000000000e+00
-2.633626985439220469e+00 -9.912300076698141518e-03 0.000000000000000000e+00 1.000520029766731600e-01 2.165772828133043060e+00 0.000000000000000000e+00
-2.519540591863542289e+00 -6.659326201351185859e-03 0.000000000000000000e+00 -1.801850495926882734e-01 2.028433860876864614e+00 0.000000000000000000e+00
-2.086093219129762311e+00 -1.584126145291029145e-03 0.000000000000000000e+00 2.905273023713109692e-01 1.493720526193197617e+00 0.000000000000000000e+00
-2.775663833512845180e+00 -4.113567182775640374e-04 0.000000000000000000e+00 -1.621945661931596672e-02 2.330168575660648944e+00 0.000000000000000000e+00
-1.878893411455768048e+00 3.095760238746546322e-03 0.000000000000000000e+00 -3.282786429019199925e-01 1.221487774918387226e+00 0.000000000000000000e+00
-2.608885509087071064e+00 1.250715302744079271e-03 0.000000000000000000e+00 1.410605788696241980e-01 2.134967835162914884e+00 0.000000000000000000e+00
-2.722960064761966947e+00 -1.028732882153075845e-02 0.000000000000000000e+00 -2.007824027810573841e-01 2.261389452052352311e+00 0.000000000000000000e+00
-2.687807093439913864e+00 8.627620070036465250e-03 0.000000000000000000e+00 2.095391450278513423e-01 2.220283968686527665e+00 0.000000000000000000e+00
-2.721815758089479065e+00 -9.844138324393889028e-03 0.000000000000000000e+00 -1.655011836122541324e-01 2.262935252493680327e+00 0.000000000000000000e+00
-2.332594035070278959e+00 -6.130312385973085698e-03 0.000000000000000000e+00 2.625022037271079745e-01 1.798506461503645237e+00 0.000000000000000000e+00
-2.877443267155229467e+00 -1.090169253592718213e-02 0.000000000000000000e+00 -9.442136519646346371e-02 2.443569321454618581e+00 0.000000000000000000e+00
-1.868216673932423078e+00 -5.800192138686335874e-03 0.000000000000000000e+00 3.495300688814161338e-01 1.201551252246029211e+00 0.000000000000000000e+00
-2.945474539664788338e+00 1.095669458386769324e-02 0.000000000000000000e+00 -7.567338847801224899e-03 2.521899731048124593e+00 0.000000000000000000e+00
-1.508009400422830826e+00 1.592356933867361546e-03 0.000000000000000000e+00 -3.764052081097177815e-01 6.810152387647536720e-01 0.000000000000000000e+00
-2.924341057777743558e+00 -5.199771319602496111e-03 0.000000000000000000e+00 4.461635491974737244e-02 2.497761608158800328e+00 0.000000000000000000e+00
-2.113138773755592670e+00 -1.607003889395761109e-03 0.000000000000000000e+00 -3.140190217260663275e-01 1.522596499090159483e+00 0.000000000000000000e+00
-2.813630872886547785e+00 -3.392221764212638435e-03 0.000000000000000000e+00 1.161239198902477288e-01 2.370434997263771493e+00 0.000000000000000000e+00
-2.500259522144292923e+00 4.932974128447481510e-03 0.000000000000000000e+00 -2.242155655732770425e-01 2.001513168279752009e+00 0.000000000000000000e+00
-2.631758145085659528e+00 9.734348538102732817e-03 0.000000000000000000e+00 1.986871184394377043e-01 2.156803919370997136e+00 0.000000000000000000e+00
-2.688637414466838571e+00 1.151590753467209710e-03 0.000000000000000000e+00 -1.406450603068069571e-01 2.226646462826281869e+00 0.000000000000000000e+00
-2.089811054621062425e+00 -3.769529969045427864e-03 0.000000000000000000e+00 3.027914217080320824e-01 1.495913418720211219e+00 0.000000000000000000e+00
-2.858263040227427609e+00 -7.277179945166051267e-03 0.000000000000000000e+00 -3.867880822707255029e-02 2.423435836927288811e+00 0.000000000000000000e+00
-1.544985768685135152e+00 2.520290779334105613e-03 0.000000000000000000e+00 -3.700707083450377466e-01 7.413896337884211540e-01 0.000000000000000000e+00
-2.818183400425056995e+00 1.722075372997039500e-03 0.000000000000000000e+00 7.473889784771163558e-02 2.377255775799359760e+00 0.000000000000000000e+00
-2.322557753568738725e+00 3.101610304468385704e-03 0.000000000000000000e+00 -2.524156144406775049e-01 1.787954374413029512e+00 0.000000000000000000e+00
-2.570084918030418386e+00 -5.538537709127176745e-03 0.000000000000000000e+00 1.811269955925018105e-01 2.087063725512171786e+00 0.000000000000000000e+00
-2.678853331361626733e+00 8.318103875811472259e-03 0.000000000000000000e+00 -1.187334125176144201e-01 2.216732822735740349e+00 0.000000000000000000e+00
-1.875548697738017800e+00 7.039247188456373983e-04 0.000000000000000000e+00 3.367036712121496689e-01 1.214811292206916526e+00 0.000000000000000000e+00
-2.817874124340317366e+00 7.460458968666636159e-03 0.000000000000000000e+00 1.401912625906159837e-02 2.378049736471874009e+00 0.000000000000000000e+00
-1.983432849318731872e+00 -4.901849912052825414e-03 0.000000000000000000e+00 -3.214792640550175884e-01 1.357986095266871640e+00 0.000000000000000000e+00
-2.642107440506093141e+00 -7.722791560790240317e-03 0.000000000000000000e+00 1.355017836673526044e-01 2.173589783913190132e+00 0.000000000000000000e+00
-2.686538801312648772e+00 1.664618473046722974e-03 0.000000000000000000e+00 -1.886885013856894888e-01 2.220683500391487097e+00 0.000000000000000000e+00
-2.599380755148475330e+00 6.835891813034705722e-03 0.000000000000000000e+00 2.206964587271202372e-01 2.117220853266823077e+00 0.000000000000000000e+00
-2.790648941146443462e+00 3.430512010077577806e-03 0.000000000000000000e+00 -1.413411890005211169e-01 2.342974319235870961e+00 0.000000000000000000e+00
-2.336456422467523275e+00 -1.228404509433678182e-03 0.000000000000000000e+00 2.721060442366404764e-01 1.801687540695402046e+00 0.000000000000000000e+00
-2.905899759060065701e+00 1.088626577158349068e-02 0.000000000000000000e+00 -8.088620505030902352e-02 2.476120909200576481e+00 0.000000000000000000e+00
-1.998131439518314512e+00 -6.292112954133399771e-03 0.000000000000000000e+00 3.340952182440483087e-01 1.373672118414422938e+00 0.000000000000000000e+00
-2.971486833074284739e+00 -4.424124932758417145e-04 0.000000000000000000e+00 -4.021012976714436610e-02 2.550740510245939063e+00 0.000000000000000000e+00
-1.512013261893975002e+00 3.999342497563347643e-04 0.000000000000000000e+00 3.804507919620416789e-01 6.850557464687697662e-01 0.000000000000000000e+00
-2.987381161619519165e+00 7.732919027731932626e-03 0.000000000000000000e+00 1.507300257399254995e-02 2.568823819176784706e+00 0.000000000000000000e+00
-1.707457315713829082e+00 -6.464908968448965232e-04 0.000000000000000000e+00 -3.753737118577343268e-01 9.751634376028077700e-01 0.000000000000000000e+00
-2.954199210675155562e+00 1.136715801425476624e-02 0.000000000000000000e+00 6.689291324154762741e-02 2.530818358234081966e+00 0.000000000000000000e+00
-2.124607539439765880e+00 -1.910938321971172860e-03 0.000000000000000000e+00 -3.176113147471119613e-01 1.536075747915772505e+00 0.000000000000000000e+00
-2.871224742324739676e+00 -1.068225295209995068e-02 0.000000000000000000e+00 9.947044036510546694e-02 2.436351708502992430e+00 0.000000000000000000e+00
-2.434226083194239720e+00 1.683155776568502626e-03 0.000000000000000000e+00 -2.497581046156701068e-01 1.920882775739916948e+00 0.000000000000000000e+00
-2.744359814925395824e+00 -8.465008175361492249e-03 0.000000000000000000e+00 1.555027051753548606e-01 2.289380059771981557e+00 0.000000000000000000e+00
-2.703145415618424696e+00 6.050381824717121493e-03 0.000000000000000000e+00 -2.023181767518252294e-01 2.238542160857889485e+00 0.000000000000000000e+00
-2.800280666048155620e+00 4.535243701002552447e-03 0.000000000000000000e+00 1.828771387085878497e-01 2.351054520116996116e+00 0.000000000000000000e+00
-2.744428309172802116e+00 -1.139820411285687174e-02 0.000000000000000000e+00 -2.320350724413182963e-01 2.282983633783969513e+00 0.000000000000000000e+00
-2.489436441549134571e+00 -9.136562821199512019e-03 0.000000000000000000e+00 -2.879376576204237814e-01 1.980644463713525649e+00 0.000000000000000000e+00
-2.140553358741628998e+00 -2.759393030330820062e-03 0.000000000000000000e+00 -3.460260141718787263e-01 1.549733720081351240e+00 0.000000000000000000e+00
-1.671855820508164836e+00 -4.371242466377583263e-03 0.000000000000000000e+00 -3.989882893794758356e-01 9.150465052602057003e-01 0.000000000000000000e+00
-1.613842113050985905e+00 4.450797915486451230e-04 0.000000000000000000e+00 3.983357824194070917e-01 8.307872233025235253e-01 0.000000000000000000e+00
-2.102328109362769482e+00 -7.411853423462205770e-03 0.000000000000000000e+00 3.447184625603100794e-01 1.502472844481455461e+00 0.000000000000000000e+00
-2.460080553069925458e+00 -4.227028407714245040e-03 0.000000000000000000e+00 2.832393445908647500e-01 1.946757730453153590e+00 0.000000000000000000e+00
-2.724103813018044828e+00 1.062760376640760340e-02 0.000000000000000000e+00 2.366805636374096355e-01 2.259228816614442970e+00 0.000000000000000000e+00
-2.834890069919086653e+00 -8.768038306048567265e-03 0.000000000000000000e+00 -1.870990855451485912e-01 2.390033943428544916e+00 0.000000000000000000e+00
-2.770696272898508727e+00 -8.354318217567158200e-04 0.000000000000000000e+00 1.977650374869236449e-01 2.316157570079192762e+00 0.000000000000000000e+00
1.055670030250225322e+00 4.581155838496221190e-04 0.000000000000000000e+00 -1.865097077749099802e-02 1.428287569352391928e-01 0.000000000000000000e+00
-2.750241896837710698e+00 -9.587308613159498116e-03 0.000000000000000000e+00 -1.989107258436421666e-01 2.292740644904723624e+00 0.000000000000000000e+00
-2.726409071164455966e+00 -7.845995568504057771e-03 0.000000000000000000e+00 1.913227809617945585e-01 2.266147537747663421e+00 0.000000000000000000e+00
-2.650541311062931893e+00 3.635866729796641272e-04 0.000000000000000000e+00 -1.481904956820284669e-01 2.182446164268665001e+00 0.000000000000000000e+00
-2.082329320425372110e+00 -4.737732660893584358e-03 0.000000000000000000e+00 3.000015567251722026e-01 1.487170997687185192e+00 0.000000000000000000e+00
-2.838287523123869782e+00 1.291891599240049815e-03 0.000000000000000000e+00 -2.601702898219898294e-02 2.401031453295664253e+00 0.000000000000000000e+00
-1.654939071509466064e+00 -2.915037312485890125e-03 0.000000000000000000e+00 -3.665408912263158903e-01 9.044865117439150337e-01 0.000000000000000000e+00
-2.770201891727183785e+00 -3.559347754417421794e-03 0.000000000000000000e+00 8.761836253491200877e-02 2.322374548659685622e+00 0.000000000000000000e+00
-2.416338967096572254e+00 7.029391622315417365e-03 0.000000000000000000e+00 -2.212694555310680822e-01 1.903306995413964087e+00 0.000000000000000000e+00
-2.451998280702098132e+00 5.819880930020088217e-03 0.000000000000000000e+00 2.214666186339205312e-01 1.945261052771257493e+00 0.000000000000000000e+00
-2.751893877448896575e+00 -7.134681998256814373e-03 0.000000000000000000e+00 -1.052310434552150148e-01 2.300819035653127287e+00 0.000000000000000000e+00
-1.723744294762846518e+00 -4.857144222399731315e-03 0.000000000000000000e+00 3.557759952093379474e-01 1.005043835514774386e+00 0.000000000000000000e+00
-2.837186487421224701e+00 -5.824969815855597643e-03 0.000000000000000000e+00 1.599860858832260341e-02 2.399881144467360894e+00 0.000000000000000000e+00
-2.045338103265850638e+00 -5.367891833681795975e-03 0.000000000000000000e+00 -3.137679792228070808e-01 1.438025956780355052e+00 0.000000000000000000e+00
-2.657336564137100066e+00 9.113715799161772879e-03 0.000000000000000000e+00 1.517904461378635217e-01 2.190025238189625245e+00 0.000000000000000000e+00
-2.676617844400047908e+00 2.860300939956428312e-03 0.000000000000000000e+00 -1.880908292998938469e-01 2.209349434297514847e+00 0.000000000000000000e+00
-2.584253590366597741e+00 9.197786498340798644e-03 0.000000000000000000e+00 2.244429906952296050e-01 2.099307000790589406e+00 0.000000000000000000e+00
-2.794940192510035448e+00 6.267500415514382084e-04 0.000000000000000000e+00 -1.401786521759607884e-01 2.347918581985955377e+00 0.000000000000000000e+00
-2.308882185198871007e+00 -6.813800557620704884e-03 0.000000000000000000e+00 2.730517232346594270e-01 1.768542545699816948e+00 0.000000000000000000e+00
-2.910319281062992314e+00 -4.948700203043806915e-03 0.000000000000000000e+00 -8.916953893460058400e-02 2.480794927666731819e+00 0.000000000000000000e+00
-1.945324274731452530e+00 -5.936221649028586289e-03 0.000000000000000000e+00 3.421883711765014713e-01 1.304007216890855858e+00 0.000000000000000000e+00
-2.972141287490954298e+00 -2.733452497158703892e-03 0.000000000000000000e+00 -3.493451631366259469e-02 2.551554421418621654e+00 0.000000000000000000e+00
-1.387552404961637675e+00 2.152914237776568963e-03 0.000000000000000000e+00 3.680851107264929700e-01 4.861564800993024571e-01 0.000000000000000000e+00
-2.980027030345605787e+00 -8.811133918851906527e-03 0.000000000000000000e+00 9.877843796692086301e-03 2.560620497450369459e+00 0.000000000000000000e+00
-1.812256018092322618e+00 3.720156392885469454e-03 0.000000000000000000e+00 -3.618799447548878834e-01 1.123402038016555249e+00 0.000000000000000000e+00
-2.934445604330971236e+00 1.143394560494975787e-03 0.000000000000000000e+00 7.001317660502372198e-02 2.508532319073185413e+00 0.000000000000000000e+00
-2.211549742545151354e+00 1.687579630304178457e-03 0.000000000000000000e+00 -2.973772006008694735e-01 1.646805028142934502e+00 0.000000000000000000e+00
-2.833754226247403807e+00 5.085136317722338539e-03 0.000000000000000000e+00 1.283827864642254624e-01 2.392610901634579790e+00 0.000000000000000000e+00
-2.508614659354317045e+00 -5.188969004175737754e-03 0.000000000000000000e+00 -2.372874268571822931e-01 2.009781627708395746e+00 0.000000000000000000e+00
-2.698780480891772804e+00 -3.957293969267187961e-03 0.000000000000000000e+00 1.754386253171806853e-01 2.235806537113921522e+00 0.000000000000000000e+00
1.060352890308596141e+00 -2.008983456932698268e-04 0.000000000000000000e+00 -8.499132311776030901e-02 1.204020100775544111e-01 0.000000000000000000e+00
-2.604379907610408384e+00 -3.848457567506777255e-03 0.000000000000000000e+00 -1.458519296438762769e-01 2.129454608733677645e+00 0.000000000000000000e+00
-1.899527214972383860e+00 1.282384162456171040e-03 0.000000000000000000e+00 3.280299389238621188e-01 1.248440354510595984e+00 0.000000000000000000e+00
-2.778405852632717110e+00 2.111100065548307536e-03 0.000000000000000000e+00 1.427214216414670819e-02 2.333298565020559323e+00 0.000000000000000000e+00
-2.064825580677331907e+00 7.202658003222082994e-03 0.000000000000000000e+00 -2.912797664478220527e-01 1.467111789546877487e+00 0.000000000000000000e+00
-2.535346932381753682e+00 -6.464656198761076222e-05 0.000000000000000000e+00 1.696895879087067516e-01 2.047715926116828733e+00 0.000000000000000000e+00
-2.616408867801689908e+00 5.353587832716971695e-03 0.000000000000000000e+00 -1.065275072805369205e-01 2.145643485462395361e+00 0.000000000000000000e+00
-1.478427554713280356e+00 2.239430087452948248e-03 0.000000000000000000e+00 3.584275368833576003e-01 6.443636083343230458e-01 0.000000000000000000e+00
-2.671906606310662902e+00 1.008182490906527062e-02 0.000000000000000000e+00 8.398448611828551735e-02 2.210376163819451456e+00 0.000000000000000000e+00
-2.400520655708936690e+00 -6.490178374351646129e-03 0.000000000000000000e+00 -2.063088242945181894e-01 1.886327798345130535e+00 0.000000000000000000e+00
-2.122099240181725577e+00 7.573291592644335740e-03 0.000000000000000000e+00 2.812182604404353525e-01 1.540078519742363206e+00 0.000000000000000000e+00
-2.730728093886321872e+00 8.716901691646329609e-03 0.000000000000000000e+00 -6.876081493969316005e-03 2.279125451155755488e+00 0.000000000000000000e+00
-1.955636252731149494e+00 2.638275780210620758e-03 0.000000000000000000e+00 -3.084975785470115417e-01 1.325572429399189067e+00 0.000000000000000000e+00
-2.493591170485391473e+00 8.147722479438346266e-03 0.000000000000000000e+00 1.758167093113698620e-01 1.998576823175371775e+00 0.000000000000000000e+00
-2.609255924125244430e+00 9.152073919811987146e-04 0.000000000000000000e+00 -9.838052466052477074e-02 2.137790240979884349e+00 0.000000000000000000e+00
-1.138251483174609113e+00 -2.440452370977123117e-04 0.000000000000000000e+00 2.336566701096535192e-01 5.748193428068847088e-02 0.000000000000000000e+00
-1.276103170214415439e+00 6.118976890399051294e-04 0.000000000000000000e+00 -3.215699122756388029e-01 3.122028860015951812e-01 0.000000000000000000e+00
-2.600138295149919010e+00 -3.849597182976186027e-03 0.000000000000000000e+00 1.013754316589289689e-01 2.127146645598736008e+00 0.000000000000000000e+00
-2.515831728524303479e+00 -7.899747204387241872e-03 0.000000000000000000e+00 -1.721994600010327559e-01 2.024817798083814679e+00 0.000000000000000000e+00
-1.968037667874132701e+00 -3.176389976591392772e-03 0.000000000000000000e+00 3.080095892915379330e-01 1.341514546859367440e+00 0.000000000000000000e+00
-2.745950646131840145e+00 6.578982703240804711e-03 0.000000000000000000e+00 1.513830138926237565e-02 2.296412420692591105e+00 0.000000000000000000e+00
-2.080745274609392403e+00 -6.379861278253328924e-03 0.000000000000000000e+00 -2.919901215658640137e-01 1.486802220262758656e+00 0.000000000000000000e+00
-2.458567250551148220e+00 -7.569073342448925934e-03 0.000000000000000000e+00 1.802562060092080531e-01 1.957218122105440994e+00 0.000000000000000000e+00
-2.654475208013821863e+00 6.723873150769166251e-03 0.000000000000000000e+00 -8.558539835270523310e-02 2.190321666868407569e+00 0.000000000000000000e+00
-1.215400373693396929e+00 -1.259282378756713949e-04 0.000000000000000000e+00 2.957085496409659342e-01 2.012081343282655088e-01 0.000000000000000000e+00
-1.233847578505908649e+00 2.206094691079058152e-04 0.000000000000000000e+00 -3.055342914093576168e-01 2.348443650164228069e-01 0.000000000000000000e+00
-2.653377231758585975e+00 -1.071288379138755908e-02 0.000000000000000000e+00 8.299240647272815297e-02 2.189177057884829303e+00 0.000000000000000000e+00
-2.461084541523402613e+00 3.373512599591683113e-03 0.000000000000000000e+00 -1.829627440696476592e-01 1.959905508065839630e+00 0.000000000000000000e+00
-2.079012439013842695e+00 3.020552760837302148e-03 0.000000000000000000e+00 2.900885651422823175e-01 1.485009633519721817e+00 0.000000000000000000e+00
-2.746722537690095667e+00 -7.392035315345032997e-03 0.000000000000000000e+00 -1.555710434175157364e-02 2.297290640434785480e+00 0.000000000000000000e+00
-1.968844388066099738e+00 3.003911089707524129e-03 0.000000000000000000e+00 -3.080882441561738627e-01 1.342524846871888222e+00 0.000000000000000000e+00
-2.516692747058807189e+00 9.849897065280610597e-03 0.000000000000000000e+00 1.736942394799341205e-01 2.025701264073470398e+00 0.000000000000000000e+00
-2.599772592197352239e+00 5.994237739159094525e-03 0.000000000000000000e+00 -9.978784919120435581e-02 2.126805320145889411e+00 0.000000000000000000e+00
-1.280075618882638544e+00 -1.081858094234060437e-03 0.000000000000000000e+00 3.228360219659415220e-01 3.192921652358506335e-01 0.000000000000000000e+00
-1.119895221742764013e+00 4.055151516845682900e-05 0.000000000000000000e+00 -2.116612034179314039e-01 2.137335489696447210e-02 0.000000000000000000e+00
-2.609396872652596233e+00 9.089365524011794317e-04 0.000000000000000000e+00 9.974749149816720950e-02 2.137889924628494587e+00 0.000000000000000000e+00
-2.493059524542744931e+00 -6.621724384306020006e-03 0.000000000000000000e+00 -1.746521226737669519e-01 1.998053901788600539e+00 0.000000000000000000e+00
-1.955243350015138937e+00 -2.363932938083575241e-03 0.000000000000000000e+00 3.086939821065289857e-01 1.325025407008372902e+00 0.000000000000000000e+00
-2.730277655536566872e+00 -8.779881918749508560e-03 0.000000000000000000e+00 6.963663792469799996e-03 2.278613056631518141e+00 0.000000000000000000e+00
-2.125746670819254280e+00 6.336877667985650608e-03 0.000000000000000000e+00 -2.702023247553299035e-01 1.546538563982297942e+00 0.000000000000000000e+00
-2.399045375489695431e+00 4.360463512905740635e-03 0.000000000000000000e+00 2.049900220700589526e-01 1.884725362683315586e+00 0.000000000000000000e+00
-2.672990519768834616e+00 9.858890224134497782e-03 0.000000000000000000e+00 -6.645848308206515898e-02 2.212213789575384393e+00 0.000000000000000000e+00
-1.484746143342202007e+00 -1.665527452471837755e-03 0.000000000000000000e+00 -3.583675635982717100e-01 6.543824090590548703e-01 0.000000000000000000e+00
-2.615192914713285077e+00 -8.521692278473023269e-03 0.000000000000000000e+00 1.044689315729936535e-01 2.144355680348565940e+00 0.000000000000000000e+00
-2.538147673185000119e+00 -2.594375419314301490e-03 0.000000000000000000e+00 -1.715894265607561808e-01 2.050815246324517283e+00 0.000000000000000000e+00
-2.067379540523582193e+00 -4.112083860119623846e-03 0.000000000000000000e+00 2.933386193845958223e-01 1.469879352795635752e+00 0.000000000000000000e+00
-2.780549508824432081e+00 4.092991033885426400e-03 0.000000000000000000e+00 -9.862324958500492955e-03 2.335758593311298981e+00 0.000000000000000000e+00
-1.889683211401466334e+00 1.004572692998258188e-03 0.000000000000000000e+00 -3.284758549673715278e-01 1.235516397398138011e+00 0.000000000000000000e+00
-2.612515821445067665e+00 -1.723856507993282161e-03 0.000000000000000000e+00 1.387491967409880400e-01 2.139309929835993884e+00 0.000000000000000000e+00
-2.722794353334373696e+00 4.386334790767850919e-03 0.000000000000000000e+00 -1.888742952620017790e-01 2.262212082312311523e+00 0.000000000000000000e+00
-2.692060234605194946e+00 2.669043854148463180e-03 0.000000000000000000e+00 2.036303608316165636e-01 2.225705585217605531e+00 0.000000000000000000e+00
-2.714744999636923950e+00 -4.616898238112801534e-03 0.000000000000000000e+00 -1.604565697258383827e-01 2.255203514111260965e+00 0.000000000000000000e+00
-2.311454093231281703e+00 -7.457765038171165761e-03 0.000000000000000000e+00 2.645414128210359372e-01 1.772922809604859484e+00 0.000000000000000000e+00
-2.876887699472314708e+00 1.214043255955755268e-02 0.000000000000000000e+00 -6.920583655089374009e-02 2.443796814116202754e+00 0.000000000000000000e+00
-1.799160481333207162e+00 1.264985650279382146e-03 0.000000000000000000e+00 3.617283906882701183e-01 1.105839295570859582e+00 0.000000000000000000e+00
-2.937945210068227730e+00 5.779027448180824866e-03 0.000000000000000000e+00 -2.736487583882060010e-03 2.513445424786436178e+00 0.000000000000000000e+00
-1.643842419844169012e+00 2.606151848402876725e-04 0.000000000000000000e+00 -3.744984359614494940e-01 8.853007295068320293e-01 0.000000000000000000e+00
-2.898728901198606600e+00 4.906151550406478296e-03 0.000000000000000000e+00 6.780920309187898898e-02 2.468425657553103836e+00 0.000000000000000000e+00
-2.215428056288192060e+00 -3.190202010063078464e-03 0.000000000000000000e+00 -2.933969556769828180e-01 1.652247059548312080e+00 0.000000000000000000e+00
-2.757901226140107021e+00 9.799829696758549646e-03 0.000000000000000000e+00 1.476726918544042089e-01 2.305342767076186572e+00 0.000000000000000000e+00
-2.592656074438353109e+00 3.451435203559890391e-03 0.000000000000000000e+00 -2.037138263076049838e-01 2.111136841756574345e+00 0.000000000000000000e+00
-2.586702451039616157e+00 7.743507429946146561e-03 0.000000000000000000e+00 2.145199492496812910e-01 2.103179570703365808e+00 0.000000000000000000e+00
-2.763508113141065259e+00 6.786505630865331297e-03 0.000000000000000000e+00 -1.325116700799371938e-01 2.312637583205646052e+00 0.000000000000000000e+00
-2.215977503863638454e+00 1.606341659186436184e-03 0.000000000000000000e+00 2.925360259529360407e-01 1.653066766384858610e+00 0.000000000000000000e+00
-2.900915495119968934e+00 -2.480299204147162762e-03 0.000000000000000000e+00 -6.612369143897162127e-02 2.470930246016191489e+00 0.000000000000000000e+00
-1.654403994723554483e+00 3.408873324081462819e-03 0.000000000000000000e+00 3.761488727675068033e-01 8.997754653455657392e-01 0.000000000000000000e+00
-2.940898480075099464e+00 5.377323840597941773e-03 0.000000000000000000e+00 1.082853941635432415e-02 2.516738722907453152e+00 0.000000000000000000e+00
-1.779420129578507925e+00 2.151871882667806546e-03 0.000000000000000000e+00 -3.621901501200835427e-01 1.079000099202044982e+00 0.000000000000000000e+00
-2.883481739724307324e+00 8.502794293751586574e-03 0.000000000000000000e+00 8.410777331645012678e-02 2.450751531339643741e+00 0.000000000000000000e+00
-2.291554091884841604e+00 2.896299338100614962e-03 0.000000000000000000e+00 -2.729404152740950718e-01 1.747745491577290977e+00 0.000000000000000000e+00
-2.730155019835624586e+00 -1.031493329481037065e-02 0.000000000000000000e+00 1.430398593339458624e-01 2.273996617370972029e+00 0.000000000000000000e+00
-2.656423577399640301e+00 -3.556442566053379453e-03 0.000000000000000000e+00 -2.036675008285501742e-01 2.184747853834849707e+00 0.000000000000000000e+00
-2.649811958003952306e+00 -2.969968209063304776e-03 0.000000000000000000e+00 2.002064714571275550e-01 2.177455702285126193e+00 0.000000000000000000e+00
-2.740594094498074007e+00 -5.067482859819921748e-03 0.000000000000000000e+00 -1.560548291333102577e-01 2.285040650366201298e+00 0.000000000000000000e+00
-2.313731131758681059e+00 -6.236433945911876164e-03 0.000000000000000000e+00 2.675237262078435929e-01 1.775200481857731161e+00 0.000000000000000000e+00
-2.886729211254330796e+00 -1.075795172044326925e-02 0.000000000000000000e+00 -9.146953300338121762e-02 2.454157998294877352e+00 0.000000000000000000e+00
-1.854737413760995324e+00 -4.382624577985647085e-04 0.000000000000000000e+00 3.553731234491457336e-01 1.182032510670168346e+00 0.000000000000000000e+00
-2.950608810654889780e+00 3.002506944571700642e-03 0.000000000000000000e+00 -1.413280100935804598e-02 2.527616342008048633e+00 0.000000000000000000e+00
-1.499843433324119957e+00 2.961095358957704232e-03 0.000000000000000000e+00 -3.758678616417316931e-01 6.684868631033042963e-01 0.000000000000000000e+00
-2.930970356086858963e+00 3.080759689600656714e-03 0.000000000000000000e+00 4.992929962440442737e-02 2.505112439144277836e+00 0.000000000000000000e+00
-2.093112703697908472e+00 -6.541011311210556678e-03 0.000000000000000000e+00 -3.220053916306664377e-01 1.496028723508330494e+00 0.000000000000000000e+00
-2.827628303045605751e+00 -1.622961436895636878e-03 0.000000000000000000e+00 1.131667255063782962e-01 2.386441032898480419e+00 0.000000000000000000e+00
-2.477552327837376556e+00 1.964049451682877562e-03 0.000000000000000000e+00 -2.329511940564093775e-01 1.973921481210842543e+00 0.000000000000000000e+00
-2.654190857042826757e+00 4.415461744877210992e-03 0.000000000000000000e+00 1.878494642159239669e-01 2.183598229748105801e+00 0.000000000000000000e+00
-2.635694504797844839e+00 -2.239309640441014548e-03 0.000000000000000000e+00 -1.387496433265231199e-01 2.166002942620223415e+00 0.000000000000000000e+00
-1.906142041079237348e+00 7.092189608318179295e-04 0.000000000000000000e+00 3.292293661996605891e-01 1.256720515509242020e+00 0.000000000000000000e+00
-2.798441972880594264e+00 1.046053310020177846e-02 0.000000000000000000e+00 1.656745156008098893e-02 2.356036681127502419e+00 0.000000000000000000e+00
-2.008100591447396610e+00 -6.307411435790555299e-03 0.000000000000000000e+00 -3.150237723198410222e-01 1.390808319901142287e+00 0.000000000000000000e+00
-2.596215725808596275e+00 6.044790707948506647e-03 0.000000000000000000e+00 1.582099770554102336e-01 2.119152971850197353e+00 0.000000000000000000e+00
-2.445223314269073356e+00 -4.306866355240052124e-03 0.000000000000000000e+00 -9.188814987587765049e-02 1.947750143506909559e+00 0.000000000000000000e+00
-1.844640989135867493e+00 -1.480660889585344586e-03 0.000000000000000000e+00 -2.949398245346469549e-01 1.185351988242268284e+00 0.000000000000000000e+00
-2.039604555004760122e+00 1.349320962004955937e-03 0.000000000000000000e+00 2.496652548720113551e-01 1.443384401017929974e+00 0.000000000000000000e+00
-2.486676994673887364e+00 6.665089942435281634e-03 0.000000000000000000e+00 5.391801586339477897e-02 1.997524011970073676e+00 0.000000000000000000e+00
-2.362366159217758721e+00 -3.903060180978343285e-03 0.000000000000000000e+00 -1.491266483831473200e-01 1.846693500958048961e+00 0.000000000000000000e+00
-1.373168130918587915e+00 2.676454810225797898e-04 0.000000000000000000e+00 -3.324265542490058012e-01 4.865505745130744852e-01 0.000000000000000000e+00
-2.306222945438901384e+00 -4.897585746405610369e-03 0.000000000000000000e+00 1.658005660223673960e-01 1.778632790748437831e+00 0.000000000000000000e+00
-2.510405132995610522e+00 6.372810994133323859e-03 0.000000000000000000e+00 -2.333367024815546920e-02 2.025692820628103519e+00 0.000000000000000000e+00
-2.111151466819026545e+00 6.164123596019699391e-04 0.000000000000000000e+00 -2.314957071171358793e-01 1.534875090962151134e+00 0.000000000000000000e+00
-1.792735436868527765e+00 -5.399949828447103695e-03 0.000000000000000000e+00 3.025646361167163567e-01 1.114953147888342544e+00 0.000000000000000000e+00
-2.449385532094350726e+00 2.313597525986841458e-03 0.000000000000000000e+00 9.607110336410865092e-02 1.952412913057200772e+00 0.000000000000000000e+00
1.053164394495327061e+00 -4.888362154194044081e-04 0.000000000000000000e+00 7.523886978957511351e-02 1.211660623588432240e-01 0.000000000000000000e+00
-2.578240802390940445e+00 -1.666397360463062194e-03 0.000000000000000000e+00 -1.422303806291047579e-01 2.099509634532257252e+00 0.000000000000000000e+00
-1.809469432415766299e+00 -3.866934878584554758e-03 0.000000000000000000e+00 3.343418331614544936e-01 1.128197907157388213e+00 0.000000000000000000e+00
-2.737928079733839226e+00 -3.796138429918074347e-03 0.000000000000000000e+00 2.892554231137542051e-02 2.287143856398788699e+00 0.000000000000000000e+00
-2.201923588492397776e+00 -4.847759796067897461e-03 0.000000000000000000e+00 -2.634523618392139999e-01 1.640883269571681513e+00 0.000000000000000000e+00
-2.379262106546478961e+00 2.753920795681596978e-03 0.000000000000000000e+00 2.140461496543021869e-01 1.860321349776592470e+00 0.000000000000000000e+00
-2.694851516241404177e+00 -1.080331745979032365e-02 0.000000000000000000e+00 -8.067558489461525151e-02 2.236761828403087460e+00 0.000000000000000000e+00
-1.468275725791510222e+00 1.640709807554360800e-03 0.000000000000000000e+00 -3.579426230685922583e-01 6.284945308771761052e-01 0.000000000000000000e+00
-2.646071369223416792e+00 2.605859549688879784e-03 0.000000000000000000e+00 1.063685036102709619e-01 2.179757808473211433e+00 0.000000000000000000e+00
-2.501104957041106580e+00 -6.739260147272025693e-03 0.000000000000000000e+00 -1.850935587834248996e-01 2.006508276171278027e+00 0.000000000000000000e+00
-2.100594767321610767e+00 -7.579236298288910545e-04 0.000000000000000000e+00 2.871625450351255049e-01 1.512372005782278706e+00 0.000000000000000000e+00
-2.770016368884657965e+00 -4.145996716797517925e-03 0.000000000000000000e+00 -2.101878964256294682e-02 2.323726406164106972e+00 0.000000000000000000e+00
-1.874209903192983750e+00 -2.429084803048917052e-03 0.000000000000000000e+00 -3.319196192015811953e-01 1.214388433007960177e+00 0.000000000000000000e+00
-2.601032620487505831e+00 3.796812229810153649e-05 0.000000000000000000e+00 1.413870206289147280e-01 2.125894373185549302e+00 0.000000000000000000e+00
1.060677041184022062e+00 -2.734592210415090832e-04 0.000000000000000000e+00 8.688081302302214093e-02 1.194307377080074950e-01 0.000000000000000000e+00
-2.697144901845616172e+00 -6.320170098737268316e-03 0.000000000000000000e+00 -1.840946378094933389e-01 2.233244960822493574e+00 0.000000000000000000e+00
-2.507175487981378126e+00 -6.979678972253794411e-03 0.000000000000000000e+00 2.276228234735356848e-01 2.009226877644219034e+00 0.000000000000000000e+00
-2.834858952643970476e+00 3.858449597128638109e-03 0.000000000000000000e+00 -1.199150347988459653e-01 2.394302442632545436e+00 0.000000000000000000e+00
-2.205079644561158680e+00 -5.762430020151976251e-04 0.000000000000000000e+00 2.993573555569204458e-01 1.638559988024281155e+00 0.000000000000000000e+00
-2.935155536366227391e+00 5.468439804257659020e-03 0.000000000000000000e+00 -6.309255157746129772e-02 2.509522634706820465e+00 0.000000000000000000e+00
-1.798610518020727245e+00 -9.284312205164162862e-04 0.000000000000000000e+00 3.650770939567735685e-01 1.104000582008000553e+00 0.000000000000000000e+00
-2.979518714930938117e+00 1.274744262742788514e-02 0.000000000000000000e+00 -4.872169965872558128e-03 2.560085407776589328e+00 0.000000000000000000e+00
-1.418480842106865758e+00 9.430772079931661576e-04 0.000000000000000000e+00 -3.717391380557901748e-01 5.376021580399668043e-01 0.000000000000000000e+00
-2.969654693206881468e+00 3.105096114214667136e-03 0.000000000000000000e+00 3.731767383846400221e-02 2.548738597889855129e+00 0.000000000000000000e+00
-1.963105463171810339e+00 2.778319589688247465e-03 0.000000000000000000e+00 -3.414251205045595317e-01 1.327078345782901625e+00 0.000000000000000000e+00
-2.904971097122166501e+00 7.421789247906498965e-04 0.000000000000000000e+00 8.819237547548838818e-02 2.474808752562589476e+00 0.000000000000000000e+00
-2.322832129921824418e+00 -7.948020655700743786e-03 0.000000000000000000e+00 -2.811826834875982284e-01 1.784007450639549575e+00 0.000000000000000000e+00
-2.786417724603207802e+00 -9.315475029799454715e-03 0.000000000000000000e+00 1.359903179655390093e-01 2.338504586819430742e+00 0.000000000000000000e+00
-2.600849041232959014e+00 1.120235500213492830e-03 0.000000000000000000e+00 -2.127448434436324254e-01 2.119730662445645564e+00 0.000000000000000000e+00
-2.675198418055100280e+00 -1.927714739091354601e-03 0.000000000000000000e+00 1.906867225167627466e-01 2.207500688084164331e+00 0.000000000000000000e+00
-2.672037202434341285e+00 -1.645861204131029987e-03 0.000000000000000000e+00 -1.478599960022532467e-01 2.207156264513802313e+00 0.000000000000000000e+00
-2.106899048732688406e+00 6.358041236974934507e-04 0.000000000000000000e+00 3.017831270514752529e-01 1.517345415305131340e+00 0.000000000000000000e+00
-2.852007693825636014e+00 -8.272225911979355986e-03 0.000000000000000000e+00 -4.147848267786273524e-02 2.416335699666459114e+00 0.000000000000000000e+00
-1.534598569189948414e+00 -1.066952667846000208e-03 0.000000000000000000e+00 -3.713478867962162200e-01 7.249236467352790925e-01 0.000000000000000000e+00
-2.812236712092657243e+00 6.994214500552362046e-03 0.000000000000000000e+00 7.995609711831400124e-02 2.370365318100992269e+00 0.000000000000000000e+00
-2.327934314250694747e+00 -4.130268289644994928e-03 0.000000000000000000e+00 -2.557257775404506717e-01 1.793920879650334532e+00 0.000000000000000000e+00
-2.554688323035399833e+00 4.279787700200779477e-04 0.000000000000000000e+00 1.896022634990986999e-01 2.068449115408874217e+00 0.000000000000000000e+00
-2.690322866835189508e+00 6.185355027343627382e-04 0.000000000000000000e+00 -1.223889229301227261e-01 2.229661064076607246e+00 0.000000000000000000e+00
-1.870053754555303538e+00 -3.541494652675316636e-03 0.000000000000000000e+00 3.356022209119895461e-01 1.207932291132498115e+00 0.000000000000000000e+00
-2.824017888284841238e+00 -6.771872744395120158e-04 0.000000000000000000e+00 6.570854694916510724e-03 2.385030640560248383e+00 0.000000000000000000e+00
-1.975407651059945202e+00 6.331284539848242021e-03 0.000000000000000000e+00 -3.161306840945001806e-01 1.349039745847187000e+00 0.000000000000000000e+00
-2.655616104725383675e+00 8.015444149849670907e-03 0.000000000000000000e+00 1.451139783651766435e-01 2.188503109962094406e+00 0.000000000000000000e+00
-2.641147390385141236e+00 8.515220418566268878e-03 0.000000000000000000e+00 -1.779699916640064272e-01 2.169429893349436700e+00 0.000000000000000000e+00
-2.460094131703979947e+00 4.619547917509028712e-03 0.000000000000000000e+00 2.400945709811510009e-01 1.952572354480166084e+00 0.000000000000000000e+00
-2.826598829068046381e+00 -4.218357708061504230e-04 0.000000000000000000e+00 -1.103350694884459582e-01 2.385409318962415259e+00 0.000000000000000000e+00
-2.040400373802709666e+00 4.340965332748358829e-04 0.000000000000000000e+00 3.256404908324666003e-01 1.429167021193928466e+00 0.000000000000000000e+00
-2.927641961373374180e+00 -1.242265832688893568e-02 0.000000000000000000e+00 -4.873480000482729307e-02 2.501425885449192865e+00 0.000000000000000000e+00
-1.309707214445775536e+00 9.643240150065610083e-05 0.000000000000000000e+00 3.462805462803051348e-01 3.572974123023167081e-01 0.000000000000000000e+00
-2.932310758995813060e+00 2.528870561307322573e-03 0.000000000000000000e+00 3.353529039517975929e-02 2.506892800731082005e+00 0.000000000000000000e+00
-1.992804330927162360e+00 5.372219651739673640e-03 0.000000000000000000e+00 -3.298340043695346946e-01 1.367933669059918422e+00 0.000000000000000000e+00
-2.840458638848115225e+00 -4.852189603343853852e-03 0.000000000000000000e+00 9.876853664731369276e-02 2.401606028865522546e+00 0.000000000000000000e+00
-2.428446346192803418e+00 6.584753589497298679e-03 0.000000000000000000e+00 -2.387201238085141508e-01 1.915489964302720338e+00 0.000000000000000000e+00
-2.658154903481735332e+00 9.941595022343957533e-03 0.000000000000000000e+00 1.869228373510319341e-01 2.188257049407705157e+00 0.000000000000000000e+00
-2.581636326464895603e+00 -7.984209730641594893e-03 0.000000000000000000e+00 -1.329688515405735572e-01 2.104056868897386856e+00 0.000000000000000000e+00
-1.610397253669802353e+00 4.105474083266979698e-03 0.000000000000000000e+00 3.567466925793486010e-01 8.445109402652946073e-01 0.000000000000000000e+00
-2.682318203996625350e+00 -6.543906463475253343e-03 0.000000000000000000e+00 5.775856255906904047e-02 2.223125612225659520e+00 0.000000000000000000e+00
-2.356306079834091349e+00 -9.031489702283859722e-03 0.000000000000000000e+00 -2.196094534428293388e-01 1.832467950933262646e+00 0.000000000000000000e+00
-2.157094943963841160e+00 2.746283559121195927e-03 0.000000000000000000e+00 2.679517960995624337e-01 1.585423704837108705e+00 0.000000000000000000e+00
-2.720351046831697150e+00 -7.704054791062883711e-03 0.000000000000000000e+00 -2.599480785049504417e-02 2.267160926342982386e+00 0.000000000000000000e+00
-1.934396133243750926e+00 -2.817508374786774350e-03 0.000000000000000000e+00 -3.147653825689096796e-01 1.296867032713612033e+00 0.000000000000000000e+00
-2.485932472617900402e+00 2.790938734793760312e-03 0.000000000000000000e+00 1.713987993173606283e-01 1.990011366616226240e+00 0.000000000000000000e+00
-2.607772792014206864e+00 5.145237003722161889e-03 0.000000000000000000e+00 -9.224443686856953484e-02 2.136366505791778003e+00 0.000000000000000000e+00
-1.344070757624191925e+00 1.391506143098159010e-03 0.000000000000000000e+00 -3.395268614707763755e-01 4.294677032807837636e-01 0.000000000000000000e+00
-2.583139216926932935e+00 -4.288996904661938891e-03 0.000000000000000000e+00 1.073437064878554892e-01 2.107245553144342587e+00 0.000000000000000000e+00
-2.550952003726867812e+00 -6.300797757638626657e-03 0.000000000000000000e+00 -1.680097738977001098e-01 2.065990278213893916e+00 0.000000000000000000e+00
-2.017428239621316344e+00 -1.151841019592217408e-03 0.000000000000000000e+00 3.045991807553155573e-01 1.404894723198398809e+00 0.000000000000000000e+00
