-1.399948446608316743e+00 -1.362103617074485185e-03 0.000000000000000000e+00 -2.243224850054180083e-03 6.273580992671303758e-01 0.000000000000000000e+00
-1.206819388058163689e+00 8.971155663108163619e-05 0.000000000000000000e+00 -4.235374076167818663e-02 3.420613168380860492e-01 0.000000000000000000e+00
-1.211926846447673345e+00 1.329377717380734536e-03 0.000000000000000000e+00 4.042636405570963765e-02 3.500492901048136707e-01 0.000000000000000000e+00
-1.173185317255497795e+00 1.098874498809433546e-03 0.000000000000000000e+00 -1.166680571160050167e-01 2.695543894628316672e-01 0.000000000000000000e+00
-1.245162222988564160e+00 1.747844230646996427e-03 0.000000000000000000e+00 6.703979053693218115e-02 3.965874346984333276e-01 0.000000000000000000e+00
-1.179266928557647809e+00 1.347840006927249461e-03 0.000000000000000000e+00 -2.317509639678502157e-03 3.029518214168421264e-01 0.000000000000000000e+00
-1.256795114659013279e+00 1.989995562816891661e-03 0.000000000000000000e+00 -2.186280961809182466e-02 4.189677881422166350e-01 0.000000000000000000e+00
9.908135972328548924e-01 4.249085582141308350e-04 0.000000000000000000e+00 1.188087442740938388e-01 1.914727959309671379e-01 0.000000000000000000e+00
9.007713488859429019e-01 -9.100959306388598999e-04 0.000000000000000000e+00 -2.784480081635115969e-02 1.979422493542386530e-01 0.000000000000000000e+00
8.502430351566987454e-01 7.150177054495721052e-04 0.000000000000000000e+00 1.422301498297250943e-01 2.483407644414600268e-01 0.000000000000000000e+00
8.162333229593797812e-01 3.071357022284247618e-04 0.000000000000000000e+00 -2.556207633531862866e-01 2.393784669305247526e-01 0.000000000000000000e+00
6.215400094740376469e-01 2.410340839204251628e-03 0.000000000000000000e+00 -1.470830758350092082e-01 7.659773610209763550e-01 0.000000000000000000e+00
-9.724484865331004535e-01 -1.271548507857851208e-04 0.000000000000000000e+00 2.066085110088894394e-02 8.435148728034752574e-02 0.000000000000000000e+00
6.198011521357342790e-01 -2.735576245282612777e-03 0.000000000000000000e+00 1.410095808305329157e-01 7.715694783013830049e-01 0.000000000000000000e+00
8.073655164423201303e-01 1.046418423497171707e-03 0.000000000000000000e+00 2.593547715429249667e-01 2.603218733009549646e-01 0.000000000000000000e+00
8.057953385483006548e-01 -9.188293285494987181e-04 0.000000000000000000e+00 -2.690812318502585621e-01 2.547560473082357002e-01 0.000000000000000000e+00
6.503332815961651026e-01 2.134700221422038482e-03 0.000000000000000000e+00 -2.401888893632011523e-01 6.671356632139251452e-01 0.000000000000000000e+00
5.951137713127832019e-01 -2.401706201486965980e-03 0.000000000000000000e+00 -4.640305650495430562e-02 8.465808217630765853e-01 0.000000000000000000e+00
6.169960006911794359e-01 -6.611617448912601724e-05 0.000000000000000000e+00 1.696864202177051917e-01 7.730542775961490864e-01 0.000000000000000000e+00
7.292384822515297627e-01 1.847750334121770182e-03 0.000000000000000000e+00 2.844974925986275549e-01 4.456313405845813147e-01 0.000000000000000000e+00
7.239535826189580359e-01 1.842192026497707982e-03 0.000000000000000000e+00 3.132463152774231374e-01 4.401112543816815270e-01 0.000000000000000000e+00
5.757209087989615393e-01 -2.520605177793351637e-03 0.000000000000000000e+00 2.684714221021042846e-01 8.585470771875595153e-01 0.000000000000000000e+00
5.292431123336609478e-01 5.329808251494511095e-04 0.000000000000000000e+00 5.019301609662989855e-02 1.029509572631616354e+00 0.000000000000000000e+00
5.493951554156628614e-01 -4.654213354965901217e-03 0.000000000000000000e+00 -1.852710004746260797e-01 9.546407926537091582e-01 0.000000000000000000e+00
6.452229165834446611e-01 1.329791630987533363e-03 0.000000000000000000e+00 -3.308370652399011402e-01 6.411067376049388589e-01 0.000000000000000000e+00
8.035664337439762939e-01 -4.744788820609706706e-04 0.000000000000000000e+00 2.960703752193439842e-01 2.300354219521152932e-01 0.000000000000000000e+00
8.020526652788018129e-01 -3.739696146998466170e-04 0.000000000000000000e+00 -2.600343805896246918e-01 2.742318546963402048e-01 0.000000000000000000e+00
6.171681167879058405e-01 -2.552408220706688102e-04 0.000000000000000000e+00 -1.140793578496494404e-01 7.827512084198082754e-01 0.000000000000000000e+00
6.371699876090248793e-01 -1.621987932622475856e-03 0.000000000000000000e+00 1.830343012868035912e-01 7.181489532399655262e-01 0.000000000000000000e+00
8.069378941134863759e-01 -9.578633506117945756e-04 0.000000000000000000e+00 -1.925220375257608585e-01 3.139816737304482741e-01 0.000000000000000000e+00
6.993623393285525180e-01 2.000157794508161321e-03 0.000000000000000000e+00 4.789080559081432438e-03 5.947396595028915378e-01 0.000000000000000000e+00
8.167644306149773881e-01 3.227545576003996303e-04 0.000000000000000000e+00 1.938268749951365666e-01 2.904435749876602690e-01 0.000000000000000000e+00
8.293885191798915368e-01 8.144999753823770755e-05 0.000000000000000000e+00 2.652606617393920008e-01 1.878068140645332007e-01 0.000000000000000000e+00
8.548875867066355605e-01 8.254173737678701175e-04 0.000000000000000000e+00 -1.206486837756451103e-01 2.501727292114866996e-01 0.000000000000000000e+00
-1.113932868703346291e+00 8.780472682034246024e-04 0.000000000000000000e+00 -1.618729339498908848e-02 2.029537566355394673e-01 0.000000000000000000e+00
9.204816000070149551e-01 4.052887037042599699e-04 0.000000000000000000e+00 8.115905292738503918e-02 1.510349788321995734e-01 0.000000000000000000e+00
9.360469752603477467e-01 2.392699868126956474e-04 0.000000000000000000e+00 -7.680860757042620723e-02 1.326001047779200026e-01 0.000000000000000000e+00
7.961568067567643681e-01 6.656479011319833827e-04 0.000000000000000000e+00 2.992317839050909895e-02 3.884461347072701853e-01 0.000000000000000000e+00
9.221843043916877480e-01 2.988983137595302084e-04 0.000000000000000000e+00 1.385146581972545587e-01 9.724812081059946989e-02 0.000000000000000000e+00
9.674784226760440031e-01 -1.614743755054084983e-04 0.000000000000000000e+00 -1.309011234707332383e-01 5.673035124686889863e-02 0.000000000000000000e+00
-1.137901374087776807e+00 9.865740635076752918e-05 0.000000000000000000e+00 -3.110710047650167009e-02 2.379728495284061107e-01 0.000000000000000000e+00
9.775106461428337834e-01 -5.670285401816724160e-04 0.000000000000000000e+00 9.484037332463361378e-03 1.561776050861229947e-01 0.000000000000000000e+00
-1.131171950681792326e+00 -4.048995651960210756e-04 0.000000000000000000e+00 2.149918438119887212e-02 2.287472513815005659e-01 0.000000000000000000e+00
1.001611454564348858e+00 -1.088271859557721905e-04 0.000000000000000000e+00 3.312459592008068499e-02 2.084283832478358856e-01 0.000000000000000000e+00
-1.258437200309166837e+00 -1.393130327060931959e-03 0.000000000000000000e+00 1.201018818476963512e-02 4.218065979037630697e-01 0.000000000000000000e+00
-1.192204467327397710e+00 1.301319446115018624e-03 0.000000000000000000e+00 -2.848573700422170341e-02 3.213218656369723480e-01 0.000000000000000000e+00
9.833006595247609782e-01 -7.498296226017791936e-04 0.000000000000000000e+00 6.560306741081936566e-02 1.614440707310447476e-01 0.000000000000000000e+00
9.216348801122462575e-01 1.352637547260626205e-04 0.000000000000000000e+00 3.132874158763852834e-02 1.670391767183962706e-01 0.000000000000000000e+00
9.420469751764870558e-01 -2.192723703340968954e-04 0.000000000000000000e+00 -3.933173201589658385e-02 1.424363183300910440e-01 0.000000000000000000e+00
9.428812153727783585e-01 3.328274097009992043e-04 0.000000000000000000e+00 2.677725609405499224e-02 1.446365512458846481e-01 0.000000000000000000e+00
9.237563497271474855e-01 3.725979046858536939e-04 0.000000000000000000e+00 -1.160905457081903500e-02 1.668327829086971303e-01 0.000000000000000000e+00
9.526450602211058438e-01 -1.596651924913388104e-04 0.000000000000000000e+00 -2.489447218745062182e-02 1.390177178434141014e-01 0.000000000000000000e+00
9.933352922221714287e-01 -2.648080645943439826e-04 0.000000000000000000e+00 2.560347122334218906e-01 7.447212439578793086e-02 0.000000000000000000e+00
9.122508953961638856e-01 4.659050196936789442e-04 0.000000000000000000e+00 -1.500531135422195073e-01 1.043558056062645623e-01 0.000000000000000000e+00
7.552659394572451834e-01 -1.323916428821052304e-03 0.000000000000000000e+00 -4.701001203544115381e-03 4.731512595315219283e-01 0.000000000000000000e+00
9.021653169973061770e-01 3.240670721309398244e-05 0.000000000000000000e+00 1.525658414423123332e-01 1.258055173563426554e-01 0.000000000000000000e+00
9.785334213129424086e-01 -5.906727300893495304e-06 0.000000000000000000e+00 -1.465102169809316401e-01 6.187324648349541018e-02 0.000000000000000000e+00
7.058175330164084826e-01 2.458103292193583242e-04 0.000000000000000000e+00 -1.546963458007653835e-02 5.800664647122902862e-01 0.000000000000000000e+00
8.948466214245398564e-01 -1.161830321270464206e-06 0.000000000000000000e+00 1.716128352954517655e-01 1.196627221070399039e-01 0.000000000000000000e+00
-1.273792403336573287e+00 1.179343967347232930e-03 0.000000000000000000e+00 -2.565308863506164661e-02 4.439909949058999938e-01 0.000000000000000000e+00
-1.248277298130058277e+00 -1.760353169917225347e-04 0.000000000000000000e+00 1.005799916706920927e-01 3.942291860976472329e-01 0.000000000000000000e+00
-1.370362004977189407e+00 -3.162322724756727252e-04 0.000000000000000000e+00 1.869522142299505363e-02 5.849086042841485922e-01 0.000000000000000000e+00
-1.181917442389002648e+00 1.320806779935126789e-03 0.000000000000000000e+00 -1.376706754462006244e-01 2.743831952997085599e-01 0.000000000000000000e+00
-1.400369403389791767e+00 -3.062768930180644750e-03 0.000000000000000000e+00 -3.792995457038334656e-02 6.268167518430474150e-01 0.000000000000000000e+00
-1.171896090575133442e+00 7.244903471016750363e-06 0.000000000000000000e+00 1.897339056196743479e-01 2.216387156849150275e-01 0.000000000000000000e+00
1.001967696501280702e+00 1.098875892186396185e-03 0.000000000000000000e+00 -8.783444615338886763e-02 6.748354600548633897e-02 0.000000000000000000e+00
-1.065273413151927695e+00 -3.215681750354337873e-04 0.000000000000000000e+00 1.148712217049615847e-01 6.515774478595595665e-02 0.000000000000000000e+00
-1.123707995715720109e+00 3.070739205606348200e-04 0.000000000000000000e+00 -1.298545263074685208e-01 1.756131934097647507e-01 0.000000000000000000e+00
1.035093038305899160e+00 7.353831946618478825e-05 0.000000000000000000e+00 1.288600706616114255e-01 5.569849642304246229e-02 0.000000000000000000e+00
-1.482312101732303766e+00 -9.222735211926735843e-04 0.000000000000000000e+00 1.802660596565490159e-01 7.204779122362987565e-01 0.000000000000000000e+00
-1.692390576319108941e+00 -1.025524619658116365e-03 0.000000000000000000e+00 2.919750689890920209e-02 1.024778137509501974e+00 0.000000000000000000e+00
-1.601478791226700338e+00 4.810707041675577056e-04 0.000000000000000000e+00 -1.254233252412135236e-01 8.960638305981598606e-01 0.000000000000000000e+00
-1.098227827112223220e+00 -1.388058804043251640e-04 0.000000000000000000e+00 1.645806336978597462e-01 7.281401994693430246e-02 0.000000000000000000e+00
-1.169278596552002281e+00 7.837865549447092925e-04 0.000000000000000000e+00 -2.006418755796490483e-01 2.062963600277512299e-01 0.000000000000000000e+00
-1.601295717431824084e+00 -9.184735725053690125e-04 0.000000000000000000e+00 1.288807091250243619e-01 8.953257383525259350e-01 0.000000000000000000e+00
-1.696171918815513768e+00 -7.766964479439183999e-04 0.000000000000000000e+00 -3.533969448629609850e-02 1.029539851680171703e+00 0.000000000000000000e+00
-1.452169119206698999e+00 9.744236302526854132e-04 0.000000000000000000e+00 -1.919342707190290487e-01 6.740190529106292461e-01 0.000000000000000000e+00
-2.045708019923154097e+00 -2.063428979238036975e-03 0.000000000000000000e+00 2.030905247400893038e-02 1.472152344320727835e+00 0.000000000000000000e+00
-1.975839764037414792e+00 -6.032751161231926507e-03 0.000000000000000000e+00 8.408348564037201878e-02 1.383545054596783341e+00 0.000000000000000000e+00
-1.850280989993804637e+00 3.864324802215646920e-04 0.000000000000000000e+00 1.649440632222647918e-01 1.217504800868816961e+00 0.000000000000000000e+00
-1.637440300045707176e+00 -1.223476694176342527e-03 0.000000000000000000e+00 2.384936325988581962e-01 9.224036423981274435e-01 0.000000000000000000e+00
-1.242896757718409351e+00 1.839569116067656454e-04 0.000000000000000000e+00 2.623821691633909658e-01 3.003659093941546954e-01 0.000000000000000000e+00
-1.588945406698389906e+00 8.016450748911871371e-04 0.000000000000000000e+00 -2.502880490270332769e-01 8.519865765739818020e-01 0.000000000000000000e+00
-1.820955810581784018e+00 -4.427307702924501709e-04 0.000000000000000000e+00 -1.780471270437558040e-01 1.177952810432958852e+00 0.000000000000000000e+00
-1.959572561151483150e+00 4.303749779226434188e-03 0.000000000000000000e+00 -9.815967330979008532e-02 1.362351570913044041e+00 0.000000000000000000e+00
-2.033603971461737103e+00 -5.117118841530501894e-03 0.000000000000000000e+00 -3.525648341463823165e-02 1.457005602261578936e+00 0.000000000000000000e+00
1.028205975602749511e+00 7.156887870105342392e-05 0.000000000000000000e+00 -7.692433558084985079e-02 1.240666729611660524e-01 0.000000000000000000e+00
-1.441489975946224522e+00 1.568103402848332328e-03 0.000000000000000000e+00 -7.578442776656513225e-02 6.816916341238113963e-01 0.000000000000000000e+00
-1.301343071523941353e+00 2.149229459011397364e-03 0.000000000000000000e+00 1.580903429596051957e-01 4.587986505087520150e-01 0.000000000000000000e+00
-1.454080703378206607e+00 -8.702481247943628928e-04 0.000000000000000000e+00 1.275183504257326392e-02 7.033672079505599584e-01 0.000000000000000000e+00
-1.303729150701729456e+00 -1.165612797558062026e-03 0.000000000000000000e+00 -1.681891289990512794e-01 4.589139719254211602e-01 0.000000000000000000e+00
-1.502164770713564579e+00 -3.672348694153714302e-03 0.000000000000000000e+00 4.406174007931756495e-03 7.700605307577790271e-01 0.000000000000000000e+00
-1.269812196919979375e+00 1.059140643960114481e-03 0.000000000000000000e+00 1.756592935241812758e-01 4.021544185850406405e-01 0.000000000000000000e+00
-1.467488988555840201e+00 1.625647343970819739e-03 0.000000000000000000e+00 -2.765754084534741836e-02 7.216155751759900649e-01 0.000000000000000000e+00
-1.083695751394875284e+00 -1.258275438414664486e-04 0.000000000000000000e+00 1.412986117999162350e-01 7.171847983949644623e-02 0.000000000000000000e+00
-1.143287434529207003e+00 1.781034281603902656e-04 0.000000000000000000e+00 -1.664928708709974003e-01 1.840755617807369182e-01 0.000000000000000000e+00
-1.466977973672522362e+00 -3.493040777461230151e-03 0.000000000000000000e+00 3.201780500743411917e-02 7.207292850200421874e-01 0.000000000000000000e+00
-1.264004406578368434e+00 5.603401505063403468e-04 0.000000000000000000e+00 -1.778453880736919346e-01 3.917618276104060104e-01 0.000000000000000000e+00
-1.504417847470970848e+00 3.249473187741281840e-03 0.000000000000000000e+00 -1.941363612965964908e-02 7.729255011982059109e-01 0.000000000000000000e+00
-1.362154234924084495e+00 5.706628488122370696e-04 0.000000000000000000e+00 1.502319818235747229e-01 5.534133219563661665e-01 0.000000000000000000e+00
-1.276057733156795271e+00 -1.466178900984818276e-04 0.000000000000000000e+00 -4.822706388356547136e-02 4.454768990404287532e-01 0.000000000000000000e+00
-1.248100966264531042e+00 -1.118335072718855275e-03 0.000000000000000000e+00 8.444868004585094623e-02 3.977311580478892772e-01 0.000000000000000000e+00
8.805994152720029167e-01 1.357085281991003527e-04 0.000000000000000000e+00 -1.824957978684774718e-01 1.443105325411736528e-01 0.000000000000000000e+00
7.091586342238247465e-01 -1.250007102153317950e-03 0.000000000000000000e+00 -8.776968847483895830e-02 5.660529394240128020e-01 0.000000000000000000e+00
7.350292962056879098e-01 2.113696660571313772e-03 0.000000000000000000e+00 1.453739186369051306e-01 4.952885221788730918e-01 0.000000000000000000e+00
8.839997017652765354e-01 2.087945436190577486e-04 0.000000000000000000e+00 1.836762486799924932e-01 1.332931317816631323e-01 0.000000000000000000e+00
9.995282504262488210e-01 1.506723777239666034e-03 0.000000000000000000e+00 2.151524090462759997e-01 5.363330466697716070e-02 0.000000000000000000e+00
-1.421457187607342521e+00 1.527886798320426259e-03 0.000000000000000000e+00 -1.362299669402478736e-03 6.577584221948287180e-01 0.000000000000000000e+00
1.016734533300630572e+00 6.727559550347138881e-04 0.000000000000000000e+00 3.826043625111915508e-02 1.681378853154401609e-01 0.000000000000000000e+00
-1.738303999521311205e+00 4.950720275405892136e-03 0.000000000000000000e+00 1.248300536645711722e-01 1.077848239290124077e+00 0.000000000000000000e+00
-1.520347860349058777e+00 -1.168743127126534859e-03 0.000000000000000000e+00 -2.151058716595015130e-01 7.653512619992467458e-01 0.000000000000000000e+00
-1.834966641995220193e+00 -1.007221974402763322e-03 0.000000000000000000e+00 1.537894711613448442e-02 1.209079631346831940e+00 0.000000000000000000e+00
-1.412081283701620338e+00 5.930069778704808586e-04 0.000000000000000000e+00 2.383748992438614878e-01 5.988307522690633489e-01 0.000000000000000000e+00
-1.776475381455161262e+00 1.587181389616828826e-03 0.000000000000000000e+00 -9.575248805436999133e-02 1.130306975409369752e+00 0.000000000000000000e+00
-1.421560640944135478e+00 2.055925000086170767e-04 0.000000000000000000e+00 2.008471470735245235e-01 6.264960680238067514e-01 0.000000000000000000e+00
-1.692346698675489591e+00 2.306149340140818682e-03 0.000000000000000000e+00 4.609731342363294904e-02 1.024101169192048078e+00 0.000000000000000000e+00
-1.615307147641892094e+00 6.186449568134910759e-04 0.000000000000000000e+00 -1.207657840260296378e-01 9.153512220245697550e-01 0.000000000000000000e+00
-1.156938202606403676e+00 -6.119254672716581411e-04 0.000000000000000000e+00 1.974251063321585953e-01 1.827021312623076377e-01 0.000000000000000000e+00
-1.121526576409200171e+00 2.643664784455716094e-04 0.000000000000000000e+00 -1.808403222260381304e-01 1.164601665355604332e-01 0.000000000000000000e+00
-1.616563681988190115e+00 -1.279656193242008008e-03 0.000000000000000000e+00 1.180070041007760945e-01 9.174018666885194184e-01 0.000000000000000000e+00
-1.690778883186120574e+00 1.100585747937620970e-03 0.000000000000000000e+00 -4.262628972290958412e-02 1.022193735529569159e+00 0.000000000000000000e+00
-1.433625441168591363e+00 1.667711019700559433e-03 0.000000000000000000e+00 -1.961774521227285795e-01 6.457239509244090403e-01 0.000000000000000000e+00
-1.887399113748999824e+00 -6.187930519900349674e-03 0.000000000000000000e+00 6.281664730109071115e-02 1.274004965396471123e+00 0.000000000000000000e+00
-1.564396932864045908e+00 1.606634385178933033e-03 0.000000000000000000e+00 2.284318482889279578e-01 8.238260143387874379e-01 0.000000000000000000e+00
-1.617697591092650544e+00 -2.211768032192910904e-03 0.000000000000000000e+00 -2.136961790150219420e-01 9.014916723823397371e-01 0.000000000000000000e+00
-1.899862981150548080e+00 4.143602893171026424e-03 0.000000000000000000e+00 -4.851009303982220522e-02 1.290316067418886714e+00 0.000000000000000000e+00
-1.724807845959795305e+00 3.095752738825331002e-03 0.000000000000000000e+00 1.419910367975227850e-01 1.058031984757542343e+00 0.000000000000000000e+00
-1.528427735324535686e+00 9.618875420466278803e-04 0.000000000000000000e+00 -2.169151647662454219e-01 7.763122428908986183e-01 0.000000000000000000e+00
-1.851353193670855601e+00 -1.009406688588475320e-03 0.000000000000000000e+00 -2.040896321453225526e-03 1.229986018815318438e+00 0.000000000000000000e+00
-1.534793011324280254e+00 3.382150486531662614e-03 0.000000000000000000e+00 2.172847050280260761e-01 7.852253369869188759e-01 0.000000000000000000e+00
-1.722032248127594034e+00 4.855108561851992355e-03 0.000000000000000000e+00 -1.384512917327538617e-01 1.054863988403148767e+00 0.000000000000000000e+00
-1.892466585517707856e+00 2.744668015177516816e-03 0.000000000000000000e+00 5.453229274738638499e-02 1.280762405503175216e+00 0.000000000000000000e+00
-1.593122578582182758e+00 -4.328422824721414597e-03 0.000000000000000000e+00 2.155040774583333318e-01 8.672308795334948694e-01 0.000000000000000000e+00
-1.603748251550319415e+00 -1.340331043136917810e-03 0.000000000000000000e+00 -2.154562987949858455e-01 8.819001226368406998e-01 0.000000000000000000e+00
-1.895243740075931660e+00 2.944039944498353517e-03 0.000000000000000000e+00 -4.667542209815438853e-02 1.284569647913630153e+00 0.000000000000000000e+00
-1.734468009779099429e+00 -1.406461822602497747e-04 0.000000000000000000e+00 1.402312926450913211e-01 1.070924835143367115e+00 0.000000000000000000e+00
-1.495859307549151751e+00 4.259597487071553612e-04 0.000000000000000000e+00 -2.281066633791003773e-01 7.264139176503987549e-01 0.000000000000000000e+00
-1.856450788363424476e+00 -6.027158136000621697e-03 0.000000000000000000e+00 -2.615505908951473724e-02 1.236183912888744407e+00 0.000000000000000000e+00
-1.613080081499913998e+00 9.841086441917563932e-04 0.000000000000000000e+00 1.921621277496604052e-01 9.000261307286019363e-01 0.000000000000000000e+00
-1.664995637332303380e+00 -2.262252080074219143e-03 0.000000000000000000e+00 -1.722338430690004973e-01 9.740802936873573792e-01 0.000000000000000000e+00
-1.859272112163200763e+00 -4.354706202419705852e-03 0.000000000000000000e+00 3.588903149141219051e-02 1.239508252450126191e+00 0.000000000000000000e+00
-1.473240368024042901e+00 -2.528560976017432682e-03 0.000000000000000000e+00 2.345133080400935155e-01 6.914405504907346067e-01 0.000000000000000000e+00
-1.738310152521526764e+00 3.719313338779048350e-03 0.000000000000000000e+00 -1.414469062421820633e-01 1.075798972175710633e+00 0.000000000000000000e+00
-1.892486325412884085e+00 -6.028095842621535722e-03 0.000000000000000000e+00 3.848686211259329248e-02 1.281379849167513463e+00 0.000000000000000000e+00
-1.598409778744595666e+00 4.169373117612992785e-03 0.000000000000000000e+00 2.165607292510633441e-01 8.742736359489703402e-01 0.000000000000000000e+00
-1.607708955270992890e+00 -1.328912090731139417e-03 0.000000000000000000e+00 -2.121806281498027635e-01 8.881423824693488456e-01 0.000000000000000000e+00
-1.893718945608608095e+00 -5.429040373365397187e-03 0.000000000000000000e+00 -4.432241905160424350e-02 1.282741040329650861e+00 0.000000000000000000e+00
-1.740488449877055421e+00 -3.343875604002819607e-03 0.000000000000000000e+00 1.425200209459423495e-01 1.078505846254708578e+00 0.000000000000000000e+00
-1.459937340396547434e+00 -2.864776187901948643e-03 0.000000000000000000e+00 -2.404122073935172077e-01 6.698072209932104393e-01 0.000000000000000000e+00
-1.859084449172507369e+00 4.371355625325850508e-03 0.000000000000000000e+00 -4.283681146455640965e-02 1.239050241945570230e+00 0.000000000000000000e+00
-1.678312827675416674e+00 1.595617507423874315e-04 0.000000000000000000e+00 1.637920973186842710e-01 9.933063633432156481e-01 0.000000000000000000e+00
-1.601673592116765743e+00 4.373019058517998298e-03 0.000000000000000000e+00 -1.922812539289585620e-01 8.844081472604885530e-01 0.000000000000000000e+00
-1.853438812868010821e+00 -7.258572784828581925e-04 0.000000000000000000e+00 2.030143106846046125e-02 1.232465247799910957e+00 0.000000000000000000e+00
-1.484785978471243606e+00 -9.578845293425788769e-04 0.000000000000000000e+00 2.294025237979180898e-01 7.099670881204760420e-01 0.000000000000000000e+00
-1.742392408609538368e+00 2.809329662164419816e-03 0.000000000000000000e+00 -1.320961380321875323e-01 1.082317454642171217e+00 0.000000000000000000e+00
-1.920290098020939418e+00 1.127775090103647765e-04 0.000000000000000000e+00 4.714033476835823022e-02 1.316005591118279083e+00 0.000000000000000000e+00
-1.688694574881798527e+00 2.310099554012491618e-03 0.000000000000000000e+00 1.955530066535823841e-01 1.001437600835633379e+00 0.000000000000000000e+00
-1.423136185918111085e+00 -2.557178490682199528e-04 0.000000000000000000e+00 -2.576820772145645977e-01 6.077529861539356926e-01 0.000000000000000000e+00
-1.841799529034300331e+00 -1.744297697274716386e-03 0.000000000000000000e+00 -1.207915354047581213e-01 1.211859687177233136e+00 0.000000000000000000e+00
-1.960472946980915898e+00 -3.390798801224836033e-03 0.000000000000000000e+00 1.336607697936974780e-02 1.366936878892688334e+00 0.000000000000000000e+00
-1.821785120756228560e+00 3.168846614357928582e-03 0.000000000000000000e+00 1.455516539406785104e-01 1.183478371854407074e+00 0.000000000000000000e+00
-1.408842329967062490e+00 8.121610039280410982e-04 0.000000000000000000e+00 2.631459775265587164e-01 5.833515291167010730e-01 0.000000000000000000e+00
-1.664551175492149593e+00 3.939331330710997559e-03 0.000000000000000000e+00 -2.073277414997872492e-01 9.666243998304138163e-01 0.000000000000000000e+00
-1.913698907414182582e+00 -4.000368390287542542e-03 0.000000000000000000e+00 -8.144994234577847270e-02 1.306058969487745802e+00 0.000000000000000000e+00
-2.151369041210696054e+00 4.533467180098879612e-03 0.000000000000000000e+00 -1.281678145328388196e-02 1.600921358597866551e+00 0.000000000000000000e+00
-2.221776035825057782e+00 -5.744435480949021053e-03 0.000000000000000000e+00 -5.572828942224249127e-02 1.684772559904560207e+00 0.000000000000000000e+00
-2.154797321018032896e+00 5.332792262071894829e-04 0.000000000000000000e+00 -1.146779087467696689e-01 1.601008271424880114e+00 0.000000000000000000e+00
-2.013822983798121413e+00 7.648358272059072385e-04 0.000000000000000000e+00 -1.821940794231414751e-01 1.421440013072007069e+00 0.000000000000000000e+00
-1.797153352120205660e+00 -5.582971234876984989e-03 0.000000000000000000e+00 -2.543950144516291534e-01 1.132701523365526874e+00 0.000000000000000000e+00
-1.473516542046660494e+00 3.045973572349623855e-03 0.000000000000000000e+00 -3.027888642917878070e-01 6.648067211033268364e-01 0.000000000000000000e+00
-1.489862552094257886e+00 -3.379178612955717476e-03 0.000000000000000000e+00 3.016130345346750841e-01 6.900916763411198973e-01 0.000000000000000000e+00
-1.808314159164794876e+00 1.068819518757618825e-05 0.000000000000000000e+00 2.480090716500469861e-01 1.148723941704949958e+00 0.000000000000000000e+00
-2.020337930358417466e+00 1.227413114552627915e-03 0.000000000000000000e+00 1.810636391495707986e-01 1.429679556510672800e+00 0.000000000000000000e+00
-2.158844102956727795e+00 -9.317547364107309216e-04 0.000000000000000000e+00 1.117928193925419311e-01 1.606112998594809715e+00 0.000000000000000000e+00
-2.222789009395089721e+00 2.837477991295120350e-03 0.000000000000000000e+00 5.110554757177392105e-02 1.686126665469067643e+00 0.000000000000000000e+00
-2.135758152567074131e+00 7.331325325379046270e-03 0.000000000000000000e+00 2.482390000939716651e-02 1.581896965720199777e+00 0.000000000000000000e+00
-2.010596791550833373e+00 3.312241154548187239e-03 0.000000000000000000e+00 5.790782486958674646e-02 1.427919877324422160e+00 0.000000000000000000e+00
-1.916927519671310920e+00 4.294154695594631921e-03 0.000000000000000000e+00 1.325330006789235404e-01 1.305936452012247839e+00 0.000000000000000000e+00
-1.749047480399711585e+00 -2.984094096049438871e-03 0.000000000000000000e+00 2.036686782275937413e-01 1.079930642266700769e+00 0.000000000000000000e+00
-1.466038528855608369e+00 -6.865643946774024897e-04 0.000000000000000000e+00 2.709753391498461728e-01 6.672030532555124349e-01 0.000000000000000000e+00
-1.431096571223618774e+00 2.822916179839068951e-03 0.000000000000000000e+00 -2.733460701569350171e-01 6.131526009378093223e-01 0.000000000000000000e+00
-1.728325194703651757e+00 3.584366195016133738e-04 0.000000000000000000e+00 -2.123357436214721727e-01 1.050851922759029833e+00 0.000000000000000000e+00
-1.904683979364744761e+00 -6.114944422094571730e-03 0.000000000000000000e+00 -1.408866702986126263e-01 1.289619960344685845e+00 0.000000000000000000e+00
-2.004609052839767536e+00 1.640038756206455006e-03 0.000000000000000000e+00 -6.056434460478868353e-02 1.420409585928113394e+00 0.000000000000000000e+00
-2.100336487446003098e+00 -4.750540392752806984e-03 0.000000000000000000e+00 -1.732224254300562122e-02 1.538970770464183957e+00 0.000000000000000000e+00
1.030132895451438824e+00 -4.528854509095054650e-04 0.000000000000000000e+00 3.932042864845280636e-03 1.438324381849009626e-01 0.000000000000000000e+00
-2.130228910069718928e+00 8.460538492117766762e-04 0.000000000000000000e+00 4.631791879451813143e-03 1.575369643075080095e+00 0.000000000000000000e+00
-1.604188568403206894e+00 -2.446763587433571641e-03 0.000000000000000000e+00 1.587355065856979053e-01 8.944567191682950558e-01 0.000000000000000000e+00
-1.714494086439708243e+00 3.177970399861122092e-03 0.000000000000000000e+00 -8.844765827509779021e-02 1.050372235344326555e+00 0.000000000000000000e+00
-1.408276656917005543e+00 -1.603223821478847594e-03 0.000000000000000000e+00 2.146147365383517525e-01 6.020531116714320508e-01 0.000000000000000000e+00
-1.741442713823458277e+00 -5.172019501967183019e-03 0.000000000000000000e+00 2.561007546779334176e-04 1.089127356926923529e+00 0.000000000000000000e+00
-1.433584261411064986e+00 -1.144080036149623669e-03 0.000000000000000000e+00 -2.104781424614016183e-01 6.411492745974997076e-01 0.000000000000000000e+00
-1.715613962321467012e+00 2.937668652894197957e-03 0.000000000000000000e+00 9.679544735423345481e-02 1.051101492235607227e+00 0.000000000000000000e+00
-1.599803339444032080e+00 -1.845004001569899507e-03 0.000000000000000000e+00 -1.660460956129343746e-01 8.871552457092823918e-01 0.000000000000000000e+00
-1.910894635737497849e+00 -2.304423678063347546e-03 0.000000000000000000e+00 5.594104536089671009e-02 1.303878074453251656e+00 0.000000000000000000e+00
-1.653221663319026868e+00 -1.440281422440788800e-03 0.000000000000000000e+00 2.052511943661245730e-01 9.517662568579432492e-01 0.000000000000000000e+00
-1.486675071164263340e+00 1.216087212703581555e-04 0.000000000000000000e+00 -2.482607618428092078e-01 7.063645495745138891e-01 0.000000000000000000e+00
-1.862638549573102154e+00 3.781537829838782505e-03 0.000000000000000000e+00 -1.012196984952710710e-01 1.240165549076055029e+00 0.000000000000000000e+00
-1.990153784169367501e+00 3.796228864325554286e-03 0.000000000000000000e+00 2.348089142055390099e-02 1.403635835287445399e+00 0.000000000000000000e+00
-1.881250861798078988e+00 4.868915838212327374e-03 0.000000000000000000e+00 1.283290791266264996e-01 1.261290737460612155e+00 0.000000000000000000e+00
-1.614330729142035015e+00 -4.098723331232813176e-03 0.000000000000000000e+00 2.307378088971978602e-01 8.926517761110698279e-01 0.000000000000000000e+00
-1.399276303096483431e+00 2.009535662010938917e-03 0.000000000000000000e+00 -2.678522058136768580e-01 5.662600791679521794e-01 0.000000000000000000e+00
-1.785833901043662131e+00 -1.134424333548128550e-03 0.000000000000000000e+00 -1.751243972031734097e-01 1.132933713620786875e+00 0.000000000000000000e+00
-1.955238808216553714e+00 -2.862945635380254039e-03 0.000000000000000000e+00 -6.773968722722872871e-02 1.358802500679767267e+00 0.000000000000000000e+00
-2.195443802612287332e+00 -5.671957572596253438e-03 0.000000000000000000e+00 -3.416627491168153230e-02 1.653748037744833699e+00 0.000000000000000000e+00
-2.184727488821517571e+00 5.552128949535661828e-03 0.000000000000000000e+00 -7.070494971792577743e-02 1.639688585264886811e+00 0.000000000000000000e+00
-2.111390656887467188e+00 -2.185065479192567495e-03 0.000000000000000000e+00 -1.307326683528894640e-01 1.546996184160972287e+00 0.000000000000000000e+00
-1.989281021414655903e+00 -6.245856725303339241e-04 0.000000000000000000e+00 -1.851441605932382939e-01 1.390475290794696672e+00 0.000000000000000000e+00
-1.820010037724535845e+00 1.236669089210884476e-03 0.000000000000000000e+00 -2.387183220341283496e-01 1.165942962055429355e+00 0.000000000000000000e+00
-1.589146040630740053e+00 -3.700944641282446698e-03 0.000000000000000000e+00 -2.907000529717366222e-01 8.393540527355507486e-01 0.000000000000000000e+00
-1.172318583477548470e+00 -4.998789623045819808e-04 0.000000000000000000e+00 2.467186315917561656e-01 1.569583082003491725e-01 0.000000000000000000e+00
-1.206668501571282359e+00 2.482168285484133603e-04 0.000000000000000000e+00 -2.649081124852079583e-01 2.201673089070903255e-01 0.000000000000000000e+00
-1.579168929967631696e+00 -2.112770404294481933e-03 0.000000000000000000e+00 2.890790483922978105e-01 8.257057110780633424e-01 0.000000000000000000e+00
-1.811454558960494232e+00 -1.398298956264712456e-03 0.000000000000000000e+00 2.409457707704916185e-01 1.154329668923784968e+00 0.000000000000000000e+00
-1.982427761601541327e+00 3.886367702190349216e-03 0.000000000000000000e+00 1.900204203435521266e-01 1.381253951499636923e+00 0.000000000000000000e+00
-2.107850501054330916e+00 -7.591730205410679444e-03 0.000000000000000000e+00 1.255286126425747828e-01 1.543124551613980433e+00 0.000000000000000000e+00
-2.182315304814460788e+00 2.257921964971712318e-03 0.000000000000000000e+00 7.918388033223819344e-02 1.636387412969452892e+00 0.000000000000000000e+00
-2.196899690773835623e+00 1.794454893745980884e-03 0.000000000000000000e+00 3.260677543156131897e-02 1.655522063236682495e+00 0.000000000000000000e+00
-1.984094171269274565e+00 -6.195726433933027022e-03 0.000000000000000000e+00 5.312173044678341477e-02 1.395325518937293729e+00 0.000000000000000000e+00
-1.857170331023249465e+00 4.593690629289784444e-03 0.000000000000000000e+00 1.532447050736069905e-01 1.227844064067638019e+00 0.000000000000000000e+00
-1.601081722970413512e+00 2.382079750390980744e-03 0.000000000000000000e+00 2.432537308039505741e-01 8.709423496895307704e-01 0.000000000000000000e+00
-1.336427544602725392e+00 -5.828296144467434714e-04 0.000000000000000000e+00 -2.727114457798276437e-01 4.618599046576639666e-01 0.000000000000000000e+00
-1.725979967677821136e+00 -4.259054958561235560e-03 0.000000000000000000e+00 -2.080814710515830612e-01 1.048603395472053057e+00 0.000000000000000000e+00
-1.922532256006235007e+00 2.044165696629501178e-03 0.000000000000000000e+00 -1.098921443283758237e-01 1.315077715378227152e+00 0.000000000000000000e+00
-2.012448437067904106e+00 5.711555399634929420e-03 0.000000000000000000e+00 -1.947997311784813168e-02 1.431253882919784726e+00 0.000000000000000000e+00
-1.801146221321646035e+00 2.903487801737950069e-03 0.000000000000000000e+00 1.157122218494635313e-01 1.160272021750811788e+00 0.000000000000000000e+00
-1.232689120943114336e+00 2.054206933770649605e-04 0.000000000000000000e+00 -2.435591464276354867e-01 2.963311389109309357e-01 0.000000000000000000e+00
-1.820787781080889456e+00 -4.202178805468803624e-03 0.000000000000000000e+00 -1.017987421952578214e-01 1.186771599863134963e+00 0.000000000000000000e+00
1.023747219102453698e+00 1.570195341164825915e-05 0.000000000000000000e+00 8.063673562246718302e-03 1.526895928398350755e-01 0.000000000000000000e+00
-1.920132074008696232e+00 -2.742172500839823793e-03 0.000000000000000000e+00 6.693910587799362100e-02 1.314954749124949807e+00 0.000000000000000000e+00
-1.680549884407701811e+00 3.915231023705780314e-03 0.000000000000000000e+00 2.054568840922642581e-01 9.885449240806960525e-01 0.000000000000000000e+00
-1.388306829618246141e+00 2.511640875496479880e-03 0.000000000000000000e+00 -2.625869823823636651e-01 5.515116766003973492e-01 0.000000000000000000e+00
-1.817564822364905464e+00 8.156111588570880144e-04 0.000000000000000000e+00 -1.435573396284241243e-01 1.178298960576662946e+00 0.000000000000000000e+00
-1.957773468285955332e+00 6.407766695474248139e-03 0.000000000000000000e+00 -9.455889257208784093e-03 1.363623682204732734e+00 0.000000000000000000e+00
-1.837925389589697867e+00 -2.050315109466273322e-03 0.000000000000000000e+00 1.208560552872917915e-01 1.206909924806234935e+00 0.000000000000000000e+00
-1.409834048169136267e+00 -1.111003275984514052e-03 0.000000000000000000e+00 2.584093424764880575e-01 5.870053381894104749e-01 0.000000000000000000e+00
-1.696722832945143811e+00 1.057196926206011023e-03 0.000000000000000000e+00 -1.905644430249214538e-01 1.013106212277433915e+00 0.000000000000000000e+00
-1.922048578350997072e+00 -1.804511617089318842e-03 0.000000000000000000e+00 -4.577464574274692916e-02 1.318261645847755847e+00 0.000000000000000000e+00
-1.757961295265658475e+00 -2.313091238208386802e-03 0.000000000000000000e+00 1.297074394490409233e-01 1.102893708317980392e+00 0.000000000000000000e+00
-1.429725742570989055e+00 1.479207597686348075e-03 0.000000000000000000e+00 -2.419250774511403357e-01 6.241541797417381465e-01 0.000000000000000000e+00
-1.852203712480977371e+00 -4.930697307870268720e-03 0.000000000000000000e+00 -5.020811423476431029e-02 1.230054792442838885e+00 0.000000000000000000e+00
-1.663872791679549490e+00 3.843301433799711786e-03 0.000000000000000000e+00 1.704537217930366111e-01 9.729000430228808005e-01 0.000000000000000000e+00
-1.622051072723120324e+00 -3.112299502233920045e-03 0.000000000000000000e+00 -1.872568928175264436e-01 9.132858910302337208e-01 0.000000000000000000e+00
-1.848976360131624697e+00 -1.723208775103957091e-03 0.000000000000000000e+00 3.197173182688058113e-02 1.226562545301204565e+00 0.000000000000000000e+00
-1.437099237401842977e+00 -2.875052034658535927e-03 0.000000000000000000e+00 2.377199263279508867e-01 6.368283053489320888e-01 0.000000000000000000e+00
-1.760981837238215553e+00 -3.408432855206727785e-03 0.000000000000000000e+00 -1.248170193562969099e-01 1.107385521843979426e+00 0.000000000000000000e+00
-2.041028054092395294e+00 -5.684135918976639459e-03 0.000000000000000000e+00 1.386657243911575306e-02 1.466494857239116545e+00 0.000000000000000000e+00
-1.966764988624733146e+00 6.580155035409866737e-03 0.000000000000000000e+00 9.461984526842798227e-02 1.371577956459575809e+00 0.000000000000000000e+00
-1.829203827453240727e+00 3.436347577986519075e-03 0.000000000000000000e+00 1.734184182026873300e-01 1.189275629086464114e+00 0.000000000000000000e+00
-1.587592290228843517e+00 -3.789368195937234743e-03 0.000000000000000000e+00 2.472275415089857376e-01 8.510007174977103350e-01 0.000000000000000000e+00
-1.287082742316776329e+00 -1.275355843112813657e-03 0.000000000000000000e+00 -2.706102431044208334e-01 3.773415635204188101e-01 0.000000000000000000e+00
-1.673286959459278300e+00 3.054020052459943679e-03 0.000000000000000000e+00 -2.256187069596151396e-01 9.743377675440345609e-01 0.000000000000000000e+00
-1.879402645513567949e+00 -1.844006570343906248e-03 0.000000000000000000e+00 -1.480921751384390583e-01 1.256771620859001626e+00 0.000000000000000000e+00
-1.992355275200286435e+00 -4.546546621382652198e-03 0.000000000000000000e+00 -6.996884248232244918e-02 1.404819492119166124e+00 0.000000000000000000e+00
-2.086104390599772263e+00 -7.310410109585628591e-03 0.000000000000000000e+00 -1.623458004188246470e-02 1.521649600406600689e+00 0.000000000000000000e+00
-1.409444866484733438e+00 -2.054986104470874625e-03 0.000000000000000000e+00 1.977357140949420611e-01 6.095500353329765808e-01 0.000000000000000000e+00
-1.662763097339677643e+00 -9.001890012466026714e-04 0.000000000000000000e+00 6.684643129082219748e-02 9.839833026359796619e-01 0.000000000000000000e+00
-1.654643469822489665e+00 -2.510539629772809422e-03 0.000000000000000000e+00 -7.825468142854136167e-02 9.723882561909131805e-01 0.000000000000000000e+00
-1.382214448736440504e+00 -2.748405332152550895e-05 0.000000000000000000e+00 -2.044175152815316254e-01 5.663941378298855689e-01 0.000000000000000000e+00
-1.831212037102399659e+00 -4.261728704847027316e-03 0.000000000000000000e+00 8.039563348884481986e-02 1.201726411930998939e+00 0.000000000000000000e+00
-1.285094732191103040e+00 -7.426050047873080512e-04 0.000000000000000000e+00 2.500627742931708086e-01 3.877846076831686917e-01 0.000000000000000000e+00
-1.794445065023335228e+00 -2.642324206062730829e-03 0.000000000000000000e+00 -1.149161628632901222e-01 1.151724603672529490e+00 0.000000000000000000e+00
-2.066219261272935093e+00 7.376377645436804631e-03 0.000000000000000000e+00 1.613979429332997734e-02 1.497357536901030350e+00 0.000000000000000000e+00
-1.985040579508323910e+00 2.952399767975066869e-03 0.000000000000000000e+00 7.560562342734930552e-02 1.395454602481863482e+00 0.000000000000000000e+00
-1.864113770860376107e+00 4.113557334115308661e-03 0.000000000000000000e+00 1.572667035272718727e-01 1.236195904423306846e+00 0.000000000000000000e+00
-1.645397628195112372e+00 2.336946949845063182e-03 0.000000000000000000e+00 2.363709436639096495e-01 9.338469974855218014e-01 0.000000000000000000e+00
-1.218160599756467732e+00 -1.890931783054602272e-04 0.000000000000000000e+00 2.543322797310842986e-01 2.572912410532588456e-01 0.000000000000000000e+00
-1.097852232269590278e+00 3.315541888595960026e-05 0.000000000000000000e+00 -1.766392865322444772e-01 3.163740911090254238e-02 0.000000000000000000e+00
-1.618018499959414713e+00 -3.942219392750120899e-04 0.000000000000000000e+00 -2.422812216882500869e-01 8.946830537271439621e-01 0.000000000000000000e+00
-1.848784899077222876e+00 2.172060826360764502e-03 0.000000000000000000e+00 -1.605905768772376563e-01 1.216180718881242573e+00 0.000000000000000000e+00
-1.976757584590316696e+00 -4.858380207810521212e-03 0.000000000000000000e+00 -8.455873037122335623e-02 1.384658657695191586e+00 0.000000000000000000e+00
-2.052095131255116556e+00 -3.279073575007923624e-03 0.000000000000000000e+00 -1.558161579034260044e-02 1.480052164151384186e+00 0.000000000000000000e+00
-1.822114898468939703e+00 3.626227683532184942e-03 0.000000000000000000e+00 1.090745637352213693e-01 1.187824861774384955e+00 0.000000000000000000e+00
-1.265010821804596119e+00 -1.388335638944261305e-03 0.000000000000000000e+00 2.504018346704759423e-01 3.517184099997514024e-01 0.000000000000000000e+00
-1.789135944332925998e+00 2.023312155033514005e-03 0.000000000000000000e+00 -1.277291732587828577e-01 1.143521446734979241e+00 0.000000000000000000e+00
-1.927051092732892101e+00 2.451046314149524230e-03 0.000000000000000000e+00 3.569707225335379958e-02 1.324837745915646181e+00 0.000000000000000000e+00
-1.719946147737145381e+00 2.053227727550545334e-03 0.000000000000000000e+00 1.827311442614765469e-01 1.045344230029180643e+00 0.000000000000000000e+00
-1.362778207156879029e+00 -1.363719037951443853e-03 0.000000000000000000e+00 -2.618615369738928056e-01 5.111815549210503296e-01 0.000000000000000000e+00
-1.825406920771420083e+00 3.375368780534855617e-03 0.000000000000000000e+00 -1.269752606187027344e-01 1.190264439726216317e+00 0.000000000000000000e+00
-1.951225490329394852e+00 -1.054126957394027619e-04 0.000000000000000000e+00 1.054742829112833777e-02 1.355451725321523693e+00 0.000000000000000000e+00
-1.806575723322813687e+00 -2.827809368711263482e-03 0.000000000000000000e+00 1.442606394911644108e-01 1.164072595484626937e+00 0.000000000000000000e+00
-1.331503944690028085e+00 -1.835887683578295120e-03 0.000000000000000000e+00 2.625341197066036192e-01 4.595313531983360456e-01 0.000000000000000000e+00
-1.718711434533349625e+00 -1.182091721247693211e-03 0.000000000000000000e+00 -1.870485648769231180e-01 1.042945834714727793e+00 0.000000000000000000e+00
-1.930132690251571415e+00 -9.669355665847118031e-04 0.000000000000000000e+00 -4.778658611575646586e-02 1.328311486362619309e+00 0.000000000000000000e+00
-1.725084584191305836e+00 3.331813390687092362e-03 0.000000000000000000e+00 1.385758709077342110e-01 1.058856561852360656e+00 0.000000000000000000e+00
-1.536014526212862386e+00 2.293372354866728136e-03 0.000000000000000000e+00 -2.123269652882316394e-01 7.883122071511099449e-01 0.000000000000000000e+00
-1.846139936932324810e+00 -2.169300443580601812e-03 0.000000000000000000e+00 6.181722924340209147e-03 1.223367019065526584e+00 0.000000000000000000e+00
-1.489189339882610597e+00 -3.318871019345298948e-03 0.000000000000000000e+00 2.244517314287856613e-01 7.179376923087033013e-01 0.000000000000000000e+00
-1.746745902188886035e+00 -5.454189400997330739e-04 0.000000000000000000e+00 -1.250426093134035521e-01 1.088835496164677119e+00 0.000000000000000000e+00
-2.101812558586677149e+00 6.534921777525459774e-03 0.000000000000000000e+00 6.997314909426788354e-03 1.540858639052101076e+00 0.000000000000000000e+00
-1.873482596044131920e+00 1.929161709396866320e-03 0.000000000000000000e+00 9.257380422478969639e-02 1.254586333598843861e+00 0.000000000000000000e+00
-1.520257706574835943e+00 -3.239645040805476384e-03 0.000000000000000000e+00 2.391586368617191483e-01 7.580669606413246164e-01 0.000000000000000000e+00
-1.637440186917771268e+00 1.151380017161335312e-03 0.000000000000000000e+00 -2.090699086944762808e-01 9.295245867386718874e-01 0.000000000000000000e+00
-1.905864331092888664e+00 -6.207118803301742149e-03 0.000000000000000000e+00 -6.222151780612482364e-02 1.297288869640313536e+00 0.000000000000000000e+00
-1.635200321541326884e+00 3.524080530618076135e-03 0.000000000000000000e+00 1.595276426210575083e-01 9.362851129098799241e-01 0.000000000000000000e+00
-1.688993725053911099e+00 4.722589281453970500e-03 0.000000000000000000e+00 -1.252912257399260709e-01 1.013040538750392905e+00 0.000000000000000000e+00
-1.393939201087467161e+00 -6.858103239339996549e-04 0.000000000000000000e+00 3.759396029006165096e-02 6.177046385606553836e-01 0.000000000000000000e+00
-1.215545291131356231e+00 -7.415233175930603660e-04 0.000000000000000000e+00 1.349706836509317609e-01 3.314218845571434979e-01 0.000000000000000000e+00
-1.356561166287446607e+00 2.210629250270615409e-03 0.000000000000000000e+00 -5.077933870250008613e-02 5.631402360521233774e-01 0.000000000000000000e+00
9.576957133743690953e-01 -3.475223302261375158e-04 0.000000000000000000e+00 2.448001353304822547e-02 1.379003144708773332e-01 0.000000000000000000e+00
9.271119914201054746e-01 -3.007595260718929145e-04 0.000000000000000000e+00 2.844643428927088810e-02 1.606624359730324525e-01 0.000000000000000000e+00
9.349776124607326322e-01 3.511036524352991080e-04 0.000000000000000000e+00 -3.200301292854015878e-02 1.510265510062344385e-01 0.000000000000000000e+00
9.444609469080815778e-01 -3.182059154372607248e-04 0.000000000000000000e+00 9.355563376411200720e-04 1.459491162277178344e-01 0.000000000000000000e+00
9.337693501926562778e-01 4.906100117039627166e-04 0.000000000000000000e+00 2.932615877307922364e-02 1.528484032768274159e-01 0.000000000000000000e+00
9.286974638396181536e-01 3.508958191977447350e-04 0.000000000000000000e+00 -2.598968279561747474e-02 1.591757178324542110e-01 0.000000000000000000e+00
9.514662245603153767e-01 4.071717439163767506e-04 0.000000000000000000e+00 -1.616027610348178684e-02 1.408570888980667513e-01 0.000000000000000000e+00
9.698702920493972313e-01 1.466118378205504545e-04 0.000000000000000000e+00 1.130742770443356610e-01 9.033894084993701612e-02 0.000000000000000000e+00
8.905217461656831368e-01 -6.710761977268241141e-04 0.000000000000000000e+00 -1.369133234757922701e-01 1.673640822486329449e-01 0.000000000000000000e+00
