-1.037712219078992693e+00 3.483518560189891988e-04 0.000000000000000000e+00 -2.605890094867935325e-02 9.315011353786517567e-02 0.000000000000000000e+00
-1.163659743068508057e+00 4.362668848393973231e-04 0.000000000000000000e+00 1.729460136994940070e-04 2.792291928016822355e-01 0.000000000000000000e+00
-1.033609829054845886e+00 -2.309287207616327053e-04 0.000000000000000000e+00 3.494837033791335645e-02 8.537240356064290658e-02 0.000000000000000000e+00
-1.187584591418267221e+00 -1.436373825061107229e-03 0.000000000000000000e+00 2.355184929997466980e-02 3.147011515383649760e-01 0.000000000000000000e+00
-1.178372161400671025e+00 6.150121954057900320e-04 0.000000000000000000e+00 -5.192321638852532423e-02 2.970977339799041328e-01 0.000000000000000000e+00
-1.101652553644131505e+00 2.560840692521909601e-04 0.000000000000000000e+00 1.612981597925692845e-01 9.079182411700870148e-02 0.000000000000000000e+00
-1.152613607897132297e+00 8.677558225632837647e-04 0.000000000000000000e+00 -1.844631310509218247e-01 1.866276026902781160e-01 0.000000000000000000e+00
-1.277902637937011976e+00 7.835917635659521516e-04 0.000000000000000000e+00 1.099504995655227191e-01 4.371876098925709386e-01 0.000000000000000000e+00
-1.339288122950862192e+00 9.546990907456577753e-04 0.000000000000000000e+00 -6.440212899933933643e-02 5.366448944898829509e-01 0.000000000000000000e+00
8.275807719752996672e-01 -3.768854109024184079e-04 0.000000000000000000e+00 -2.382624576967713459e-01 2.260691610527553186e-01 0.000000000000000000e+00
6.237268429961801974e-01 2.281965938655462767e-03 0.000000000000000000e+00 1.895053988520575480e-02 7.742442351988939597e-01 0.000000000000000000e+00
8.627748375438585304e-01 -5.927100847068943667e-04 0.000000000000000000e+00 -8.099586229880753607e-02 2.508481133428119847e-01 0.000000000000000000e+00
8.952997750371366470e-01 -3.087880712492547045e-04 0.000000000000000000e+00 3.609043932119537779e-02 2.053412916374567077e-01 0.000000000000000000e+00
9.972053665471367623e-01 7.499414031551875732e-04 0.000000000000000000e+00 -1.714063739230379801e-01 3.297607392277832616e-01 0.000000000000000000e+00
-1.366514743958843425e+00 -1.814412748997618757e-04 0.000000000000000000e+00 5.273931470264553445e-02 5.772918265838620222e-01 0.000000000000000000e+00
-1.103117043881486126e+00 -2.381370704468972039e-04 0.000000000000000000e+00 1.370671987463998598e-01 1.276390875146679593e-01 0.000000000000000000e+00
-1.107209642622954071e+00 -3.487000146854529053e-04 0.000000000000000000e+00 -1.382949844064249034e-01 1.352651976756833463e-01 0.000000000000000000e+00
-1.367144255393943020e+00 1.609642152296245163e-03 0.000000000000000000e+00 -5.152444052219842807e-02 5.783087507578574815e-01 0.000000000000000000e+00
9.968877956684558672e-01 -1.533968875537327454e-03 0.000000000000000000e+00 1.140179525080826095e-01 3.359764795724926589e-01 0.000000000000000000e+00
8.956642872667139876e-01 -3.687845911541404349e-05 0.000000000000000000e+00 -3.493551673852907102e-02 2.049526963899334087e-01 0.000000000000000000e+00
8.444312584221032036e-01 2.669332115322635077e-05 0.000000000000000000e+00 3.023293449484776990e-02 2.953165207533264836e-01 0.000000000000000000e+00
8.842290034789570541e-01 -3.688682259928846227e-04 0.000000000000000000e+00 1.282159672020459773e-01 1.867937586933176575e-01 0.000000000000000000e+00
9.828611808707211628e-01 -5.498166299812229591e-04 0.000000000000000000e+00 -1.327451509093030280e-01 1.103995225388499507e-01 0.000000000000000000e+00
-1.135859499510801340e+00 -1.704153185301503226e-04 0.000000000000000000e+00 4.156575623337432218e-02 2.332122496059733097e-01 0.000000000000000000e+00
8.944101600811851238e-01 2.470118639079320593e-04 0.000000000000000000e+00 -1.935103504577014299e-01 8.133684007392627535e-02 0.000000000000000000e+00
6.241751279558495069e-01 -1.091930566554347344e-03 0.000000000000000000e+00 1.226411843800435508e-03 7.733592611928450378e-01 0.000000000000000000e+00
9.019491517193997110e-01 2.171183953033181593e-04 0.000000000000000000e+00 1.868216436324574015e-01 6.581743434337235243e-02 0.000000000000000000e+00
-1.105699671556862551e+00 -3.741881375052156719e-04 0.000000000000000000e+00 5.027012499994283623e-02 1.844493854154075074e-01 0.000000000000000000e+00
-1.056826505644840264e+00 2.821070494521157705e-04 0.000000000000000000e+00 -7.673299219993562348e-02 9.293928564883993659e-02 0.000000000000000000e+00
9.996574690638437843e-01 6.458249175535662502e-04 0.000000000000000000e+00 -1.062755790393844768e-01 3.080235480250531621e-01 0.000000000000000000e+00
-1.075880406040568893e+00 -4.108452929708949000e-04 0.000000000000000000e+00 1.197650028340577766e-01 8.541190015517544087e-02 0.000000000000000000e+00
-1.117933887695178763e+00 -4.915627072473180773e-04 0.000000000000000000e+00 -1.298086094640243382e-01 1.646310984543959965e-01 0.000000000000000000e+00
7.124020111765401175e-01 3.378178846193992391e-05 0.000000000000000000e+00 -9.373658764365619400e-02 5.577952300380411010e-01 0.000000000000000000e+00
7.402313778266333966e-01 -7.125057871569875911e-04 0.000000000000000000e+00 1.513442038651257038e-01 4.818163289970718854e-01 0.000000000000000000e+00
9.078809238817883154e-01 -1.537846629946814161e-05 0.000000000000000000e+00 1.699855855623466361e-01 8.291137596375260099e-02 0.000000000000000000e+00
1.008887574996082614e+00 4.522333358486927877e-04 0.000000000000000000e+00 1.584221023918888638e-01 1.596326842864892459e-01 0.000000000000000000e+00
-1.409580185252758966e+00 -7.270769637922336326e-05 0.000000000000000000e+00 1.947184205376458199e-01 6.107070121903049875e-01 0.000000000000000000e+00
-1.639768417265976552e+00 9.798491667502573499e-04 0.000000000000000000e+00 8.182954735669198398e-02 9.523175453173725602e-01 0.000000000000000000e+00
-1.666279599125200850e+00 -5.126212930474556562e-04 0.000000000000000000e+00 -4.696728992764195865e-02 9.897668626682800674e-01 0.000000000000000000e+00
-1.493499576388923611e+00 -7.653596327877910943e-04 0.000000000000000000e+00 -1.690846005000707919e-01 7.390392677732311455e-01 0.000000000000000000e+00
-1.342720157577060647e+00 1.790409207796961680e-03 0.000000000000000000e+00 -1.824794892164512683e-01 5.140275639259505036e-01 0.000000000000000000e+00
-1.459601478505412553e+00 -2.760289053652885058e-03 0.000000000000000000e+00 -1.265156561090562959e-01 6.998338871291067687e-01 0.000000000000000000e+00
-1.542566789029767182e+00 7.456321016182515526e-04 0.000000000000000000e+00 -3.563486072078492911e-02 8.245425793219784971e-01 0.000000000000000000e+00
-1.531589673356736014e+00 -4.529141937968019643e-04 0.000000000000000000e+00 5.712920300172887045e-02 8.083466990105581118e-01 0.000000000000000000e+00
-1.429826052996824970e+00 1.621213123512120491e-03 0.000000000000000000e+00 1.435401726205906003e-01 6.539652605954691111e-01 0.000000000000000000e+00
-1.349915101334340672e+00 2.374918965394948178e-03 0.000000000000000000e+00 1.882936207134178197e-01 5.229756264166507407e-01 0.000000000000000000e+00
-1.463892644738181925e+00 1.157534854729851126e-03 0.000000000000000000e+00 1.683689212318534856e-01 6.971005339100591058e-01 0.000000000000000000e+00
-1.603213201386357145e+00 -1.884779349374749238e-03 0.000000000000000000e+00 9.069093423510092566e-02 9.025782153389545481e-01 0.000000000000000000e+00
-1.654315628212736700e+00 -3.999419881539012511e-03 0.000000000000000000e+00 1.491020407293843636e-03 9.750942286279982163e-01 0.000000000000000000e+00
-1.611960117587652785e+00 1.349033382424952299e-03 0.000000000000000000e+00 -8.297945814137389076e-02 9.150620485261566905e-01 0.000000000000000000e+00
-1.480566691324828987e+00 1.779995115137402578e-03 0.000000000000000000e+00 -1.607688928976627185e-01 7.226065106558603457e-01 0.000000000000000000e+00
-1.346321578982005551e+00 -2.130018495639714182e-03 0.000000000000000000e+00 -1.916900816884878900e-01 5.162157331083520040e-01 0.000000000000000000e+00
-1.424487136841567914e+00 -7.174350633322810339e-04 0.000000000000000000e+00 -1.407737869126118868e-01 6.468852241790972180e-01 0.000000000000000000e+00
-1.533559464149633955e+00 -3.872691741670541976e-03 0.000000000000000000e+00 -4.079875131678044331e-02 8.120315354874247937e-01 0.000000000000000000e+00
-1.514914729603725085e+00 -3.041740783329194286e-03 0.000000000000000000e+00 6.801369108203314529e-02 7.846299387362339894e-01 0.000000000000000000e+00
-1.372528767099959968e+00 1.106082915541773889e-04 0.000000000000000000e+00 1.644640430836436795e-01 5.648520780558805576e-01 0.000000000000000000e+00
-1.639916330795830657e+00 2.305546262696229684e-03 0.000000000000000000e+00 1.396837626936583421e-01 9.457654256292875594e-01 0.000000000000000000e+00
-1.692369355600040093e+00 2.656803373291695414e-03 0.000000000000000000e+00 -1.019537819906666531e-01 1.020086789277062866e+00 0.000000000000000000e+00
-1.396293585192890152e+00 -2.725465635584824187e-03 0.000000000000000000e+00 2.122694222866305103e-01 5.848490195423161619e-01 0.000000000000000000e+00
-1.723761122234205079e+00 -4.184890410581001627e-03 0.000000000000000000e+00 2.156365865649246399e-02 1.065941303015058628e+00 0.000000000000000000e+00
-1.534793025490706952e+00 3.312664129014597503e-04 0.000000000000000000e+00 -1.735369404465157972e-01 7.960337710399363331e-01 0.000000000000000000e+00
1.017033278961656961e+00 -6.234359603346316782e-04 0.000000000000000000e+00 -6.296780139243274114e-03 1.711675699792933880e-01 0.000000000000000000e+00
-1.315041846434072070e+00 -2.307408423842138845e-03 0.000000000000000000e+00 2.055840606652498126e-01 4.615768381379362073e-01 0.000000000000000000e+00
-1.565198583898735230e+00 -2.185009184669094162e-03 0.000000000000000000e+00 1.294251270041233415e-01 8.461550360431753237e-01 0.000000000000000000e+00
-1.669012597688404487e+00 -2.768693425416527548e-03 0.000000000000000000e+00 1.617483089496686913e-02 9.943540620100190797e-01 0.000000000000000000e+00
-1.615290146930350446e+00 4.044012712090771372e-03 0.000000000000000000e+00 -9.374753528605184183e-02 9.184967631665998944e-01 0.000000000000000000e+00
-1.401144810446528943e+00 2.850509299520666284e-03 0.000000000000000000e+00 -1.922750913122607264e-01 5.989569001991223995e-01 0.000000000000000000e+00
-1.120060828121594687e+00 -7.784875688224406629e-04 0.000000000000000000e+00 7.741582428030147067e-02 1.983056647509386095e-01 0.000000000000000000e+00
-1.210912961889522244e+00 7.939664923153760823e-04 0.000000000000000000e+00 1.221895324271195793e-01 3.288851491898068247e-01 0.000000000000000000e+00
-1.383929809884176354e+00 8.088259398663678879e-04 0.000000000000000000e+00 2.148202754594529321e-03 6.045862633409526676e-01 0.000000000000000000e+00
-1.188597434531997177e+00 -1.254642245348417187e-03 0.000000000000000000e+00 -1.306724644382535883e-01 2.889448972034054930e-01 0.000000000000000000e+00
9.985923420860627342e-01 -3.177586215309370849e-04 0.000000000000000000e+00 3.778952008269592655e-01 6.139816371413550633e-02 0.000000000000000000e+00
8.698618369405394235e-01 7.127513278526453888e-06 0.000000000000000000e+00 -1.439590334218578127e-01 2.057607895811135179e-01 0.000000000000000000e+00
8.349211788031636328e-01 1.679509362156952901e-04 0.000000000000000000e+00 -6.170545470335717791e-02 3.084658099674026377e-01 0.000000000000000000e+00
8.410907279181474294e-01 -3.799301265320392980e-04 0.000000000000000000e+00 -4.938696965985046525e-03 3.030109575322597060e-01 0.000000000000000000e+00
8.696685144146596436e-01 8.791424339280222780e-04 0.000000000000000000e+00 1.037293379204655697e-01 2.290650942492483133e-01 0.000000000000000000e+00
-1.154975392908717646e+00 -1.084529899689698484e-03 0.000000000000000000e+00 -4.081235632087106685e-02 2.628605403591722789e-01 0.000000000000000000e+00
1.002325017914356575e+00 4.312222628905595673e-04 0.000000000000000000e+00 -4.768576557779879294e-02 3.494932242661393795e-01 0.000000000000000000e+00
9.785264495043719535e-01 1.697097126742513028e-04 0.000000000000000000e+00 1.304263591441495174e-01 9.093444825624347194e-02 0.000000000000000000e+00
8.840813408218658465e-01 6.428376802553648940e-04 0.000000000000000000e+00 -1.459195515184480707e-01 1.736446984926565684e-01 0.000000000000000000e+00
8.983674993610768489e-01 -3.978733275216191773e-04 0.000000000000000000e+00 2.405094781626079120e-02 2.022184667828531013e-01 0.000000000000000000e+00
9.972861410006501615e-01 3.933980945440716716e-04 0.000000000000000000e+00 -1.852358052805537225e-01 3.206849834254190679e-01 0.000000000000000000e+00
-1.360832370828661819e+00 5.713608478144661246e-04 0.000000000000000000e+00 5.734706350437129840e-02 5.686609791912886624e-01 0.000000000000000000e+00
-1.151645370938014779e+00 -8.453693118607554305e-04 0.000000000000000000e+00 -1.445776069710449363e-01 2.172206395347993646e-01 0.000000000000000000e+00
-1.373654285475679693e+00 2.851663953033186163e-03 0.000000000000000000e+00 -4.529368215285163590e-02 5.881823758772759536e-01 0.000000000000000000e+00
9.978657546674795098e-01 -9.293852354428852602e-05 0.000000000000000000e+00 2.167481970788207035e-01 3.086922892895118675e-01 0.000000000000000000e+00
9.006412270808278331e-01 9.334407021115214906e-04 0.000000000000000000e+00 -1.480722224180709527e-02 1.995498796489444948e-01 0.000000000000000000e+00
6.591511923344280932e-01 3.018748298399466512e-03 0.000000000000000000e+00 1.234937474239585775e-01 6.767376609924252717e-01 0.000000000000000000e+00
6.559270335600846380e-01 2.753761925256046229e-03 0.000000000000000000e+00 -1.194505349325017257e-01 6.852788896114614392e-01 0.000000000000000000e+00
8.649409748620514593e-01 8.126638946952050024e-04 0.000000000000000000e+00 -7.012605619033457360e-02 2.501199347201736312e-01 0.000000000000000000e+00
-1.007552430924878006e+00 1.861512400578744716e-04 0.000000000000000000e+00 -4.924012236403602083e-02 5.435072288251549533e-02 0.000000000000000000e+00
8.812874202993616901e-01 -7.312934985713903831e-04 0.000000000000000000e+00 9.276224229230711771e-02 2.121058054410902005e-01 0.000000000000000000e+00
9.977301191749941012e-01 1.730289204339095430e-03 0.000000000000000000e+00 -1.692918313105779837e-01 3.727111612289452092e-01 0.000000000000000000e+00
-1.401168363019515528e+00 2.799149133710710381e-03 0.000000000000000000e+00 2.275062719299213165e-02 6.286852940971547898e-01 0.000000000000000000e+00
-1.196964129296933077e+00 7.651157327606388642e-04 0.000000000000000000e+00 -1.254664082833952254e-01 3.049884304932574119e-01 0.000000000000000000e+00
7.936463438720375851e-01 1.292146087196651902e-03 0.000000000000000000e+00 1.069882698024050838e-01 3.798209225237579867e-01 0.000000000000000000e+00
8.336181721455013793e-01 -3.960177125134156997e-04 0.000000000000000000e+00 1.666371935818362626e-01 2.697014828551805854e-01 0.000000000000000000e+00
8.621720809657140716e-01 -2.576266164238899623e-04 0.000000000000000000e+00 -2.403689281035786829e-01 1.107984136526677099e-01 0.000000000000000000e+00
7.330152081046632517e-01 6.145455428120064761e-05 0.000000000000000000e+00 3.197752181802958060e-01 4.107368999847081925e-01 0.000000000000000000e+00
5.385850805163054922e-01 2.423203604841103927e-03 0.000000000000000000e+00 2.074336723902119595e-01 9.817859847930938688e-01 0.000000000000000000e+00
5.228035948611999828e-01 4.716034942287908316e-03 0.000000000000000000e+00 -1.387023027949513820e-01 1.040548197550954512e+00 0.000000000000000000e+00
6.553963678685490457e-01 -1.750491871244146992e-03 0.000000000000000000e+00 -3.492271637354098512e-01 6.030849604466357317e-01 0.000000000000000000e+00
6.657227553192064384e-01 9.344603325655382806e-05 0.000000000000000000e+00 3.527540658349715419e-01 5.723938052337564919e-01 0.000000000000000000e+00
5.210106050329373906e-01 -2.169942378363175651e-03 0.000000000000000000e+00 1.380740975661607084e-01 1.046083601401266439e+00 0.000000000000000000e+00
5.402810067049239606e-01 -4.501410749033676190e-03 0.000000000000000000e+00 -2.196730784126842972e-01 9.740609861119764457e-01 0.000000000000000000e+00
7.706065229611355205e-01 1.663189146009500527e-03 0.000000000000000000e+00 -2.861986667165123954e-01 3.359184002768156874e-01 0.000000000000000000e+00
6.464893358143135593e-01 1.263522150946490979e-03 0.000000000000000000e+00 -2.395451041514724266e-01 6.772434821348081169e-01 0.000000000000000000e+00
5.934749973659803057e-01 4.045263558875397680e-03 0.000000000000000000e+00 -6.594654949779593656e-02 8.495784313867684734e-01 0.000000000000000000e+00
6.071575783540283933e-01 3.660118909366189520e-03 0.000000000000000000e+00 1.400737659941079793e-01 8.044484300907932539e-01 0.000000000000000000e+00
6.904812799840572834e-01 2.518210942516503105e-03 0.000000000000000000e+00 2.761361918722746722e-01 5.494154383037628264e-01 0.000000000000000000e+00
7.847655793562000603e-01 -2.849807946575105833e-04 0.000000000000000000e+00 2.864472662354977106e-01 2.967431777001289239e-01 0.000000000000000000e+00
8.197105640386531666e-01 -4.783087086309735503e-04 0.000000000000000000e+00 -2.971572914690983058e-01 1.723098013568657993e-01 0.000000000000000000e+00
5.244448868088322779e-01 1.985996874544957574e-03 0.000000000000000000e+00 1.989767071432155809e-01 1.025803752391444945e+00 0.000000000000000000e+00
-9.484702469491359533e-01 4.194627747472957804e-04 0.000000000000000000e+00 7.169928321492324841e-02 9.137999421701689662e-02 0.000000000000000000e+00
5.280449824818220783e-01 4.471063348112300218e-03 0.000000000000000000e+00 -2.263257900944141143e-01 1.009150269244963427e+00 0.000000000000000000e+00
7.726613084840388002e-01 -2.197607680084342433e-04 0.000000000000000000e+00 3.360603782545507623e-01 2.794810576715981432e-01 0.000000000000000000e+00
7.845979904122388771e-01 -5.612201964729131038e-04 0.000000000000000000e+00 -3.355014870751308331e-01 2.404716020564517387e-01 0.000000000000000000e+00
4.945545135188715302e-01 -5.260483323177890524e-03 0.000000000000000000e+00 1.260939831042833525e-01 1.129338540325607543e+00 0.000000000000000000e+00
5.834254045575599790e-01 2.034572739956276057e-03 0.000000000000000000e+00 -3.700297767497505719e-01 7.971290732877203133e-01 0.000000000000000000e+00
5.527862403075830544e-01 -2.157235071714194014e-03 0.000000000000000000e+00 3.308207952126047680e-01 9.043083038055277356e-01 0.000000000000000000e+00
5.052707131151685793e-01 -3.575416556877751041e-03 0.000000000000000000e+00 -1.736708680712306940e-01 1.089203482586958760e+00 0.000000000000000000e+00
7.165833834999955076e-01 8.101349922298769352e-04 0.000000000000000000e+00 3.787874744695177709e-01 4.075345638199552312e-01 0.000000000000000000e+00
4.651837580628183089e-01 5.584124501533433045e-03 0.000000000000000000e+00 -1.486021992171036032e-01 1.223034059603993251e+00 0.000000000000000000e+00
5.679808942627566637e-01 1.306900694177412330e-03 0.000000000000000000e+00 4.239146851792860993e-01 8.172761034881117492e-01 0.000000000000000000e+00
4.987122636879225412e-01 -3.128852022002304167e-03 0.000000000000000000e+00 -3.228870884110897066e-01 1.075964052534015725e+00 0.000000000000000000e+00
4.868549319590586011e-01 -3.331219143312782495e-04 0.000000000000000000e+00 2.909753500220165767e-01 1.123902474043148025e+00 0.000000000000000000e+00
5.943421647153099840e-01 -2.694003945684820753e-03 0.000000000000000000e+00 -4.304924328931972743e-01 7.328061637322991206e-01 0.000000000000000000e+00
4.660895099162727373e-01 2.696595112952310247e-03 0.000000000000000000e+00 1.087453612214837884e-01 1.224248953607979251e+00 0.000000000000000000e+00
7.307267589113115580e-01 4.597095202177655521e-04 0.000000000000000000e+00 -3.660091156376265031e-01 3.770617139173972898e-01 0.000000000000000000e+00
5.198493687930456630e-01 -1.750064228013779909e-03 0.000000000000000000e+00 2.153693075484531816e-01 1.036505880527702317e+00 0.000000000000000000e+00
-9.146844779926526225e-01 9.436387580850382189e-05 0.000000000000000000e+00 1.660870662135431886e-01 2.944429724676468976e-02 0.000000000000000000e+00
5.297846003826454098e-01 3.107413718773220038e-03 0.000000000000000000e+00 -2.550402717270630060e-01 9.970218353724906724e-01 0.000000000000000000e+00
6.836149868561016696e-01 -8.878231088041267736e-04 0.000000000000000000e+00 3.836939098929340597e-01 5.005080573774988162e-01 0.000000000000000000e+00
4.800026733352154018e-01 1.167260354719491453e-03 0.000000000000000000e+00 -4.110055706410285781e-02 1.182367770959583897e+00 0.000000000000000000e+00
8.073905751629621985e-01 -7.961529154188358437e-04 0.000000000000000000e+00 3.197361067241533128e-01 1.810229690188106533e-01 0.000000000000000000e+00
7.655708073517224488e-01 -1.661058792534683692e-04 0.000000000000000000e+00 -3.301630540371303102e-01 3.082713166646759984e-01 0.000000000000000000e+00
5.809728686433170974e-01 -3.957438249693387249e-03 0.000000000000000000e+00 3.042328796291396964e-01 8.314534012674842378e-01 0.000000000000000000e+00
5.189071658435931989e-01 -1.703664714466962722e-03 0.000000000000000000e+00 2.674003810095759021e-02 1.061128035378703593e+00 0.000000000000000000e+00
5.638161214521947295e-01 1.442349058223126729e-03 0.000000000000000000e+00 -2.708662999413612438e-01 8.919088600338835882e-01 0.000000000000000000e+00
8.488071879553491517e-01 -5.769194181950531956e-04 0.000000000000000000e+00 2.631431463097506085e-01 1.190473098234429983e-01 0.000000000000000000e+00
7.967727060327345345e-01 -5.341695178112415045e-04 0.000000000000000000e+00 -2.512404378844390607e-01 2.961715100754853669e-01 0.000000000000000000e+00
6.213735409964726841e-01 1.438072135720877553e-03 0.000000000000000000e+00 1.933594756318864072e-02 7.801586140369023425e-01 0.000000000000000000e+00
8.732878244893089725e-01 2.010758249005752509e-04 0.000000000000000000e+00 2.114301063415192639e-01 1.241259282031486610e-01 0.000000000000000000e+00
-1.264458898243597584e+00 -5.205592166195134249e-04 0.000000000000000000e+00 -1.173914003520160065e-02 4.307585831632825824e-01 0.000000000000000000e+00
9.984746946731066775e-01 -2.807426041045417301e-04 0.000000000000000000e+00 3.889730659608517382e-01 -5.456940574794058585e-02 0.000000000000000000e+00
8.665584943958781761e-01 5.705976535016269975e-04 0.000000000000000000e+00 -1.671943080675772908e-01 1.950701718226145465e-01 0.000000000000000000e+00
8.170873126109461371e-01 9.794660917874895185e-04 0.000000000000000000e+00 -1.036201213677409305e-01 3.328008763630929678e-01 0.000000000000000000e+00
8.017919258805248361e-01 -7.988568362590105221e-04 0.000000000000000000e+00 7.726713775855970079e-02 3.704616895749628380e-01 0.000000000000000000e+00
7.647931016978632979e-01 8.079438386571057701e-04 0.000000000000000000e+00 8.823974890269996665e-03 4.532261036148507172e-01 0.000000000000000000e+00
7.981423343108102753e-01 -1.754147751609818826e-03 0.000000000000000000e+00 -7.681335998593065428e-02 3.779269556334280966e-01 0.000000000000000000e+00
7.945341475507974316e-01 1.254059769940248786e-03 0.000000000000000000e+00 6.745718715286017075e-02 3.869977041012886421e-01 0.000000000000000000e+00
7.680985167796610114e-01 1.303179103907858242e-03 0.000000000000000000e+00 2.511255445795768093e-02 4.457665459379447359e-01 0.000000000000000000e+00
7.856248786426142106e-01 -1.414281981684773273e-03 0.000000000000000000e+00 -6.481606072532476726e-02 4.055562296585479287e-01 0.000000000000000000e+00
7.797534571762850808e-01 1.467334868480864524e-03 0.000000000000000000e+00 -3.336456886860033992e-03 4.225820028601677825e-01 0.000000000000000000e+00
7.860533047670655860e-01 -7.747595859393706721e-04 0.000000000000000000e+00 6.524613822193045531e-02 4.046137348975824000e-01 0.000000000000000000e+00
7.675608376838838343e-01 -1.716945890247708120e-03 0.000000000000000000e+00 -2.088175931989147416e-02 4.470943826416897693e-01 0.000000000000000000e+00
7.934201422826645533e-01 1.911899851371945055e-03 0.000000000000000000e+00 -6.762057873268864649e-02 3.892227311067008033e-01 0.000000000000000000e+00
7.946414123745335623e-01 -1.563552389330180679e-03 0.000000000000000000e+00 7.102975459643222356e-02 3.861392265422257108e-01 0.000000000000000000e+00
7.659872242570662237e-01 3.020853207887346653e-04 0.000000000000000000e+00 9.805518194277502986e-03 4.507325737671785681e-01 0.000000000000000000e+00
7.906490914417066973e-01 1.969258150498966360e-03 0.000000000000000000e+00 -6.999569279033614200e-02 3.944340207842175205e-01 0.000000000000000000e+00
7.829822720432364491e-01 -1.909091233124765499e-03 0.000000000000000000e+00 3.262091624863602823e-02 4.147609641592888696e-01 0.000000000000000000e+00
7.817756471232850668e-01 1.711575478018452848e-03 0.000000000000000000e+00 6.249472281351145520e-02 4.137953392291096044e-01 0.000000000000000000e+00
7.720859149960258572e-01 -3.622490958568244657e-05 0.000000000000000000e+00 -4.417221629796019844e-02 4.360344281205014161e-01 0.000000000000000000e+00
7.946893473560849852e-01 -4.115036805557859001e-04 0.000000000000000000e+00 -6.425275564116195159e-02 3.872304838523011883e-01 0.000000000000000000e+00
8.070000604266294175e-01 5.868319219616297683e-05 0.000000000000000000e+00 9.256425634352330456e-02 3.563634881738874105e-01 0.000000000000000000e+00
7.846187187296558285e-01 3.101192159985152741e-04 0.000000000000000000e+00 -8.317992439128377158e-02 4.042683363046575273e-01 0.000000000000000000e+00
8.121928911573783605e-01 9.048597187187286742e-04 0.000000000000000000e+00 -7.225934914706069745e-02 3.506797330225140952e-01 0.000000000000000000e+00
8.449252395314597042e-01 -4.166090934005940846e-04 0.000000000000000000e+00 -3.687631236148865288e-02 2.936488507992905950e-01 0.000000000000000000e+00
8.926086847452727735e-01 1.763732625270846661e-04 0.000000000000000000e+00 3.183020440339405510e-02 2.104198641628858835e-01 0.000000000000000000e+00
1.002365448585988084e+00 4.353477939352288573e-04 0.000000000000000000e+00 5.618411390463681210e-01 9.990398308051660903e-02 0.000000000000000000e+00
-1.128707291678545666e+00 -9.046243932245602581e-04 0.000000000000000000e+00 1.311945860478325177e-01 1.840407201046733721e-01 0.000000000000000000e+00
-1.054558189754351671e+00 1.042242207171306450e-04 0.000000000000000000e+00 -1.092362853949900292e-01 4.335349865660118041e-02 0.000000000000000000e+00
9.983064009589500687e-01 8.135171382538463431e-04 0.000000000000000000e+00 3.545274706341801085e-01 1.320991612395979731e-01 0.000000000000000000e+00
8.765712334069266642e-01 -2.412969367595451525e-04 0.000000000000000000e+00 -1.217048592198221035e-01 2.062999851070387303e-01 0.000000000000000000e+00
8.164307800717608421e-01 1.264784828910806881e-03 0.000000000000000000e+00 2.305564609887096605e-02 3.490659671846257917e-01 0.000000000000000000e+00
8.113395349173837534e-01 1.422741286626508922e-03 0.000000000000000000e+00 6.071191798552406926e-02 3.545464998972179815e-01 0.000000000000000000e+00
8.534534902525607869e-01 1.657031094896568250e-04 0.000000000000000000e+00 1.393461721680511745e-01 2.432684261271781945e-01 0.000000000000000000e+00
8.374231272191853259e-01 1.210676512218684074e-03 0.000000000000000000e+00 -1.838186507815488258e-01 2.494865977250192435e-01 0.000000000000000000e+00
7.338368954206495598e-01 -7.787295922925402403e-04 0.000000000000000000e+00 1.122339625064532331e-01 5.064753948327327393e-01 0.000000000000000000e+00
-9.641466795536157708e-01 -1.813022961192459789e-05 0.000000000000000000e+00 9.285303357284030445e-02 2.370721818878265136e-02 0.000000000000000000e+00
7.489379514844030084e-01 -2.041314423023297183e-03 0.000000000000000000e+00 -1.282227655843940217e-01 4.693066834780814656e-01 0.000000000000000000e+00
8.813739339124164740e-01 -5.285069750114723686e-04 0.000000000000000000e+00 1.724650559213107281e-01 1.542230473071401764e-01 0.000000000000000000e+00
9.950208978381146485e-01 5.949053593099846082e-04 0.000000000000000000e+00 -2.759691072256605926e-01 1.426105256415702849e-01 0.000000000000000000e+00
-1.152945843393339498e+00 -8.707466383814869287e-04 0.000000000000000000e+00 -1.154743986785188026e-02 2.626690528227950683e-01 0.000000000000000000e+00
9.346430867535547860e-01 -4.403070093575163057e-05 0.000000000000000000e+00 -1.396715124931683927e-01 6.647245650250457882e-02 0.000000000000000000e+00
-9.870917807424544055e-01 2.219794760273505370e-05 0.000000000000000000e+00 6.324578431594067573e-02 4.153047850083687459e-02 0.000000000000000000e+00
8.737120053196985037e-01 -7.940553415113895883e-04 0.000000000000000000e+00 1.474587711762675724e-01 1.949543237569089649e-01 0.000000000000000000e+00
9.939823916252470415e-01 -6.751499937394531354e-04 0.000000000000000000e+00 -2.284396979081365908e-01 1.551637353568638966e-01 0.000000000000000000e+00
-1.192434979550447416e+00 -3.675086957141381061e-04 0.000000000000000000e+00 3.101879094010388110e-02 3.214438503814873727e-01 0.000000000000000000e+00
-1.420566107679545942e+00 2.087750151101951893e-03 0.000000000000000000e+00 -8.602649653315977418e-02 6.508489503898817752e-01 0.000000000000000000e+00
-1.258957316436487339e+00 7.199362572706084762e-04 0.000000000000000000e+00 1.641954933747505896e-01 3.895642691923773548e-01 0.000000000000000000e+00
-1.447447769495025849e+00 8.160844104574058178e-04 0.000000000000000000e+00 3.747278507433082079e-02 6.932137979288500729e-01 0.000000000000000000e+00
-1.417212934633201193e+00 1.331644839039393402e-03 0.000000000000000000e+00 1.884295622062450160e-01 6.239490533214807622e-01 0.000000000000000000e+00
-1.611860138960746980e+00 -2.287036977890326978e-03 0.000000000000000000e+00 9.400371527587111919e-02 9.138647623161089140e-01 0.000000000000000000e+00
-1.665744149335480762e+00 -4.851000636930507745e-03 0.000000000000000000e+00 -1.553955012078876013e-02 9.900645932745175681e-01 0.000000000000000000e+00
-1.579382585265542094e+00 -3.800657754214210871e-03 0.000000000000000000e+00 -1.212948767141786566e-01 8.666912119248126878e-01 0.000000000000000000e+00
-1.361470123922697839e+00 2.012380475080025044e-03 0.000000000000000000e+00 -1.986859195832162972e-01 5.368793118985373258e-01 0.000000000000000000e+00
1.038502497563592364e+00 -7.924408497818867265e-05 0.000000000000000000e+00 -1.329816498650097656e-01 4.137044222876232191e-02 0.000000000000000000e+00
8.851111349518994142e-01 9.151955898293964199e-04 0.000000000000000000e+00 2.940889019096947291e-02 2.231747687787308254e-01 0.000000000000000000e+00
8.629207946863759471e-01 -4.145946289687510054e-04 0.000000000000000000e+00 -2.317378047330157786e-01 1.251055315088297759e-01 0.000000000000000000e+00
6.823121064563627547e-01 2.369166700497758564e-03 0.000000000000000000e+00 -2.684747580187557547e-01 5.739600491822984818e-01 0.000000000000000000e+00
6.016928214284429366e-01 -2.170935459068763177e-03 0.000000000000000000e+00 -9.173694699300960487e-02 8.256116991014950113e-01 0.000000000000000000e+00
6.100726116486669959e-01 -9.614860967348277249e-04 0.000000000000000000e+00 1.395636549835503615e-01 7.969690233353059483e-01 0.000000000000000000e+00
7.160351324734381961e-01 8.138604136377000642e-04 0.000000000000000000e+00 2.807974454177238899e-01 4.817278838222478488e-01 0.000000000000000000e+00
7.879096195979538031e-01 -1.287668056199585409e-05 0.000000000000000000e+00 2.875114975716560606e-01 2.868105575494769854e-01 0.000000000000000000e+00
8.056814543518848737e-01 2.549906953415830013e-04 0.000000000000000000e+00 -3.072471391808589414e-01 2.075488393511803475e-01 0.000000000000000000e+00
5.420663431972304602e-01 4.724120273653657082e-03 0.000000000000000000e+00 2.341718065077263433e-01 9.653861685491094136e-01 0.000000000000000000e+00
5.193524542365183239e-01 -2.367588601876732812e-03 0.000000000000000000e+00 -1.345029828302917452e-01 1.051556997123518356e+00 0.000000000000000000e+00
6.774395033839279989e-01 -2.889417443011250974e-05 0.000000000000000000e+00 -3.531075084316801505e-01 5.396852597911246940e-01 0.000000000000000000e+00
6.492904755670984018e-01 2.785352472032843855e-03 0.000000000000000000e+00 3.456275935005532762e-01 6.220002165883499190e-01 0.000000000000000000e+00
5.246892528828859259e-01 -4.419563166515380961e-03 0.000000000000000000e+00 1.385991762577948871e-01 1.034910814917720856e+00 0.000000000000000000e+00
5.363529888197728912e-01 2.981933708695662898e-03 0.000000000000000000e+00 -2.000811150780374137e-01 9.899057209777901711e-01 0.000000000000000000e+00
7.068877102813587721e-01 -1.899974088054194599e-03 0.000000000000000000e+00 -3.341848652537612319e-01 4.714631304052282479e-01 0.000000000000000000e+00
7.363973139604774731e-01 1.121694074485293487e-03 0.000000000000000000e+00 3.283995275724051477e-01 3.944443249947493513e-01 0.000000000000000000e+00
5.093119999130301112e-01 5.407357048748014962e-03 0.000000000000000000e+00 1.290274820441901227e-01 1.082827903908078593e+00 0.000000000000000000e+00
5.528418767979923487e-01 2.119760458273382830e-03 0.000000000000000000e+00 -3.041128530680379805e-01 9.134703028648085699e-01 0.000000000000000000e+00
6.448086503582249884e-01 7.277314572154702527e-04 0.000000000000000000e+00 3.808128032886928249e-01 6.139387588803719709e-01 0.000000000000000000e+00
4.920423723016433826e-01 -1.303137370423763930e-03 0.000000000000000000e+00 -6.677029729186675575e-03 1.144367552258663601e+00 0.000000000000000000e+00
6.585164795057478759e-01 -1.851877046719293401e-03 0.000000000000000000e+00 -3.779425453873827556e-01 5.766300912493249609e-01 0.000000000000000000e+00
5.555779580357366187e-01 -1.767581673462486139e-03 0.000000000000000000e+00 3.021449839114597191e-01 9.060205322438599218e-01 0.000000000000000000e+00
5.086483856714885121e-01 3.218225495826647006e-03 0.000000000000000000e+00 -1.210677963071864482e-01 1.085848454552499120e+00 0.000000000000000000e+00
7.003258962853393665e-01 -1.641173968969678043e-03 0.000000000000000000e+00 -3.508176725884688540e-01 4.776061654733660400e-01 0.000000000000000000e+00
6.312926009455617216e-01 1.943668876637577158e-03 0.000000000000000000e+00 3.387505083384770299e-01 6.754427344486485518e-01 0.000000000000000000e+00
5.252024874997845982e-01 -4.225768425425862479e-03 0.000000000000000000e+00 1.240986144087067450e-01 1.035219645553266954e+00 0.000000000000000000e+00
5.389176056911899604e-01 -4.757375646601280650e-04 0.000000000000000000e+00 -1.939789696820734544e-01 9.835690062378551479e-01 0.000000000000000000e+00
6.899841048907568997e-01 3.108261456656862681e-04 0.000000000000000000e+00 -3.399699238130287071e-01 5.137567593375023112e-01 0.000000000000000000e+00
7.252791894660712835e-01 1.861595963528223964e-03 0.000000000000000000e+00 3.339316402565016273e-01 4.209537247697955342e-01 0.000000000000000000e+00
5.138215860587292960e-01 -2.066781406159332035e-03 0.000000000000000000e+00 1.489485202073716485e-01 1.066467845443161533e+00 0.000000000000000000e+00
5.446433804456198846e-01 -7.557869162008396327e-04 0.000000000000000000e+00 -2.697017644460050767e-01 9.484512200444645824e-01 0.000000000000000000e+00
6.974953129834682297e-01 -1.866943907078205331e-03 0.000000000000000000e+00 3.747015203962498209e-01 4.673208824468512157e-01 0.000000000000000000e+00
4.808105699576648573e-01 1.658699782579041524e-03 0.000000000000000000e+00 -1.984232529446312149e-02 1.180283343745127222e+00 0.000000000000000000e+00
7.414916424659401262e-01 -9.231452299242432716e-04 0.000000000000000000e+00 -3.402313937037754199e-01 3.695860153641998824e-01 0.000000000000000000e+00
6.028069277424104033e-01 1.737474029646563986e-03 0.000000000000000000e+00 3.187687830457541782e-01 7.639849197279091619e-01 0.000000000000000000e+00
5.226767563782946935e-01 -1.267616329885788012e-03 0.000000000000000000e+00 7.716645838418528802e-02 1.047350319228887994e+00 0.000000000000000000e+00
5.486991635968094805e-01 -2.414068652729649961e-03 0.000000000000000000e+00 -2.205546655150354418e-01 9.491872854258860404e-01 0.000000000000000000e+00
7.163148279136625218e-01 -2.069882191750445268e-03 0.000000000000000000e+00 -3.256417007209522207e-01 4.518591301008135774e-01 0.000000000000000000e+00
8.127151529581726486e-01 -8.796619153811817762e-04 0.000000000000000000e+00 2.842404094012879745e-01 2.160638550411524417e-01 0.000000000000000000e+00
8.211692813125957002e-01 -6.795566435720944848e-04 0.000000000000000000e+00 -2.101814161711246520e-01 2.681482162900739041e-01 0.000000000000000000e+00
7.727387226088358041e-01 3.536982843168508250e-04 0.000000000000000000e+00 -1.708701700832256920e-01 4.021349434955635016e-01 0.000000000000000000e+00
7.310247053037086662e-01 -5.840658051521055091e-04 0.000000000000000000e+00 1.197381797594311570e-01 5.109985682563339404e-01 0.000000000000000000e+00
7.803804267316591936e-01 -1.766711117684830433e-03 0.000000000000000000e+00 -1.477431764320484009e-01 3.945713051200686050e-01 0.000000000000000000e+00
8.111484633026733171e-01 -9.536448191424171106e-05 0.000000000000000000e+00 -1.123863495743059188e-01 3.420990293156497275e-01 0.000000000000000000e+00
7.925670203411294690e-01 1.881486700398453133e-03 0.000000000000000000e+00 -4.366648848345636158e-02 3.943513785039661768e-01 0.000000000000000000e+00
8.536053694399404757e-01 7.628360033444855220e-04 0.000000000000000000e+00 1.310656751537218057e-01 2.475216651708845861e-01 0.000000000000000000e+00
8.177900078432573938e-01 -3.406515150110164467e-04 0.000000000000000000e+00 -2.634829537281816458e-01 2.261221617957154817e-01 0.000000000000000000e+00
6.590860691099034163e-01 2.744647312550286666e-03 0.000000000000000000e+00 -2.517254060815811156e-01 6.403812302517741806e-01 0.000000000000000000e+00
5.962909476389681718e-01 3.710790062832220598e-03 0.000000000000000000e+00 -7.030299237252067568e-02 8.418236633318691986e-01 0.000000000000000000e+00
6.117862578185127020e-01 9.775605381669430147e-04 0.000000000000000000e+00 1.512600222105270620e-01 7.903715619083386823e-01 0.000000000000000000e+00
7.129096218007757724e-01 5.899672834411250066e-04 0.000000000000000000e+00 2.826327893011655323e-01 4.886544310371756517e-01 0.000000000000000000e+00
7.735249385651081777e-01 1.381448120873680387e-03 0.000000000000000000e+00 2.940825416792572922e-01 3.209650895606981913e-01 0.000000000000000000e+00
8.748668683395470769e-01 1.745953566635231966e-04 0.000000000000000000e+00 -2.368220603214911124e-01 5.195085189360114375e-02 0.000000000000000000e+00
5.125485352569847386e-01 -7.708447196076283897e-05 0.000000000000000000e+00 1.630364153954563800e-01 1.068332000374429214e+00 0.000000000000000000e+00
5.431353685816784349e-01 2.815833340987507552e-03 0.000000000000000000e+00 -2.846149746707328232e-01 9.485756187309035692e-01 0.000000000000000000e+00
6.626003731914384964e-01 -1.878283332057020458e-03 0.000000000000000000e+00 3.846308445444421298e-01 5.604577198963374141e-01 0.000000000000000000e+00
4.875856335595790680e-01 4.716440148700657385e-03 0.000000000000000000e+00 -1.642068097024322604e-02 1.158410986672535392e+00 0.000000000000000000e+00
6.823252230637738558e-01 2.036341491415624011e-03 0.000000000000000000e+00 -3.767770752708829995e-01 5.094336286684106874e-01 0.000000000000000000e+00
5.533467172240467136e-01 -1.648650660960629746e-03 0.000000000000000000e+00 2.902433218923876623e-01 9.164841363446349920e-01 0.000000000000000000e+00
5.106575152650466576e-01 4.086618598739488739e-03 0.000000000000000000e+00 -1.177760542359052309e-01 1.080008733495883000e+00 0.000000000000000000e+00
6.808063526938208376e-01 5.224158983912021749e-05 0.000000000000000000e+00 -3.575989264267751544e-01 5.273244981961238143e-01 0.000000000000000000e+00
6.247381527566104875e-01 2.639838322891904874e-03 0.000000000000000000e+00 3.397631638678301202e-01 6.931655973506933854e-01 0.000000000000000000e+00
5.201952125933213544e-01 -1.508617815509072022e-03 0.000000000000000000e+00 9.681158893261809784e-02 1.053165609649133305e+00 0.000000000000000000e+00
5.472252460129585216e-01 -2.457106657842452954e-03 0.000000000000000000e+00 -2.314644137347323660e-01 9.509010216855946496e-01 0.000000000000000000e+00
7.597715048106237212e-01 -1.221057489259611342e-04 0.000000000000000000e+00 -2.951969727719651049e-01 3.576822328137758689e-01 0.000000000000000000e+00
6.748505454583659802e-01 -2.882151019103800470e-03 0.000000000000000000e+00 -2.708868957760679486e-01 5.919020266172771993e-01 0.000000000000000000e+00
6.043954768229568009e-01 -2.425726878573812237e-03 0.000000000000000000e+00 -1.430281526484711574e-01 8.111815414038301419e-01 0.000000000000000000e+00
5.894021950071536287e-01 -1.197868870327046045e-03 0.000000000000000000e+00 4.359144530570101261e-02 8.618153583470056223e-01 0.000000000000000000e+00
6.285246814882754496e-01 2.856582038805169019e-03 0.000000000000000000e+00 2.114236802908271429e-01 7.325937116083596212e-01 0.000000000000000000e+00
7.218845268570293072e-01 1.946255040727132637e-03 0.000000000000000000e+00 2.913429933505908842e-01 4.602782593864320759e-01 0.000000000000000000e+00
6.863940097800548257e-01 -2.468998533384269504e-03 0.000000000000000000e+00 3.197698544588664094e-01 5.361445644792487419e-01 0.000000000000000000e+00
5.953388207059788773e-01 3.401793659149813034e-03 0.000000000000000000e+00 2.716386434763968794e-01 8.025385245601033279e-01 0.000000000000000000e+00
