-1.415010571518388494e+00 -1.194715273970737429e-03 0.000000000000000000e+00 -8.328936323109817352e-02 6.409650418051048293e-01 0.000000000000000000e+00
-1.243101117931014743e+00 -7.987974784152036822e-04 0.000000000000000000e+00 1.600535482251642105e-01 3.615137189955018870e-01 0.000000000000000000e+00
-1.439498885722696908e+00 1.035630395642923862e-03 0.000000000000000000e+00 3.693419832332367481e-02 6.798998004813840978e-01 0.000000000000000000e+00
-1.298798368878533172e+00 -1.837499184521827755e-03 0.000000000000000000e+00 1.948558115293269333e-01 4.369353677555058435e-01 0.000000000000000000e+00
-1.492172552243068662e+00 -3.103748396391201037e-03 0.000000000000000000e+00 1.569188388816422641e-01 7.378214970830552222e-01 0.000000000000000000e+00
-1.637885863149790344e+00 -4.150994126595853456e-03 0.000000000000000000e+00 5.666106744432632819e-02 9.500730668087298270e-01 0.000000000000000000e+00
-1.645565571686226747e+00 -7.831898956147387292e-04 0.000000000000000000e+00 -4.763345560769963183e-02 9.607728086383428012e-01 0.000000000000000000e+00
-1.516296853253270793e+00 3.511762504114605832e-03 0.000000000000000000e+00 -1.462632556146833129e-01 7.738628539836366338e-01 0.000000000000000000e+00
-1.296191323635638604e+00 -1.442424995939182997e-03 0.000000000000000000e+00 -1.996409602377675063e-01 4.305307870932620906e-01 0.000000000000000000e+00
9.721392346988755317e-01 6.430679957460805210e-05 0.000000000000000000e+00 4.161584394003124687e-02 1.301349137402944278e-01 0.000000000000000000e+00
9.393333647761515914e-01 -2.887265856640771310e-04 0.000000000000000000e+00 -3.940984311662045804e-03 1.397039179608770554e-01 0.000000000000000000e+00
9.761052900212190409e-01 -4.917400793044327629e-04 0.000000000000000000e+00 -4.858866958425836491e-02 1.349513167746087261e-01 0.000000000000000000e+00
-1.176689871698069823e+00 -1.121033017810316168e-03 0.000000000000000000e+00 -3.302081628177243322e-02 2.921283074410045422e-01 0.000000000000000000e+00
-1.395764290984550682e+00 2.385201534070331350e-03 0.000000000000000000e+00 1.914651092849763425e-01 5.886524001138810913e-01 0.000000000000000000e+00
-1.609744224401810531e+00 -2.493754703655608543e-03 0.000000000000000000e+00 9.261523634351032097e-02 9.095156349995953127e-01 0.000000000000000000e+00
-1.661634600774023252e+00 3.243272657485841981e-03 0.000000000000000000e+00 -1.716609449126266923e-02 9.830848028557084284e-01 0.000000000000000000e+00
-1.556098959430031625e+00 3.854909602146482095e-03 0.000000000000000000e+00 -1.285405785067186835e-01 8.320355812050680422e-01 0.000000000000000000e+00
-1.302975582363475660e+00 2.163044707391582194e-04 0.000000000000000000e+00 -2.026178224954510165e-01 4.401780483497438334e-01 0.000000000000000000e+00
1.025426100995462608e+00 -3.437585512877838669e-04 0.000000000000000000e+00 3.243555851326951345e-02 1.356998649395128043e-01 0.000000000000000000e+00
-1.894228055312038972e+00 -2.794000597993447771e-03 0.000000000000000000e+00 7.178827925188675796e-02 1.280960512455462608e+00 0.000000000000000000e+00
-1.607768358850127921e+00 -2.443326536929779288e-03 0.000000000000000000e+00 2.168195826195395415e-01 8.854114698486175161e-01 0.000000000000000000e+00
-1.525913901916224891e+00 1.325252280088581522e-03 0.000000000000000000e+00 -2.377994974216291468e-01 7.646192845515140668e-01 0.000000000000000000e+00
-1.869537349380745450e+00 4.473412073400184763e-03 0.000000000000000000e+00 -9.312256464279054791e-02 1.248345746191588779e+00 0.000000000000000000e+00
-2.011136612399412549e+00 -5.016056992858092256e-03 0.000000000000000000e+00 1.315785396698278958e-02 1.428652210250076049e+00 0.000000000000000000e+00
-1.925031539448795126e+00 -2.598183722346575353e-03 0.000000000000000000e+00 1.020343768056567457e-01 1.317707208320717971e+00 0.000000000000000000e+00
-1.735117919895372118e+00 6.970307805524988964e-04 0.000000000000000000e+00 1.990936143535671499e-01 1.061003776511101115e+00 0.000000000000000000e+00
-1.353958426323419229e+00 9.348443382860833865e-04 0.000000000000000000e+00 2.695208776706823350e-01 4.897147016801566832e-01 0.000000000000000000e+00
-1.587451614183906345e+00 9.122306939637371548e-04 0.000000000000000000e+00 -2.412832461570046105e-01 8.507341896251510160e-01 0.000000000000000000e+00
-1.849707035990880932e+00 6.985742148961221476e-04 0.000000000000000000e+00 -1.491985418438463995e-01 1.217570566408453736e+00 0.000000000000000000e+00
-1.977172993309032289e+00 -1.472579864740433675e-03 0.000000000000000000e+00 -5.773042416509530095e-02 1.385458049834506822e+00 0.000000000000000000e+00
-2.210935076999376747e+00 -4.669324275627759202e-03 0.000000000000000000e+00 -3.906227798920734740e-02 1.671342298340867671e+00 0.000000000000000000e+00
-2.175059736191059745e+00 7.306439249305463068e-03 0.000000000000000000e+00 -8.607618441613287819e-02 1.626376883982352695e+00 0.000000000000000000e+00
-2.068221496704572893e+00 -4.706444585283811599e-03 0.000000000000000000e+00 -1.577390842791349113e-01 1.490555779122086921e+00 0.000000000000000000e+00
-1.900482477291686845e+00 2.425447980256567604e-04 0.000000000000000000e+00 -2.172142678173059060e-01 1.272431964090268153e+00 0.000000000000000000e+00
-1.661292620962306454e+00 4.346795337287429409e-03 0.000000000000000000e+00 -2.744504243798617793e-01 9.436861694522802324e-01 0.000000000000000000e+00
-1.264404660355869403e+00 1.326275972104636611e-03 0.000000000000000000e+00 -2.821825724345505826e-01 3.209201544126613070e-01 0.000000000000000000e+00
-1.596150892444547109e+00 3.331283511325763835e-03 0.000000000000000000e+00 2.895385749104498196e-01 8.479205638648925625e-01 0.000000000000000000e+00
-1.856493446884823761e+00 4.111888295700687201e-03 0.000000000000000000e+00 2.332870954360378168e-01 1.213065556942143131e+00 0.000000000000000000e+00
-2.039019636665508450e+00 -9.457439027757419403e-04 0.000000000000000000e+00 1.665371904194497543e-01 1.453546011427414353e+00 0.000000000000000000e+00
-2.158071550531169613e+00 -2.364296536651419589e-03 0.000000000000000000e+00 1.026991758889695683e-01 1.604851474090456698e+00 0.000000000000000000e+00
-2.210138672923240399e+00 8.297584312971548193e-03 0.000000000000000000e+00 5.264350321495568641e-02 1.670026577388751043e+00 0.000000000000000000e+00
-2.122338517702047511e+00 2.847573331322936913e-03 0.000000000000000000e+00 2.351460154347563558e-02 1.564671652842030802e+00 0.000000000000000000e+00
-2.031574934950104883e+00 3.838746516083374472e-03 0.000000000000000000e+00 5.414279004852938504e-02 1.452894839251174020e+00 0.000000000000000000e+00
-1.963073979485083997e+00 -2.845058370671421644e-04 0.000000000000000000e+00 1.086984363365096906e-01 1.364816121555055606e+00 0.000000000000000000e+00
-1.851657172638862203e+00 -2.835003864368391968e-03 0.000000000000000000e+00 1.681344867541825772e-01 1.217602869331297910e+00 0.000000000000000000e+00
-1.685104816731296751e+00 -3.693679307566449799e-03 0.000000000000000000e+00 2.272421088275348722e-01 9.883815102635533645e-01 0.000000000000000000e+00
-1.433097937990152282e+00 2.382918617860295407e-03 0.000000000000000000e+00 2.760500060108267428e-01 6.125742661169593095e-01 0.000000000000000000e+00
-1.368191349484802366e+00 -1.747486715323012113e-03 0.000000000000000000e+00 -2.773590371526981624e-01 5.088354699958818061e-01 0.000000000000000000e+00
-1.645934887496038890e+00 4.297100987317153259e-03 0.000000000000000000e+00 -2.374507912933794818e-01 9.326997119515456625e-01 0.000000000000000000e+00
-1.823359964534878364e+00 -5.534895405771306925e-03 0.000000000000000000e+00 -1.856637721751326076e-01 1.178619972748770728e+00 0.000000000000000000e+00
-1.946147909582669033e+00 6.398505869105980404e-03 0.000000000000000000e+00 -1.156801870629186602e-01 1.343088248185763778e+00 0.000000000000000000e+00
-2.021270646913909896e+00 5.815717828570932113e-03 0.000000000000000000e+00 -5.697945682880163620e-02 1.440091399496009394e+00 0.000000000000000000e+00
-2.089689103176199048e+00 2.293969611379897966e-03 0.000000000000000000e+00 -1.833211686396963788e-02 1.524997317498332006e+00 0.000000000000000000e+00
-2.343856905639080779e+00 8.231687232791676245e-03 0.000000000000000000e+00 -6.696149211374186061e-02 1.828825462802058599e+00 0.000000000000000000e+00
-2.038593578004544327e+00 5.540651082800662763e-03 0.000000000000000000e+00 -2.134689373509044974e-01 1.446878272352964512e+00 0.000000000000000000e+00
-1.250250743802985731e+00 8.527435537861412836e-04 0.000000000000000000e+00 2.900390472590849145e-01 2.842775758386216767e-01 0.000000000000000000e+00
-2.060774281999434798e+00 4.337743660165760406e-03 0.000000000000000000e+00 2.134411687142040437e-01 1.474389908188955545e+00 0.000000000000000000e+00
-2.350198590396802345e+00 5.109767040950022321e-03 0.000000000000000000e+00 7.102097567991148830e-02 1.836156430943161944e+00 0.000000000000000000e+00
1.043298214805950419e+00 3.935386978480667937e-06 0.000000000000000000e+00 5.520346473435484153e-03 1.276811835062662270e-01 0.000000000000000000e+00
-2.365914580668050160e+00 -3.964512382617385589e-03 0.000000000000000000e+00 -7.545263326585886776e-02 1.854528852719691479e+00 0.000000000000000000e+00
-2.025116425252253993e+00 -4.640265280662220215e-03 0.000000000000000000e+00 -2.305735249437131373e-01 1.427450909289004422e+00 0.000000000000000000e+00
-1.437828900795842912e+00 2.850438304464325556e-05 0.000000000000000000e+00 3.229519261723052814e-01 5.967741614586614673e-01 0.000000000000000000e+00
-2.160532963375167981e+00 -4.098282964372344968e-03 0.000000000000000000e+00 1.792439349278448502e-01 1.601109950746473665e+00 0.000000000000000000e+00
-2.394632491355391579e+00 7.511637048306818443e-03 0.000000000000000000e+00 3.817328789910415243e-02 1.889477916890365039e+00 0.000000000000000000e+00
-2.322669711242336454e+00 7.700422861867464719e-03 0.000000000000000000e+00 -1.137560840455403288e-01 1.801402902733183042e+00 0.000000000000000000e+00
-1.781900775103854917e+00 -2.968330960852329919e-03 0.000000000000000000e+00 -2.934266449480527061e-01 1.101612257451878740e+00 0.000000000000000000e+00
-1.876748850386141143e+00 4.269744858617363636e-03 0.000000000000000000e+00 2.745171221858135335e-01 1.230685158706943394e+00 0.000000000000000000e+00
-2.353713604827338379e+00 -5.787341199187223673e-03 0.000000000000000000e+00 9.629951195527251817e-02 1.839160742615878252e+00 0.000000000000000000e+00
-2.347451600303485542e+00 7.097390363911184469e-03 0.000000000000000000e+00 -3.396963623469831384e-02 1.833978199048712732e+00 0.000000000000000000e+00
-2.155428803284355155e+00 6.331704014056093593e-03 0.000000000000000000e+00 -1.639131362759454758e-01 1.596558490275031161e+00 0.000000000000000000e+00
-1.644015497909028012e+00 9.531913147231094868e-04 0.000000000000000000e+00 -3.025570330384325102e-01 9.109680434682585481e-01 0.000000000000000000e+00
-1.782927051088700532e+00 -4.965342199726437838e-03 0.000000000000000000e+00 2.754541699533366028e-01 1.107610301262000885e+00 0.000000000000000000e+00
-2.213892226898134030e+00 7.049684970801156983e-03 0.000000000000000000e+00 1.479819533404834464e-01 1.668807738243153427e+00 0.000000000000000000e+00
-2.352590114368312335e+00 7.790974596490307658e-03 0.000000000000000000e+00 2.228093471930900349e-02 1.840226680658889613e+00 0.000000000000000000e+00
-2.284223984615461944e+00 -1.326363362556925996e-03 0.000000000000000000e+00 -1.138412884152243815e-01 1.755664964483269586e+00 0.000000000000000000e+00
-1.894056188015428521e+00 5.197424765170030603e-03 0.000000000000000000e+00 -2.528521588452138369e-01 1.257594914696814392e+00 0.000000000000000000e+00
-1.553257792030971807e+00 2.543689945614524203e-03 0.000000000000000000e+00 3.170037229932570755e-01 7.757765960525819793e-01 0.000000000000000000e+00
-2.148389260793492461e+00 -7.649012721775691470e-03 0.000000000000000000e+00 1.715242413869802196e-01 1.587201062525987361e+00 0.000000000000000000e+00
-2.362857996220985246e+00 5.284111228677224048e-03 0.000000000000000000e+00 4.460974728298168490e-02 1.851927235565497654e+00 0.000000000000000000e+00
-2.349051566891407372e+00 -6.883124665019099697e-03 0.000000000000000000e+00 -1.107255120599988096e-01 1.832839942879338491e+00 0.000000000000000000e+00
-1.854045667119414986e+00 -3.623365868237032102e-03 0.000000000000000000e+00 -2.796060372485911771e-01 1.200047069966013735e+00 0.000000000000000000e+00
-1.814472576963229056e+00 5.059579006946399865e-03 0.000000000000000000e+00 2.888034474400639207e-01 1.145970687041417690e+00 0.000000000000000000e+00
-2.336773628397770697e+00 -8.323786997720267200e-04 0.000000000000000000e+00 1.122588855815459391e-01 1.818202130066645328e+00 0.000000000000000000e+00
-2.383724023026756011e+00 2.930014443221586051e-03 0.000000000000000000e+00 -3.487526046386224543e-02 1.876705638616306349e+00 0.000000000000000000e+00
-2.147911503643122000e+00 -1.842917646042219193e-03 0.000000000000000000e+00 -1.853608557960750580e-01 1.585047310788272323e+00 0.000000000000000000e+00
-1.452986593005298754e+00 -2.597980219275451697e-03 0.000000000000000000e+00 -3.232988250989006218e-01 6.206681359187509184e-01 0.000000000000000000e+00
-1.996550775427716751e+00 1.807658121244292565e-03 0.000000000000000000e+00 2.346083143485508948e-01 1.391034243755715272e+00 0.000000000000000000e+00
-2.346625946939004947e+00 -2.396967008261002841e-03 0.000000000000000000e+00 7.999690757414001929e-02 1.831561117519080018e+00 0.000000000000000000e+00
-2.219055492980667843e+00 1.510598580753190479e-03 0.000000000000000000e+00 -1.304589618149320368e-02 1.681485841497178502e+00 0.000000000000000000e+00
-2.210645060436459808e+00 -5.316431801688129011e-03 0.000000000000000000e+00 -7.938442031942631594e-02 1.669568730443294013e+00 0.000000000000000000e+00
-2.100585070834012136e+00 -3.930743341753105413e-03 0.000000000000000000e+00 -1.500894596304158113e-01 1.531055933315100592e+00 0.000000000000000000e+00
-1.905770125686126804e+00 2.729832781691863761e-03 0.000000000000000000e+00 -2.192477811311087654e-01 1.278834032602314208e+00 0.000000000000000000e+00
-1.602189665056102719e+00 -1.461236911278572873e-03 0.000000000000000000e+00 -2.910427785878777485e-01 8.559721145423397903e-01 0.000000000000000000e+00
-1.374693148841602541e+00 -5.469728815338734118e-04 0.000000000000000000e+00 3.021869316582606046e-01 5.054187405254408905e-01 0.000000000000000000e+00
-1.771539138812423531e+00 1.760164264535433315e-03 0.000000000000000000e+00 2.586243604724584033e-01 1.096589665927156343e+00 0.000000000000000000e+00
-2.015462085372770495e+00 -5.429312596671093116e-03 0.000000000000000000e+00 1.797162886359847112e-01 1.422749979431405798e+00 0.000000000000000000e+00
-2.167114279931952936e+00 -1.430896299824221084e-03 0.000000000000000000e+00 1.092352131471033549e-01 1.615367606493980368e+00 0.000000000000000000e+00
-2.231677526303701420e+00 -1.318833124152318792e-03 0.000000000000000000e+00 4.044121004969403188e-02 1.696175044238358076e+00 0.000000000000000000e+00
-1.997943185254094312e+00 9.744523832216911430e-04 0.000000000000000000e+00 5.089461524199090370e-02 1.411486214795417471e+00 0.000000000000000000e+00
-1.896721327814347546e+00 -5.635358301277045012e-03 0.000000000000000000e+00 1.276675757596147098e-01 1.279769347243127964e+00 0.000000000000000000e+00
-1.698775970398143764e+00 8.008710678336534994e-04 0.000000000000000000e+00 2.161180299603426835e-01 1.009226152338653426e+00 0.000000000000000000e+00
-1.333261360895042991e+00 -3.224442098201420193e-04 0.000000000000000000e+00 2.704125048947875198e-01 4.546053470597866686e-01 0.000000000000000000e+00
-1.562733399572236337e+00 -2.519361576933082381e-03 0.000000000000000000e+00 -2.519617802277387408e-01 8.127479882402112166e-01 0.000000000000000000e+00
-1.819277708601884758e+00 -4.006863709498528769e-03 0.000000000000000000e+00 -1.733009497912255670e-01 1.175231957552578477e+00 0.000000000000000000e+00
-1.960847003891938112e+00 -1.988559872602114684e-03 0.000000000000000000e+00 -8.810756455510723728e-02 1.363527259629754962e+00 0.000000000000000000e+00
-2.036433553665243146e+00 -2.033619320723850654e-03 0.000000000000000000e+00 -1.557371259091230864e-02 1.459797346379083427e+00 0.000000000000000000e+00
-1.852115939372095399e+00 5.961853348935217123e-04 0.000000000000000000e+00 9.794376783050633140e-02 1.225833636018063943e+00 0.000000000000000000e+00
-1.449446396824427552e+00 1.969281246476280167e-03 0.000000000000000000e+00 2.490151664141547760e-01 6.487164514958152495e-01 0.000000000000000000e+00
-1.685277242504363615e+00 -2.119510419844733429e-04 0.000000000000000000e+00 -1.871811055339448471e-01 9.969750046175090974e-01 0.000000000000000000e+00
-1.910299367529281200e+00 6.415798321513838456e-03 0.000000000000000000e+00 -2.557159639287322206e-02 1.302943376269433795e+00 0.000000000000000000e+00
-1.767819464354499770e+00 3.248534799250364646e-03 0.000000000000000000e+00 1.393210638757377828e-01 1.113196291446591157e+00 0.000000000000000000e+00
-1.316391974142618881e+00 4.872443002473005047e-04 0.000000000000000000e+00 -2.508463115506211483e-01 4.374871178152572870e-01 0.000000000000000000e+00
-1.828292334285625431e+00 3.231043822064114113e-03 0.000000000000000000e+00 -9.439592391914958247e-02 1.195721877778086251e+00 0.000000000000000000e+00
-2.236080795409532307e+00 4.418615097036580897e-03 0.000000000000000000e+00 -3.313870382813108306e-02 1.701608967123377614e+00 0.000000000000000000e+00
-2.175048135164093122e+00 -7.285216784712375548e-03 0.000000000000000000e+00 -1.125227068503627803e-01 1.624750838146673537e+00 0.000000000000000000e+00
-2.023191956287918813e+00 4.221156245492494602e-03 0.000000000000000000e+00 -1.787484505328413575e-01 1.432474588674986116e+00 0.000000000000000000e+00
-1.775832221907323927e+00 5.254991315601129087e-03 0.000000000000000000e+00 -2.539955339008727053e-01 1.103360446657489558e+00 0.000000000000000000e+00
-1.360624199523940092e+00 -8.539388909839032427e-04 0.000000000000000000e+00 -3.019670133324595107e-01 4.818161591472485128e-01 0.000000000000000000e+00
-1.623175668268240557e+00 3.621789408121385903e-04 0.000000000000000000e+00 2.878783079542427403e-01 8.866053321895224215e-01 0.000000000000000000e+00
-1.925121391806342563e+00 3.910795301812878405e-03 0.000000000000000000e+00 2.186389411556291240e-01 1.303563073635126690e+00 0.000000000000000000e+00
-2.118909008043803777e+00 -2.411688136777942644e-03 0.000000000000000000e+00 1.378875762610387579e-01 1.554582058400405753e+00 0.000000000000000000e+00
-2.221594653783729001e+00 8.243630191853666689e-04 0.000000000000000000e+00 6.725312921036152858e-02 1.683237943851617846e+00 0.000000000000000000e+00
-2.206838768731430811e+00 2.529306745582618476e-03 0.000000000000000000e+00 1.109962263385787934e-02 1.666844174480316632e+00 0.000000000000000000e+00
-2.320129117553648257e+00 8.170000226575598740e-03 0.000000000000000000e+00 -6.857766764952466509e-02 1.800681308298442307e+00 0.000000000000000000e+00
-2.049513527910365340e+00 2.686749618445297139e-03 0.000000000000000000e+00 -2.054701797358413906e-01 1.461578540285441319e+00 0.000000000000000000e+00
-1.377386702182211931e+00 -2.157626724002608461e-03 0.000000000000000000e+00 -3.156117123027384341e-01 5.017252316386199285e-01 0.000000000000000000e+00
-1.939463429185908083e+00 5.031624664826865601e-03 0.000000000000000000e+00 2.440324165583996896e-01 1.317300327719653108e+00 0.000000000000000000e+00
-2.280714206826857549e+00 -5.381977845869440058e-03 0.000000000000000000e+00 1.012530414016775820e-01 1.752262879394531625e+00 0.000000000000000000e+00
-2.333709898629694024e+00 -8.655595274860594657e-03 0.000000000000000000e+00 -2.144418255391772332e-02 1.817935952270375743e+00 0.000000000000000000e+00
-2.220208800797847104e+00 7.671013991540930055e-03 0.000000000000000000e+00 -1.253052302996914558e-01 1.678264346483903768e+00 0.000000000000000000e+00
-1.855454181391550161e+00 -4.282201499637608433e-03 0.000000000000000000e+00 -2.611847069771449092e-01 1.206023615798440307e+00 0.000000000000000000e+00
-1.456296419039249779e+00 -2.088285256767017858e-03 0.000000000000000000e+00 3.150510911421493532e-01 6.300788408201755120e-01 0.000000000000000000e+00
-2.039568319058993495e+00 3.395649051353762105e-03 0.000000000000000000e+00 2.078869198253105732e-01 1.448899496392707320e+00 0.000000000000000000e+00
-2.295315320221851696e+00 5.808360054996172805e-03 0.000000000000000000e+00 8.644186467861152134e-02 1.770437079496985699e+00 0.000000000000000000e+00
-2.272533640897393958e+00 -2.855523911838776796e-03 0.000000000000000000e+00 -1.989738661173057893e-02 1.745328808246681351e+00 0.000000000000000000e+00
-2.212200599491704445e+00 1.949741992157222326e-03 0.000000000000000000e+00 -1.027888407689469125e-01 1.670156807034844260e+00 0.000000000000000000e+00
-2.008381134934361434e+00 1.493840636551122328e-03 0.000000000000000000e+00 -1.977560102569421718e-01 1.411522440067869422e+00 0.000000000000000000e+00
-1.636716190049907205e+00 1.203717131724079542e-03 0.000000000000000000e+00 -2.911113844202957712e-01 9.045147902110137750e-01 0.000000000000000000e+00
-1.515286834973968100e+00 2.183774932484870007e-03 0.000000000000000000e+00 3.070547318013072680e-01 7.237401236373203206e-01 0.000000000000000000e+00
-1.942851690628311534e+00 3.417310220671780988e-03 0.000000000000000000e+00 2.226724968352349343e-01 1.325366171212215338e+00 0.000000000000000000e+00
-2.178541915152480968e+00 7.985666536010405103e-03 0.000000000000000000e+00 1.310587306128184748e-01 1.627590096783462226e+00 0.000000000000000000e+00
-2.273336460050648711e+00 3.381149541111273370e-03 0.000000000000000000e+00 3.795415308150721506e-02 1.745987052786457827e+00 0.000000000000000000e+00
-2.447726597775685686e+00 5.112943818955165837e-03 0.000000000000000000e+00 -1.043024217940317772e-01 1.949274734158502831e+00 0.000000000000000000e+00
-1.638423275156271952e+00 -4.242858454047232497e-03 0.000000000000000000e+00 -3.321114984679677251e-01 8.927065123030737404e-01 0.000000000000000000e+00
-2.246079967267258670e+00 2.167871724836900604e-04 0.000000000000000000e+00 1.953871232887997300e-01 1.702708504176424498e+00 0.000000000000000000e+00
-2.533001038470280797e+00 1.332994400204071811e-03 0.000000000000000000e+00 -1.204364573864285040e-02 2.051244828149133337e+00 0.000000000000000000e+00
-2.152242233204515465e+00 5.123596079508463408e-03 0.000000000000000000e+00 -2.202435304624969781e-01 1.585876455316465261e+00 0.000000000000000000e+00
-1.804723151626800526e+00 3.717434965509441858e-03 0.000000000000000000e+00 3.080073474381150866e-01 1.128032193082460388e+00 0.000000000000000000e+00
-2.481165495322692927e+00 -9.729492383883375783e-03 0.000000000000000000e+00 7.619638805613875021e-02 1.989626873084102021e+00 0.000000000000000000e+00
-2.481079540774380199e+00 -6.253881426848285213e-03 0.000000000000000000e+00 -1.427186061762551472e-01 1.985850287895432054e+00 0.000000000000000000e+00
-1.470939612472124569e+00 -2.677306679495825015e-03 0.000000000000000000e+00 3.462408085708660321e-01 6.368425222696246779e-01 0.000000000000000000e+00
-2.554464644268113815e+00 1.888508175214104190e-03 0.000000000000000000e+00 1.008046971839309108e-01 2.073680772996648436e+00 0.000000000000000000e+00
-2.507040118101021786e+00 8.111991689615689893e-04 0.000000000000000000e+00 -1.541272783234047539e-01 2.015273229511667097e+00 0.000000000000000000e+00
-1.811875287173473570e+00 2.860778829172346688e-03 0.000000000000000000e+00 3.316679746482741331e-01 1.130844207340411023e+00 0.000000000000000000e+00
-2.693562596628786387e+00 -5.440073806676680446e-03 0.000000000000000000e+00 3.477738585754522327e-02 2.235774482893192694e+00 0.000000000000000000e+00
-2.258533483306623069e+00 7.039723793202404267e-03 0.000000000000000000e+00 -2.310929256447256108e-01 1.713249160327780407e+00 0.000000000000000000e+00
-2.235527103794092696e+00 -2.366118292516081190e-03 0.000000000000000000e+00 2.408004091486653508e-01 1.684138676968315762e+00 0.000000000000000000e+00
-2.697397877074827033e+00 8.620044304381450917e-03 0.000000000000000000e+00 -2.711851953660520884e-02 2.240273334953796436e+00 0.000000000000000000e+00
-1.848305028770140801e+00 5.788777708414950124e-03 0.000000000000000000e+00 -3.206310761292852640e-01 1.182206428374795504e+00 0.000000000000000000e+00
-2.495200727919074879e+00 -5.711254853474484472e-04 0.000000000000000000e+00 1.592471319255578388e-01 2.001070798417646568e+00 0.000000000000000000e+00
-2.574302594071197436e+00 5.037278348141507878e-03 0.000000000000000000e+00 -9.383217805440677295e-02 2.096960113288338867e+00 0.000000000000000000e+00
-1.421203657994447145e+00 -1.227633935845021812e-03 0.000000000000000000e+00 -3.465186929406913752e-01 5.559846169354740741e-01 0.000000000000000000e+00
-2.522098736260870666e+00 -6.006623281231640403e-03 0.000000000000000000e+00 1.216444650391898669e-01 2.035015482562083200e+00 0.000000000000000000e+00
1.087759387426268987e+00 -1.321772446147615300e-04 0.000000000000000000e+00 -1.618192357411130655e-01 4.159659723838889100e-02 0.000000000000000000e+00
-2.344772308431681829e+00 -1.399600163210168446e-03 0.000000000000000000e+00 -6.227334519021826553e-02 1.830060946476002037e+00 0.000000000000000000e+00
-2.087422250768860899e+00 2.504441600924354160e-03 0.000000000000000000e+00 -1.963252767347268835e-01 1.509634167300110574e+00 0.000000000000000000e+00
-1.415244977208056643e+00 -3.377133996434866087e-04 0.000000000000000000e+00 -3.187571754842822846e-01 5.626837640579234190e-01 0.000000000000000000e+00
-1.956052688397944994e+00 -6.249130144242219173e-03 0.000000000000000000e+00 2.346444300620150192e-01 1.340026056988408154e+00 0.000000000000000000e+00
-2.301634608231464707e+00 4.249757785893969533e-03 0.000000000000000000e+00 1.021720297748110740e-01 1.777112382050980210e+00 0.000000000000000000e+00
-2.329421966316380654e+00 4.043966941319369207e-03 0.000000000000000000e+00 -1.983052011231582756e-02 1.812868559827617521e+00 0.000000000000000000e+00
-2.200884985820100503e+00 1.726000567887096826e-03 0.000000000000000000e+00 -1.376318608283197409e-01 1.654014060916542128e+00 0.000000000000000000e+00
-1.829483647659060352e+00 -1.995858236701592014e-03 0.000000000000000000e+00 -2.649572735074384733e-01 1.171368720760504356e+00 0.000000000000000000e+00
-1.479285747493987557e+00 1.076952155458985039e-04 0.000000000000000000e+00 3.150121222667592313e-01 6.657092446754402371e-01 0.000000000000000000e+00
-2.041322865798499642e+00 -5.493382388093451252e-03 0.000000000000000000e+00 1.996387418379160783e-01 1.452243473372115012e+00 0.000000000000000000e+00
-2.290470668996816173e+00 -1.224632389837804203e-03 0.000000000000000000e+00 8.152598627838084089e-02 1.764901236048311395e+00 0.000000000000000000e+00
-2.275624665584899287e+00 -7.673157221292109531e-03 0.000000000000000000e+00 -2.279273855639833701e-02 1.748989641043697807e+00 0.000000000000000000e+00
-2.214521051952706543e+00 5.289666234496928979e-03 0.000000000000000000e+00 -1.006667405127433801e-01 1.673083497450680968e+00 0.000000000000000000e+00
-2.004454466805769997e+00 2.018500027991809720e-04 0.000000000000000000e+00 -2.009927690578797166e-01 1.406166083757352192e+00 0.000000000000000000e+00
-1.618495645207300049e+00 1.545153213062574159e-03 0.000000000000000000e+00 -2.942089836429806482e-01 8.779446489065052539e-01 0.000000000000000000e+00
-1.550663075004177216e+00 -5.017532409123948156e-04 0.000000000000000000e+00 3.031374464966503091e-01 7.775219630614553790e-01 0.000000000000000000e+00
-1.969098263645472802e+00 -5.511544050475852830e-03 0.000000000000000000e+00 2.091114470678928083e-01 1.360671499934601680e+00 0.000000000000000000e+00
-2.196781791601037703e+00 -7.618516358826446511e-03 0.000000000000000000e+00 1.103494671908572256e-01 1.651130778159237922e+00 0.000000000000000000e+00
-2.277559102594297613e+00 2.487492061349273753e-03 0.000000000000000000e+00 2.837723526399482318e-02 1.751197647601283380e+00 0.000000000000000000e+00
-2.338455194323243003e+00 -7.034671763852470144e-03 0.000000000000000000e+00 -9.243435929849877497e-02 1.821324578700035168e+00 0.000000000000000000e+00
-1.979933752825828730e+00 -3.173664170005047885e-03 0.000000000000000000e+00 -2.397686548949209129e-01 1.369262124228134647e+00 0.000000000000000000e+00
-1.479704269362349223e+00 -2.170393612170515296e-03 0.000000000000000000e+00 3.208264049439781829e-01 6.635757963530848347e-01 0.000000000000000000e+00
-2.152823339640711708e+00 -1.656029450880419640e-03 0.000000000000000000e+00 1.802641271458146899e-01 1.591619609448351902e+00 0.000000000000000000e+00
-2.382170252705537727e+00 2.963220912700348375e-03 0.000000000000000000e+00 3.850233567357377873e-02 1.874810816010535675e+00 0.000000000000000000e+00
-2.333520663734328870e+00 7.884756748200438814e-04 0.000000000000000000e+00 -1.122829625957165040e-01 1.814351110179885485e+00 0.000000000000000000e+00
-1.820087458038460282e+00 -4.251619420212966738e-03 0.000000000000000000e+00 -2.865163576782853716e-01 1.153941663899812120e+00 0.000000000000000000e+00
-1.837582323229499437e+00 4.768053525734002734e-03 0.000000000000000000e+00 2.832073665704183396e-01 1.177709192088271628e+00 0.000000000000000000e+00
-2.339405349032667836e+00 -1.980753709300959141e-03 0.000000000000000000e+00 1.077936511685858578e-01 1.821593880153429712e+00 0.000000000000000000e+00
-2.374538903550222457e+00 1.818241193296930500e-03 0.000000000000000000e+00 -3.632856835041848448e-02 1.865870341642898111e+00 0.000000000000000000e+00
-2.151058475519595614e+00 5.920388582131660971e-03 0.000000000000000000e+00 -1.753944204871058510e-01 1.590025650175705962e+00 0.000000000000000000e+00
-1.511325536409872994e+00 3.523906536611526308e-03 0.000000000000000000e+00 -3.182057167069283210e-01 7.129597792033142145e-01 0.000000000000000000e+00
-1.946606240497326334e+00 7.040982692150740685e-04 0.000000000000000000e+00 2.455281083832082656e-01 1.326088385022113236e+00 0.000000000000000000e+00
-2.318702045618929120e+00 -6.488609294094782598e-03 0.000000000000000000e+00 9.169090161177305409e-02 1.797956588845902370e+00 0.000000000000000000e+00
-2.330056954666202440e+00 8.134213565889770320e-03 0.000000000000000000e+00 -2.209847129738839663e-02 1.813607531784529048e+00 0.000000000000000000e+00
-2.187724800992571161e+00 -1.563640802166414712e-04 0.000000000000000000e+00 -1.460699417107249876e-01 1.637400947537448914e+00 0.000000000000000000e+00
-1.796730619626542236e+00 -2.185613572055745968e-03 0.000000000000000000e+00 -2.727981433172683157e-01 1.126522586553371230e+00 0.000000000000000000e+00
-1.536487160006828390e+00 5.883741815802742692e-04 0.000000000000000000e+00 3.122778732091056053e-01 7.530312633249935939e-01 0.000000000000000000e+00
-2.068359629221663276e+00 -2.622114495203622941e-03 0.000000000000000000e+00 1.927067943922421422e-01 1.486613545714766227e+00 0.000000000000000000e+00
-2.301334250768848122e+00 6.550182736059825817e-03 0.000000000000000000e+00 7.875481285408315879e-02 1.777955127729858864e+00 0.000000000000000000e+00
-2.222054027860210113e+00 -4.332050036906856527e-03 0.000000000000000000e+00 -1.394948665180862496e-02 1.685082448057794391e+00 0.000000000000000000e+00
-2.218914400188078062e+00 -4.194878337941340685e-04 0.000000000000000000e+00 -7.407173075339330837e-02 1.679739383224600147e+00 0.000000000000000000e+00
-2.102893873880547382e+00 4.454771105746158089e-03 0.000000000000000000e+00 -1.458942059106079492e-01 1.534292862575648453e+00 0.000000000000000000e+00
-1.890211147895919375e+00 -2.792139892406453328e-03 0.000000000000000000e+00 -2.295245588499220113e-01 1.257139206494993333e+00 0.000000000000000000e+00
-1.553294936026420991e+00 1.106989056863641463e-03 0.000000000000000000e+00 -2.971482165200426961e-01 7.836609490451911242e-01 0.000000000000000000e+00
-1.474740532110108582e+00 -1.817778372309036827e-03 0.000000000000000000e+00 3.031551354528125852e-01 6.642645322347616732e-01 0.000000000000000000e+00
-1.844486322267018030e+00 8.101983850171412538e-04 0.000000000000000000e+00 2.411429788424819254e-01 1.195988198369551281e+00 0.000000000000000000e+00
-2.073289003537502673e+00 3.515738449989938563e-03 0.000000000000000000e+00 1.651238023343274408e-01 1.495999123139095444e+00 0.000000000000000000e+00
-2.205742583761935105e+00 5.266443012046807121e-03 0.000000000000000000e+00 9.031412920565216884e-02 1.663124228111434011e+00 0.000000000000000000e+00
-2.234587737878238833e+00 6.606719609538791449e-03 0.000000000000000000e+00 2.359029783255521540e-02 1.699992545765346419e+00 0.000000000000000000e+00
-2.349665016330770406e+00 -2.522841687374387937e-03 0.000000000000000000e+00 -8.601267349337154977e-02 1.834886018069936231e+00 0.000000000000000000e+00
-1.984020503309852357e+00 2.030580990241816208e-03 0.000000000000000000e+00 -2.369541138038326333e-01 1.374895950271459943e+00 0.000000000000000000e+00
-1.511541316376834754e+00 1.654422914475733863e-03 0.000000000000000000e+00 3.225044544029553872e-01 7.113487722495462906e-01 0.000000000000000000e+00
-2.179213787053543516e+00 1.814411104016588894e-03 0.000000000000000000e+00 1.754090456458359815e-01 1.624210187633302382e+00 0.000000000000000000e+00
-2.393709636922427997e+00 -7.036905537676496625e-03 0.000000000000000000e+00 1.992261158739380700e-02 1.888678615268684524e+00 0.000000000000000000e+00
-2.307139557435692989e+00 1.554715592312044814e-03 0.000000000000000000e+00 -1.222738151078599927e-01 1.782388127157582325e+00 0.000000000000000000e+00
-1.779618276888193851e+00 8.743750039341691149e-06 0.000000000000000000e+00 -2.903664766833962685e-01 1.099391884396988317e+00 0.000000000000000000e+00
-1.851822259751347177e+00 -3.501675272299317743e-04 0.000000000000000000e+00 2.752267917719953827e-01 1.198168767674383517e+00 0.000000000000000000e+00
-2.331478908441950271e+00 5.297025282347508565e-03 0.000000000000000000e+00 1.134916492114152325e-01 1.811864607094752611e+00 0.000000000000000000e+00
-2.370961879544889683e+00 -4.741213952455056863e-03 0.000000000000000000e+00 -3.900990883218360961e-02 1.861609115521697166e+00 0.000000000000000000e+00
-2.159912454626741862e+00 -3.481763314541544418e-04 0.000000000000000000e+00 -1.749866305545254852e-01 1.600829639775983360e+00 0.000000000000000000e+00
-1.558185921637165627e+00 -2.806938250005004687e-04 0.000000000000000000e+00 -3.162705405646183965e-01 7.833083007988843605e-01 0.000000000000000000e+00
-1.907414998977034148e+00 -4.511169321519318751e-03 0.000000000000000000e+00 2.512166491312435856e-01 1.275058318730908358e+00 0.000000000000000000e+00
-2.297034716580034885e+00 7.805869510624272034e-03 0.000000000000000000e+00 1.142888632066714621e-01 1.770915192712684050e+00 0.000000000000000000e+00
-2.350424412565297327e+00 -3.455986773294866810e-04 0.000000000000000000e+00 -2.188580563787793226e-02 1.837666154056890822e+00 0.000000000000000000e+00
-2.201560477822800621e+00 1.774698972059073759e-03 0.000000000000000000e+00 -1.463182999429113451e-01 1.654085866693552287e+00 0.000000000000000000e+00
-1.759141244057276676e+00 5.006920691440208682e-05 0.000000000000000000e+00 -2.829815072760475392e-01 1.074019549078820024e+00 0.000000000000000000e+00
-1.661508942970906233e+00 3.297962905900911346e-03 0.000000000000000000e+00 3.020562502952487405e-01 9.355281806045682158e-01 0.000000000000000000e+00
-2.159046334225770636e+00 1.927320498840130389e-03 0.000000000000000000e+00 1.677957299085814646e-01 1.600548616823631365e+00 0.000000000000000000e+00
-2.346054660450953566e+00 -6.362338738765779822e-03 0.000000000000000000e+00 3.315914375300427902e-02 1.832347353305775250e+00 0.000000000000000000e+00
-2.348159392490716701e+00 -1.629618248413816639e-03 0.000000000000000000e+00 -1.019160370413332573e-01 1.832290970563241750e+00 0.000000000000000000e+00
-1.887021918793922337e+00 -4.168860000447825731e-03 0.000000000000000000e+00 -2.708608692046460265e-01 1.244776392727038772e+00 0.000000000000000000e+00
-1.749660756975295772e+00 -1.556274972365261078e-03 0.000000000000000000e+00 2.955552774097602309e-01 1.057894999614525489e+00 0.000000000000000000e+00
-2.300796456326749340e+00 7.906088767603413475e-03 0.000000000000000000e+00 1.345894610221360366e-01 1.773968237136549497e+00 0.000000000000000000e+00
-2.400538200671560318e+00 -5.481012421946651614e-03 0.000000000000000000e+00 -2.794549048745613440e-02 1.896594062567954264e+00 0.000000000000000000e+00
-2.183779677131042707e+00 4.777796593109021051e-04 0.000000000000000000e+00 -1.741819772079016282e-01 1.629874333574424572e+00 0.000000000000000000e+00
-1.489304778850478073e+00 -1.380277750196541239e-03 0.000000000000000000e+00 -3.239247134265067496e-01 6.768542382940796465e-01 0.000000000000000000e+00
-2.010904038419043527e+00 -1.290470274102992199e-03 0.000000000000000000e+00 2.314194698716726672e-01 1.409558018320537842e+00 0.000000000000000000e+00
-2.365834961091429545e+00 -2.652401567458939624e-04 0.000000000000000000e+00 7.525056610104251253e-02 1.854446694177905641e+00 0.000000000000000000e+00
1.053151995965155852e+00 -2.767990485692716960e-04 0.000000000000000000e+00 -8.863105939229506958e-02 9.725072976638650391e-02 0.000000000000000000e+00
-2.129301210663963051e+00 3.809671437340518552e-03 0.000000000000000000e+00 7.844753110369530671e-03 1.573291429709483547e+00 0.000000000000000000e+00
-1.647810480925554710e+00 9.603297436369777340e-04 0.000000000000000000e+00 1.471118252156204953e-01 9.536675610957972005e-01 0.000000000000000000e+00
-1.666921212227038263e+00 6.418066515994358401e-04 0.000000000000000000e+00 -1.357687531476982623e-01 9.808776823011504664e-01 0.000000000000000000e+00
1.023130258215080080e+00 3.732548724466957265e-04 0.000000000000000000e+00 -9.658434446516980798e-02 1.070458192202308478e-01 0.000000000000000000e+00
8.399990790845470734e-01 6.475459606619235128e-04 0.000000000000000000e+00 -5.577605133458592157e-02 2.949504862357847368e-01 0.000000000000000000e+00
9.302347194837810029e-01 7.148356834105955120e-05 0.000000000000000000e+00 1.150087670568219755e-01 9.608851511653855593e-02 0.000000000000000000e+00
9.600020625191856283e-01 8.673902790415959833e-05 0.000000000000000000e+00 -1.082052097313874472e-01 7.009609955976421614e-02 0.000000000000000000e+00
1.040126164061469627e+00 -1.672287958642234608e-04 0.000000000000000000e+00 1.203818918249872916e-01 4.319573461648711782e-02 0.000000000000000000e+00
-1.426078529291004315e+00 1.225101580214202346e-03 0.000000000000000000e+00 1.882748920403946036e-01 6.346910682167340445e-01 0.000000000000000000e+00
-1.649101439502850930e+00 -2.722565386684368260e-03 0.000000000000000000e+00 6.505415596184967175e-02 9.644706719831518393e-01 0.000000000000000000e+00
-1.649874996626092383e+00 -1.321045513683618070e-03 0.000000000000000000e+00 -6.646339036298290481e-02 9.654000621853796593e-01 0.000000000000000000e+00
-1.429957269696315869e+00 3.428741417252512830e-04 0.000000000000000000e+00 -1.865274644137531468e-01 6.409057748823367984e-01 0.000000000000000000e+00
-1.153201647662897233e+00 1.112607366899642444e-03 0.000000000000000000e+00 4.386292948868799474e-02 2.538494717791271449e-01 0.000000000000000000e+00
-1.225414506432562556e+00 1.758929363875930910e-03 0.000000000000000000e+00 2.286081585013701595e-02 3.679519990219266568e-01 0.000000000000000000e+00
-1.212086475149860121e+00 -1.101193489277017649e-03 0.000000000000000000e+00 -2.478296189917550754e-02 3.475036138720488665e-01 0.000000000000000000e+00
-1.193091974849043835e+00 -1.287032091139953677e-03 0.000000000000000000e+00 3.300193451705996095e-02 3.176049853270984658e-01 0.000000000000000000e+00
-1.412639334201240437e+00 -3.102082509002982921e-03 0.000000000000000000e+00 -6.234245460386137611e-02 6.399956616305401136e-01 0.000000000000000000e+00
-1.260903863892353982e+00 1.152222557273042654e-03 0.000000000000000000e+00 -1.522205021286138771e-01 3.937406428890771748e-01 0.000000000000000000e+00
-1.350095012145521967e+00 4.709405512188721832e-05 0.000000000000000000e+00 1.194767728658332889e-01 5.403731058485892191e-01 0.000000000000000000e+00
-1.400975833709914298e+00 1.533687601780459389e-03 0.000000000000000000e+00 5.066786120387342662e-02 6.244045510737983307e-01 0.000000000000000000e+00
-1.105866987168150128e+00 5.891813950417296164e-04 0.000000000000000000e+00 1.226084509164946379e-01 1.365515885070054114e-01 0.000000000000000000e+00
-1.038635649956508145e+00 1.797596922798825599e-05 0.000000000000000000e+00 -8.093129537624421665e-02 6.639132331555871146e-03 0.000000000000000000e+00
-1.388931386115746847e+00 2.149749766590186573e-03 0.000000000000000000e+00 -2.092577234583996304e-02 6.089255182554149659e-01 0.000000000000000000e+00
9.057226691778288430e-01 -2.358455530366406145e-04 0.000000000000000000e+00 -5.868016629059814859e-02 1.748868649856448743e-01 0.000000000000000000e+00
-1.000246899947423884e+00 1.629331711197429483e-05 0.000000000000000000e+00 3.437549361998620823e-02 3.257587809740622453e-02 0.000000000000000000e+00
9.079541811416962371e-01 4.992793153226152830e-04 0.000000000000000000e+00 5.287496197373656864e-02 1.731046007612847548e-01 0.000000000000000000e+00
-1.381661040691089637e+00 -9.577113337753985749e-04 0.000000000000000000e+00 2.903452379765423391e-02 5.981773664367309173e-01 0.000000000000000000e+00
-1.176415399011318419e+00 -8.503213998530927131e-04 0.000000000000000000e+00 1.319679573469443312e-01 2.622905083524715852e-01 0.000000000000000000e+00
-1.355563603696708252e+00 2.576276176074917407e-03 0.000000000000000000e+00 -3.260895175681395586e-02 5.603897466953181583e-01 0.000000000000000000e+00
-1.260075132670289033e+00 1.368144387635791479e-03 0.000000000000000000e+00 1.465569839528439201e-02 4.206446912774035041e-01 0.000000000000000000e+00
1.000294680647064061e+00 -1.056974792495945408e-03 0.000000000000000000e+00 -2.801655907078728358e-01 2.323947886193176160e-01 0.000000000000000000e+00
9.169612319231322806e-01 2.347735386467283188e-04 0.000000000000000000e+00 -1.449329787578088891e-01 8.407277893339643038e-02 0.000000000000000000e+00
8.032922021983663896e-01 1.477249342280330738e-03 0.000000000000000000e+00 1.548459061670207082e-01 3.376859562317304220e-01 0.000000000000000000e+00
-1.159671898893428033e+00 -4.074728936446520705e-04 0.000000000000000000e+00 4.088807398095066492e-02 2.645311256470807004e-01 0.000000000000000000e+00
-1.076893650600089458e+00 3.203263188800816374e-04 0.000000000000000000e+00 8.647398810573533878e-02 1.078254563375027619e-01 0.000000000000000000e+00
-1.049917534131116659e+00 -2.405296150839299294e-04 0.000000000000000000e+00 -7.955216985830258769e-02 5.595304990355813579e-02 0.000000000000000000e+00
-1.168155003981860229e+00 5.555483404127876945e-04 0.000000000000000000e+00 -1.325104085700989746e-02 2.805240480492276478e-01 0.000000000000000000e+00
-1.124056144610020347e+00 -1.277446375753683167e-05 0.000000000000000000e+00 -8.080568112691589866e-02 1.960551877850297275e-01 0.000000000000000000e+00
-1.112251789265396695e+00 -3.740374128327546592e-05 0.000000000000000000e+00 8.267894827191291096e-02 1.749870853158398964e-01 0.000000000000000000e+00
-1.167340449637139344e+00 3.411038815508242450e-04 0.000000000000000000e+00 -2.458816130064233468e-02 2.784909883922192519e-01 0.000000000000000000e+00
9.766457467492362099e-01 5.948092834632170544e-04 0.000000000000000000e+00 3.306273422695879538e-02 1.408657270673586703e-01 0.000000000000000000e+00
9.543709045683150816e-01 6.933924875133059065e-05 0.000000000000000000e+00 5.167365293979478413e-02 1.189308274173297153e-01 0.000000000000000000e+00
9.405426871011199896e-01 2.280827366454647905e-04 0.000000000000000000e+00 -4.873361851313345872e-02 1.298845835803613680e-01 0.000000000000000000e+00
6.356844164162305244e-01 2.400066797516854818e-03 0.000000000000000000e+00 2.950853398416090206e-02 7.421720023790969734e-01 0.000000000000000000e+00
7.676493622424804819e-01 1.826741875654926822e-03 0.000000000000000000e+00 -2.091495377664019939e-01 3.917307653278188084e-01 0.000000000000000000e+00
9.019103340286385162e-01 -4.303425874914563153e-04 0.000000000000000000e+00 -2.291936280163800466e-02 1.891183682950906553e-01 0.000000000000000000e+00
8.819468184623202589e-01 8.281125621215686822e-04 0.000000000000000000e+00 7.683324293291665663e-02 2.102576838902397438e-01 0.000000000000000000e+00
6.546853020974735538e-01 -9.530127431464432974e-04 0.000000000000000000e+00 -2.171003805249708263e-01 6.617716329721565760e-01 0.000000000000000000e+00
6.044611905336737534e-01 1.227795584696617787e-03 0.000000000000000000e+00 1.310238412346611050e-02 8.216184549195952869e-01 0.000000000000000000e+00
6.679740841917629623e-01 1.718055123519588237e-03 0.000000000000000000e+00 2.335692316656702849e-01 6.224358518814512298e-01 0.000000000000000000e+00
8.306273940450162874e-01 -5.475970119335699451e-04 0.000000000000000000e+00 -1.714134217777726343e-01 2.678904956000357496e-01 0.000000000000000000e+00
7.550057881583134289e-01 -1.430118283630129120e-04 0.000000000000000000e+00 1.268343142670438350e-01 4.531677344725910106e-01 0.000000000000000000e+00
-9.814604457571065588e-01 7.181825039090009412e-05 0.000000000000000000e+00 -4.140344536123149468e-04 5.740770648650377755e-02 0.000000000000000000e+00
7.543210772452607626e-01 2.187187101459325475e-03 0.000000000000000000e+00 -1.271410898110651444e-01 4.545777884217847564e-01 0.000000000000000000e+00
8.299166825264396863e-01 -1.039282471619823803e-04 0.000000000000000000e+00 1.716066347137537029e-01 2.693865918341707966e-01 0.000000000000000000e+00
6.635517275204052545e-01 1.071331124553098757e-03 0.000000000000000000e+00 -2.299576011451658353e-01 6.349289159500987045e-01 0.000000000000000000e+00
6.048323719339776527e-01 1.158425977174830888e-03 0.000000000000000000e+00 -2.468181641887258904e-03 8.207586800106105862e-01 0.000000000000000000e+00
6.628452480524114065e-01 1.742649850945221599e-03 0.000000000000000000e+00 2.263478339024241892e-01 6.380023473075058238e-01 0.000000000000000000e+00
8.352236261992738164e-01 -6.067026287498687720e-04 0.000000000000000000e+00 -1.638482951499338203e-01 2.622736491355819322e-01 0.000000000000000000e+00
8.529177525823368189e-01 -1.082991155231921229e-03 0.000000000000000000e+00 1.643926193696586546e-01 2.216904160421998005e-01 0.000000000000000000e+00
8.748511506838787533e-01 -5.403160969860330235e-05 0.000000000000000000e+00 -1.109691675485542789e-01 2.085902314249262202e-01 0.000000000000000000e+00
8.701522797976468659e-01 -3.704475755556204015e-04 0.000000000000000000e+00 -2.651294020440545657e-02 2.431778710046331726e-01 0.000000000000000000e+00
8.728584664025669237e-01 5.324566842002075029e-04 0.000000000000000000e+00 5.874563152234283520e-02 2.324917810517361794e-01 0.000000000000000000e+00
9.197537452057924501e-01 -4.108718724246832672e-04 0.000000000000000000e+00 1.408553788483616342e-01 8.320031330515484380e-02 0.000000000000000000e+00
9.988653401904171725e-01 1.346350770049122621e-03 0.000000000000000000e+00 1.596018394176357824e-01 1.068289655186780568e-01 0.000000000000000000e+00
-1.145261450514708512e+00 3.990109952721077741e-04 0.000000000000000000e+00 5.856981490730168299e-02 2.381342702952567447e-01 0.000000000000000000e+00
-1.104430335633863836e+00 6.580155437423167641e-04 0.000000000000000000e+00 8.670842974981286810e-02 1.591780581646119463e-01 0.000000000000000000e+00
-1.175061550444734149e+00 1.079321823350271048e-04 0.000000000000000000e+00 -4.346745847587710904e-03 2.914950032143875380e-01 0.000000000000000000e+00
-1.413149878590544528e+00 6.979289874435232188e-04 0.000000000000000000e+00 -3.655260804872524638e-02 6.427047284642102287e-01 0.000000000000000000e+00
-1.347154110171669750e+00 6.220410449590246110e-04 0.000000000000000000e+00 -1.261555493019348717e-01 5.344752720827425918e-01 0.000000000000000000e+00
-1.333865446351495843e+00 -1.661833158571710163e-03 0.000000000000000000e+00 1.319953785912897359e-01 5.131501491182214325e-01 0.000000000000000000e+00
-1.420172460173233508e+00 8.279873322000301517e-04 0.000000000000000000e+00 3.520594911990697351e-02 6.527359478773258061e-01 0.000000000000000000e+00
1.013956411917174893e+00 2.765331870252690544e-04 0.000000000000000000e+00 -1.645267573160347219e-01 6.643795996868812059e-02 0.000000000000000000e+00
8.559862738120925796e-01 5.187248689025435872e-04 0.000000000000000000e+00 -1.882977721016382833e-01 1.939622327627719967e-01 0.000000000000000000e+00
7.509369484542490758e-01 -9.711991776421985412e-04 0.000000000000000000e+00 -1.516365360381846106e-01 4.545760545698570021e-01 0.000000000000000000e+00
7.106158540217408781e-01 -2.404399294106365770e-03 0.000000000000000000e+00 6.406491261444149932e-02 5.633294834861967137e-01 0.000000000000000000e+00
