-1.197427856816717373e+00 -1.080767462284247180e-03 0.000000000000000000e+00 -9.839575199747194190e-02 3.107073589847891837e-01 0.000000000000000000e+00
-1.242276503202960569e+00 -8.437725489816513824e-04 0.000000000000000000e+00 6.133475191309633451e-02 3.893155525037169662e-01 0.000000000000000000e+00
7.835374669183989838e-01 -5.871924747590465815e-04 0.000000000000000000e+00 -7.608171490282250593e-02 4.041878627880487462e-01 0.000000000000000000e+00
8.881828068950790023e-01 -2.416651923140298924e-05 0.000000000000000000e+00 1.405949246802463137e-01 1.601218630131393816e-01 0.000000000000000000e+00
9.975735731166961440e-01 5.314682470223489746e-05 0.000000000000000000e+00 -4.365487077829168783e-01 1.135750056431306249e-01 0.000000000000000000e+00
-1.143760007811791102e+00 -6.538519570944722505e-04 0.000000000000000000e+00 2.606227650508214158e-02 2.414154558826314967e-01 0.000000000000000000e+00
-1.106830138154680121e+00 -1.742179862813560132e-04 0.000000000000000000e+00 3.203716815780669261e-03 1.849090552678929189e-01 0.000000000000000000e+00
9.535818272424205766e-01 2.291188522645379658e-05 0.000000000000000000e+00 9.854532391043172024e-02 8.450544944073531961e-02 0.000000000000000000e+00
9.282793080565717725e-01 -1.248869716949140354e-04 0.000000000000000000e+00 -1.072782926858833752e-01 1.079042854596761192e-01 0.000000000000000000e+00
8.625657819118035530e-01 4.779530922485956262e-04 0.000000000000000000e+00 5.757604554821878218e-02 2.517255173021967218e-01 0.000000000000000000e+00
7.867477692843739545e-01 7.838992269151318776e-04 0.000000000000000000e+00 6.785704430407622778e-02 3.990167580733305908e-01 0.000000000000000000e+00
8.273546611604587486e-01 -1.035747718815946926e-03 0.000000000000000000e+00 -8.638353079481728147e-02 3.125613404100344161e-01 0.000000000000000000e+00
8.592752421674504371e-01 9.432502589693089658e-04 0.000000000000000000e+00 1.142113425968136337e-01 2.382676901423093074e-01 0.000000000000000000e+00
6.313289725706470179e-01 -2.860283684976423595e-04 0.000000000000000000e+00 -7.871437572190500068e-03 7.534991533060426683e-01 0.000000000000000000e+00
9.305617247244808432e-01 -1.143128542874043661e-07 0.000000000000000000e+00 1.490193217917508972e-01 1.001991865213151117e-02 0.000000000000000000e+00
-1.067577825624624221e+00 -1.214834413422287429e-06 0.000000000000000000e+00 5.598842511585662429e-02 1.103087163080405247e-01 0.000000000000000000e+00
-1.044348186547141566e+00 -2.631259291751954568e-04 0.000000000000000000e+00 -5.998739568320503313e-02 6.576110881685487408e-02 0.000000000000000000e+00
8.568215666365504024e-01 -8.033805055229969669e-04 0.000000000000000000e+00 -2.465456352340205520e-02 2.675932781783531555e-01 0.000000000000000000e+00
-1.401113007633543628e+00 -2.746170586623622109e-03 0.000000000000000000e+00 -1.138884564403616351e-01 6.161899655447824475e-01 0.000000000000000000e+00
-1.424046940533297612e+00 3.708964706003290042e-04 0.000000000000000000e+00 9.641762255972780027e-02 6.520431606687092652e-01 0.000000000000000000e+00
1.019456133621210459e+00 -2.535468449727852104e-04 0.000000000000000000e+00 2.479028954295524334e-02 1.517102903190946372e-01 0.000000000000000000e+00
-1.600336490327422201e+00 -3.313849921183796565e-03 0.000000000000000000e+00 1.533199371598919503e-01 8.884795971712886598e-01 0.000000000000000000e+00
-1.705957174790567521e+00 -4.074937085566503366e-03 0.000000000000000000e+00 -8.935824947047930900e-02 1.037668164903831070e+00 0.000000000000000000e+00
-1.374750106354506229e+00 -2.108490868760769243e-03 0.000000000000000000e+00 2.158275211995663578e-01 5.479716702748367307e-01 0.000000000000000000e+00
-1.733263144626887797e+00 2.089703427004174253e-03 0.000000000000000000e+00 1.361796554438533639e-02 1.077026342514745494e+00 0.000000000000000000e+00
-1.456932778897404246e+00 3.339286154275918767e-03 0.000000000000000000e+00 -1.985031713461212766e-01 6.768292501935507799e-01 0.000000000000000000e+00
-1.714395519013859559e+00 1.295513330184471651e-03 0.000000000000000000e+00 9.939530232208931837e-02 1.047826425490618663e+00 0.000000000000000000e+00
-1.582211974633340956e+00 8.657438658219809326e-04 0.000000000000000000e+00 -1.724693815842699429e-01 8.601075455220934529e-01 0.000000000000000000e+00
-1.794819016028718517e+00 9.667532865352112398e-05 0.000000000000000000e+00 8.054220747030001182e-02 1.153809989817153880e+00 0.000000000000000000e+00
-1.288236488593933693e+00 1.914032625447250821e-03 0.000000000000000000e+00 -2.405453112032506224e-01 3.953753401019930447e-01 0.000000000000000000e+00
-1.822442102003535069e+00 1.387696401298234988e-03 0.000000000000000000e+00 -4.538023657828754720e-02 1.191107048340847907e+00 0.000000000000000000e+00
-1.596129339683241888e+00 1.617537932265963700e-03 0.000000000000000000e+00 1.858573281137303468e-01 8.764704791905771897e-01 0.000000000000000000e+00
-1.688812008046833180e+00 2.774208575731008236e-03 0.000000000000000000e+00 -1.419785752768222831e-01 1.009095833717009727e+00 0.000000000000000000e+00
-1.894302829572800384e+00 -2.694934543590529752e-04 0.000000000000000000e+00 5.555909796027520831e-02 1.281858601793065322e+00 0.000000000000000000e+00
-1.612000703814192804e+00 -3.796933628012401363e-03 0.000000000000000000e+00 2.100805828759426119e-01 8.928591727853137927e-01 0.000000000000000000e+00
-1.553376362458921633e+00 -6.089794984164833766e-04 0.000000000000000000e+00 -2.285107464702924029e-01 8.064511977865156389e-01 0.000000000000000000e+00
-1.880016967326436195e+00 1.548791035177174424e-03 0.000000000000000000e+00 -7.137395643866135952e-02 1.263036049726180110e+00 0.000000000000000000e+00
-1.431848666019969407e+00 -1.431220839983881471e-03 0.000000000000000000e+00 -8.459885302855742195e-02 6.647781816109397113e-01 0.000000000000000000e+00
-1.352305465021696573e+00 2.692573697035675895e-03 0.000000000000000000e+00 1.364293570796597244e-01 5.396177193115949677e-01 0.000000000000000000e+00
-1.405093357798445020e+00 -7.603946368441340253e-04 0.000000000000000000e+00 3.200595388861329771e-02 6.314740630866091387e-01 0.000000000000000000e+00
-1.255319186290968059e+00 -1.628906318866361544e-03 0.000000000000000000e+00 1.697461667809844338e-02 4.133863770202187427e-01 0.000000000000000000e+00
-1.128714705459345158e+00 6.193050834414261935e-04 0.000000000000000000e+00 3.044273757225271146e-02 2.171608121567013550e-01 0.000000000000000000e+00
1.001955001427233594e+00 -1.405381903887369718e-03 0.000000000000000000e+00 -9.256881508947149839e-03 3.630150950495799611e-01 0.000000000000000000e+00
1.003637280057914305e+00 -3.356690241209179647e-04 0.000000000000000000e+00 6.540702772552033084e-02 3.067353285481939085e-01 0.000000000000000000e+00
-1.116700106641929757e+00 8.967683282288254568e-04 0.000000000000000000e+00 7.225928142534067400e-02 1.869610272133642170e-01 0.000000000000000000e+00
-1.241595589990821313e+00 1.400020888649884665e-03 0.000000000000000000e+00 -2.381565929220292796e-02 3.923720270126772602e-01 0.000000000000000000e+00
9.957826479281407517e-01 6.812732002601943129e-04 0.000000000000000000e+00 1.811469467911879516e-01 2.528641104591645705e-01 0.000000000000000000e+00
9.270197221960743139e-01 3.281591883799866993e-04 0.000000000000000000e+00 -8.474240236194786891e-03 1.535200898232956246e-01 0.000000000000000000e+00
-1.175894301250697493e+00 1.386848909052561946e-03 0.000000000000000000e+00 2.276898123588765727e-02 2.918747364124972821e-01 0.000000000000000000e+00
-1.129406797709272325e+00 4.752121673560205650e-04 0.000000000000000000e+00 8.574695589611441848e-02 2.030015925635942908e-01 0.000000000000000000e+00
9.939996331422737974e-01 -6.248097269198771980e-04 0.000000000000000000e+00 4.355811100526262025e-02 2.624965614576014183e-01 0.000000000000000000e+00
-1.116776435600326245e+00 -6.605284635872198974e-04 0.000000000000000000e+00 -2.210349457355860470e-02 1.993374489748001577e-01 0.000000000000000000e+00
9.470824682584739751e-01 2.316124057003621575e-04 0.000000000000000000e+00 9.175042788130367832e-02 9.667593954204845019e-02 0.000000000000000000e+00
9.326681198351053359e-01 5.148134227133574058e-04 0.000000000000000000e+00 -9.612760387546590013e-02 1.110538804184245942e-01 0.000000000000000000e+00
8.980711967491767922e-01 -8.409787942213978879e-04 0.000000000000000000e+00 6.341116960934048419e-02 1.861154265206050318e-01 0.000000000000000000e+00
-1.127454348780002391e+00 -2.263693264599915544e-04 0.000000000000000000e+00 -3.089052589222770519e-03 2.172869681774697581e-01 0.000000000000000000e+00
1.002083492770673212e+00 -6.943461792324311793e-05 0.000000000000000000e+00 9.395029191146297975e-02 1.421549470195774267e-01 0.000000000000000000e+00
-1.187225060567188795e+00 1.183621517996356898e-03 0.000000000000000000e+00 -1.309805516359443048e-02 3.099641596679263422e-01 0.000000000000000000e+00
1.020403887938192700e+00 6.743933180003345261e-04 0.000000000000000000e+00 6.193694377327089995e-02 1.375783663279318836e-01 0.000000000000000000e+00
-1.739507738808530046e+00 -1.254947635238382042e-04 0.000000000000000000e+00 1.178235878455850677e-01 1.078809401462978546e+00 0.000000000000000000e+00
-1.495894695605004987e+00 -2.712577062128795902e-03 0.000000000000000000e+00 -2.193385517812575514e-01 7.271038731901772190e-01 0.000000000000000000e+00
-1.831177670044515704e+00 -2.237795500347639077e-03 0.000000000000000000e+00 6.645715722937671488e-03 1.203094395479142875e+00 0.000000000000000000e+00
-1.440554281170625117e+00 2.920993311164292450e-03 0.000000000000000000e+00 2.314084062774900696e-01 6.419532100569727007e-01 0.000000000000000000e+00
-1.759879777376859522e+00 5.220201402140092761e-03 0.000000000000000000e+00 -1.016149851697207285e-01 1.106972717878693224e+00 0.000000000000000000e+00
-1.372892368878088742e+00 -1.080754861693504487e-04 0.000000000000000000e+00 -1.544878926194221402e-01 5.655554716691699735e-01 0.000000000000000000e+00
-1.515759980164523846e+00 3.848872013280556920e-03 0.000000000000000000e+00 -4.239855400609228442e-02 7.856861865207120932e-01 0.000000000000000000e+00
-1.494395181357358382e+00 2.217048105027475541e-03 0.000000000000000000e+00 7.633897521813214071e-02 7.535385124624491837e-01 0.000000000000000000e+00
-1.316578847761748605e+00 -1.315438348641933403e-03 0.000000000000000000e+00 1.729840922429450867e-01 4.739858313518734434e-01 0.000000000000000000e+00
1.008816778724647589e+00 5.237274126467059577e-05 0.000000000000000000e+00 -1.769350003156010820e-01 1.295324319320059758e-01 0.000000000000000000e+00
8.681357268459946042e-01 5.286216011838461466e-04 0.000000000000000000e+00 -1.939176867665468595e-01 1.548657128435808605e-01 0.000000000000000000e+00
7.426048161202684073e-01 -1.782894310336194388e-03 0.000000000000000000e+00 2.063493025166460437e-01 4.520819523198724155e-01 0.000000000000000000e+00
6.416414465050315208e-01 1.013365766779705281e-03 0.000000000000000000e+00 -6.045164389732446408e-03 7.280695517763826619e-01 0.000000000000000000e+00
7.527329384604557472e-01 1.792872744782665270e-03 0.000000000000000000e+00 -2.060881247936689198e-01 4.283584137063840558e-01 0.000000000000000000e+00
9.303661689588869077e-01 7.233521384706596575e-04 0.000000000000000000e+00 3.232552206484795576e-02 1.460633698727842877e-01 0.000000000000000000e+00
9.762500435348235861e-01 -2.947132738016678571e-04 0.000000000000000000e+00 -6.628287315797146140e-02 1.275702353945291079e-01 0.000000000000000000e+00
-1.210960436698710563e+00 2.508230806601619879e-04 0.000000000000000000e+00 4.609562868466763469e-02 3.435428818592147771e-01 0.000000000000000000e+00
-1.214633230006330944e+00 1.286388113484776552e-03 0.000000000000000000e+00 -4.373477308554094001e-02 3.494972227158678058e-01 0.000000000000000000e+00
8.851639931618016099e-01 -9.007873087422783864e-04 0.000000000000000000e+00 9.908055795464043580e-02 1.944549582925906850e-01 0.000000000000000000e+00
-1.192449940705839317e+00 1.050805640687304567e-03 0.000000000000000000e+00 6.553844904276139027e-02 3.114570939974619090e-01 0.000000000000000000e+00
-1.214098129012486371e+00 -5.735581531643848749e-04 0.000000000000000000e+00 -5.667969470816392602e-02 3.468055312318840677e-01 0.000000000000000000e+00
1.021103888870893428e+00 -6.113329013228746469e-04 0.000000000000000000e+00 6.137198901687496155e-02 1.357135311197053829e-01 0.000000000000000000e+00
-1.777587173996309833e+00 5.606860818805368095e-03 0.000000000000000000e+00 1.109772589557602718e-01 1.129035078177689666e+00 0.000000000000000000e+00
-1.354342794044662179e+00 1.835846184225197950e-03 0.000000000000000000e+00 -2.436390638392599839e-01 5.037129064775827114e-01 0.000000000000000000e+00
-1.834601003775047090e+00 6.029834681972445071e-03 0.000000000000000000e+00 -4.628056597025721752e-02 1.206597059249016723e+00 0.000000000000000000e+00
-1.639107628617692214e+00 9.910995545064985035e-04 0.000000000000000000e+00 1.716740681232000743e-01 9.377949762186845728e-01 0.000000000000000000e+00
-1.645730129814753973e+00 -2.923676607686657991e-03 0.000000000000000000e+00 -1.699407653163240162e-01 9.470485104096797446e-01 0.000000000000000000e+00
-1.835582920056060274e+00 2.542077371013314047e-03 0.000000000000000000e+00 5.446170257869089454e-02 1.207496625255110256e+00 0.000000000000000000e+00
-1.357926531026808714e+00 7.106238649991561407e-04 0.000000000000000000e+00 2.449302131151218642e-01 5.088387246290535515e-01 0.000000000000000000e+00
-1.775313370134352642e+00 -5.450753089902489121e-03 0.000000000000000000e+00 -1.144385610275106963e-01 1.125744944638082279e+00 0.000000000000000000e+00
1.043736959266079456e+00 -2.416022516453157458e-04 0.000000000000000000e+00 7.892833907153090633e-02 1.005774101246818819e-01 0.000000000000000000e+00
-2.197718197613597546e+00 4.589196086037053597e-03 0.000000000000000000e+00 -1.846886181231801455e-02 1.655820607622465523e+00 0.000000000000000000e+00
-2.193164963931055311e+00 3.670837797977208328e-03 0.000000000000000000e+00 -6.857646432166819572e-02 1.649020907909627187e+00 0.000000000000000000e+00
-2.112006616890561794e+00 -2.400944178002656360e-03 0.000000000000000000e+00 -1.329467988350175878e-01 1.546587700468384119e+00 0.000000000000000000e+00
-1.970764037494734833e+00 -3.587059759795077629e-03 0.000000000000000000e+00 -1.953517138182630786e-01 1.364793484632604414e+00 0.000000000000000000e+00
-1.767708103796088004e+00 -4.353919567112909950e-03 0.000000000000000000e+00 -2.561518962796370813e-01 1.092096525795822615e+00 0.000000000000000000e+00
-1.472986967581214834e+00 -3.270158995262027746e-03 0.000000000000000000e+00 -3.013652254119211227e-01 6.623863358475173824e-01 0.000000000000000000e+00
-1.425205215557130645e+00 8.246401666933758645e-04 0.000000000000000000e+00 3.015682075686364483e-01 5.879395197551873231e-01 0.000000000000000000e+00
-1.739098189611419265e+00 -3.353602276928303871e-03 0.000000000000000000e+00 2.581674558062634350e-01 1.053525918428608099e+00 0.000000000000000000e+00
-1.950096834129575019e+00 -3.648021269023818403e-03 0.000000000000000000e+00 1.976763367766693202e-01 1.338458499728886419e+00 0.000000000000000000e+00
-2.097610309671860573e+00 2.178933751406993136e-03 0.000000000000000000e+00 1.404102761550261314e-01 1.528329119844561657e+00 0.000000000000000000e+00
-2.186343755409533518e+00 2.219910768669633438e-03 0.000000000000000000e+00 8.044922295548598279e-02 1.640263955144575014e+00 0.000000000000000000e+00
-2.203449746015253119e+00 1.685592605411276312e-03 0.000000000000000000e+00 2.809879610388284904e-02 1.662569351765386338e+00 0.000000000000000000e+00
-1.759299289660551047e+00 -4.855779272153450121e-03 0.000000000000000000e+00 1.130223728116266924e-01 1.105111865548035199e+00 0.000000000000000000e+00
-1.427143523754867527e+00 2.064464348250458214e-03 0.000000000000000000e+00 -2.349832940016059468e-01 6.205052343676775717e-01 0.000000000000000000e+00
-1.840137056049333530e+00 1.421993972786144908e-03 0.000000000000000000e+00 -2.765915309240947820e-02 1.214203757128754724e+00 0.000000000000000000e+00
-1.595230617776123516e+00 1.147845078975306965e-03 0.000000000000000000e+00 1.916740016316140771e-01 8.739828763587944582e-01 0.000000000000000000e+00
-1.677465174487402955e+00 -4.448417322143699386e-04 0.000000000000000000e+00 -1.574231282896221551e-01 9.916973837826055238e-01 0.000000000000000000e+00
-1.850833978654020440e+00 -3.248018804093560918e-03 0.000000000000000000e+00 5.119710415832752493e-02 1.227046055873154184e+00 0.000000000000000000e+00
-1.434527991015025261e+00 9.977746340325138741e-04 0.000000000000000000e+00 2.408351762292449960e-01 6.294105144030430754e-01 0.000000000000000000e+00
-1.741105215040326559e+00 3.995516227685402821e-03 0.000000000000000000e+00 -1.393267827016654858e-01 1.078342257456899489e+00 0.000000000000000000e+00
-1.891560482347177885e+00 -4.182604121846719702e-04 0.000000000000000000e+00 3.922541907686770413e-02 1.279008792884624990e+00 0.000000000000000000e+00
-1.615454043355137648e+00 -2.020294744336600338e-03 0.000000000000000000e+00 2.056785864290769927e-01 8.986200561173778301e-01 0.000000000000000000e+00
-1.573908078148240186e+00 -3.128263462886568536e-03 0.000000000000000000e+00 -2.207083775685708682e-01 8.374316678797288915e-01 0.000000000000000000e+00
-1.883395823235187061e+00 -3.923313506874005763e-03 0.000000000000000000e+00 -5.468466837509262934e-02 1.268143335971227970e+00 0.000000000000000000e+00
-1.718856724045042306e+00 -5.480134932637284462e-04 0.000000000000000000e+00 1.407784861945046428e-01 1.048948952843196114e+00 0.000000000000000000e+00
-1.518676639396643768e+00 1.140444365428620530e-03 0.000000000000000000e+00 -2.169393908989908637e-01 7.604907044992279541e-01 0.000000000000000000e+00
-1.847878122684466717e+00 2.251103467635795496e-03 0.000000000000000000e+00 -4.501772211418751668e-03 1.224350870453966733e+00 0.000000000000000000e+00
-1.554392659223539308e+00 -3.985606151691266363e-03 0.000000000000000000e+00 2.050113873515562457e-01 8.141774620310717747e-01 0.000000000000000000e+00
-1.700054725153338442e+00 9.851147128892307619e-04 0.000000000000000000e+00 -1.494588919139681338e-01 1.022918650904162341e+00 0.000000000000000000e+00
-1.864850467141728085e+00 5.823565832209290360e-04 0.000000000000000000e+00 5.185172600903382306e-02 1.244799406960616972e+00 0.000000000000000000e+00
-1.500429322600374871e+00 1.384660063737851166e-03 0.000000000000000000e+00 2.323766370974034712e-01 7.296146255508838552e-01 0.000000000000000000e+00
-1.695924509133568847e+00 3.411472117998547160e-03 0.000000000000000000e+00 -1.678170879183799591e-01 1.014586397560007569e+00 0.000000000000000000e+00
-1.890591613963983564e+00 4.213104549056198578e-03 0.000000000000000000e+00 1.308214107831811440e-02 1.278328848457373823e+00 0.000000000000000000e+00
-1.657707588904435259e+00 -3.959485976377956351e-03 0.000000000000000000e+00 1.851131756379833515e-01 9.603689902085666974e-01 0.000000000000000000e+00
-1.549545954351330135e+00 3.609864027329275082e-03 0.000000000000000000e+00 -2.196864872330066554e-01 8.035121132376465969e-01 0.000000000000000000e+00
-1.874557691535663650e+00 -5.704494035106750030e-03 0.000000000000000000e+00 -4.840190568983207542e-02 1.257236882409527023e+00 0.000000000000000000e+00
-1.714423055587566580e+00 -1.109599343562889251e-03 0.000000000000000000e+00 1.484316007831314732e-01 1.042050684724280529e+00 0.000000000000000000e+00
-1.512323019058860574e+00 3.182926756529078083e-03 0.000000000000000000e+00 -2.205578180947839195e-01 7.503638670618333339e-01 0.000000000000000000e+00
-1.855069925164751332e+00 3.563645683013150212e-03 0.000000000000000000e+00 -1.757396818187526716e-02 1.233364774485049775e+00 0.000000000000000000e+00
-1.617233321982758820e+00 -3.803417637628443877e-04 0.000000000000000000e+00 1.879306752465095820e-01 9.049267793679873773e-01 0.000000000000000000e+00
-1.646203898133570043e+00 -5.004086823429919340e-04 0.000000000000000000e+00 -1.772370699086215085e-01 9.463486839620174340e-01 0.000000000000000000e+00
-1.856248433426227695e+00 -6.013009257878419722e-03 0.000000000000000000e+00 2.561008280686571936e-02 1.234727083320565244e+00 0.000000000000000000e+00
-1.494938605607696758e+00 6.991748600704283945e-04 0.000000000000000000e+00 2.277944139619889896e-01 7.231154481339885365e-01 0.000000000000000000e+00
-1.718347596910977604e+00 -3.418006611061549793e-03 0.000000000000000000e+00 -1.516774102613989705e-01 1.046762650799319516e+00 0.000000000000000000e+00
-1.878747604196255860e+00 -4.687121613087173733e-03 0.000000000000000000e+00 3.747857379719482518e-02 1.262901845721460692e+00 0.000000000000000000e+00
-1.566571506067057751e+00 1.620003491406694918e-03 0.000000000000000000e+00 2.184048153462220254e-01 8.277750436647068888e-01 0.000000000000000000e+00
-1.640452643453790049e+00 3.178458034449875569e-03 0.000000000000000000e+00 -1.925699590531375904e-01 9.355590952757336654e-01 0.000000000000000000e+00
-1.889644514310302670e+00 -4.072723192072184861e-03 0.000000000000000000e+00 -2.099232135780833286e-02 1.277029955261977268e+00 0.000000000000000000e+00
-1.708265751166130331e+00 4.477957776104534229e-04 0.000000000000000000e+00 1.634025900107231588e-01 1.031664607585841331e+00 0.000000000000000000e+00
-1.483903450159634652e+00 1.797021067718070075e-03 0.000000000000000000e+00 -2.335163178304440756e-01 7.052212058299858199e-01 0.000000000000000000e+00
-1.861320971198555441e+00 4.784742594554830530e-03 0.000000000000000000e+00 -4.939056561610855045e-02 1.240434625793039647e+00 0.000000000000000000e+00
-1.694382050313073762e+00 -1.739234466239622523e-03 0.000000000000000000e+00 1.502047868933320540e-01 1.015296151253961332e+00 0.000000000000000000e+00
-1.566060905785893187e+00 -1.822081004742390209e-03 0.000000000000000000e+00 -2.034250072736864257e-01 8.308722615549039014e-01 0.000000000000000000e+00
-1.844931968166022340e+00 4.704792532546550436e-03 0.000000000000000000e+00 1.739104394767595693e-02 1.220499339001178907e+00 0.000000000000000000e+00
-1.485189949277136101e+00 7.433366111183579983e-04 0.000000000000000000e+00 2.255138112459530997e-01 7.096909789731058460e-01 0.000000000000000000e+00
-1.735407750544039507e+00 -1.584914123247294082e-03 0.000000000000000000e+00 -1.321023051380054714e-01 1.071792817077750204e+00 0.000000000000000000e+00
-1.934083078076133555e+00 6.594594140485717307e-04 0.000000000000000000e+00 4.472207929933662285e-02 1.332229088366264413e+00 0.000000000000000000e+00
-1.741624350343272010e+00 4.926852717500422585e-03 0.000000000000000000e+00 1.798127833140182041e-01 1.073022242742391219e+00 0.000000000000000000e+00
-1.199398070052775989e+00 -7.675018652830395242e-04 0.000000000000000000e+00 -2.363379368762695554e-01 2.288022091598739260e-01 0.000000000000000000e+00
-1.759153678626109052e+00 -7.763726115017632878e-04 0.000000000000000000e+00 -1.697101471330657030e-01 1.097639044613063497e+00 0.000000000000000000e+00
-1.938780910357367882e+00 5.495020865933415016e-03 0.000000000000000000e+00 -3.328274205268267477e-02 1.338447255294695770e+00 0.000000000000000000e+00
-1.784835837177845885e+00 5.162978182952485118e-03 0.000000000000000000e+00 1.251592947069535833e-01 1.136937801692852190e+00 0.000000000000000000e+00
-1.269339435541915861e+00 -1.546415013527856555e-03 0.000000000000000000e+00 -2.462027605164970323e-01 3.582768220864561703e-01 0.000000000000000000e+00
-1.821852851336238643e+00 -6.915041697479716587e-05 0.000000000000000000e+00 -9.486402391062340178e-02 1.187438957809109574e+00 0.000000000000000000e+00
1.022630051138934570e+00 4.269108304190895754e-04 0.000000000000000000e+00 -4.713765252794197003e-02 1.373224703354531395e-01 0.000000000000000000e+00
-1.414997591460291915e+00 -1.103343659272027280e-03 0.000000000000000000e+00 -3.153501680945680011e-03 6.463356196978239376e-01 0.000000000000000000e+00
-1.686555257755824933e+00 2.450863589594485387e-03 0.000000000000000000e+00 1.282578814329071171e-01 1.007947417663967560e+00 0.000000000000000000e+00
-1.621882084086693432e+00 1.688400915396574137e-03 0.000000000000000000e+00 -1.601653936535053779e-01 9.165562758129137677e-01 0.000000000000000000e+00
-1.838215965078143554e+00 3.500346549833638354e-03 0.000000000000000000e+00 7.398846556295510246e-02 1.209819982536241678e+00 0.000000000000000000e+00
-1.360536440358666166e+00 -1.509731584290047168e-03 0.000000000000000000e+00 2.473623071965664610e-01 5.118564611283172860e-01 0.000000000000000000e+00
-1.765944880325299060e+00 -3.752171012489414342e-03 0.000000000000000000e+00 -1.310936999262905522e-01 1.111758607512582042e+00 0.000000000000000000e+00
-1.917600266632148553e+00 -3.726837835990481906e-03 0.000000000000000000e+00 3.869643796309459038e-02 1.311774492042928619e+00 0.000000000000000000e+00
-1.696469691233912336e+00 -7.943766161223084037e-04 0.000000000000000000e+00 1.873491530724526732e-01 1.011886189771607603e+00 0.000000000000000000e+00
-1.394240210535802715e+00 -6.201358845785778784e-04 0.000000000000000000e+00 -2.567405512855187033e-01 5.608694683852443186e-01 0.000000000000000000e+00
-1.829587532393952332e+00 -1.718692625449030204e-03 0.000000000000000000e+00 -1.240483718475554192e-01 1.194666086313792563e+00 0.000000000000000000e+00
-1.950313984382895161e+00 2.974050467538819076e-03 0.000000000000000000e+00 1.641803336662825755e-02 1.353150025898312236e+00 0.000000000000000000e+00
-1.807483656087495838e+00 5.067658147107204081e-03 0.000000000000000000e+00 1.483034506548632780e-01 1.163449868012454758e+00 0.000000000000000000e+00
-1.366787427440886660e+00 -1.742369031604705520e-03 0.000000000000000000e+00 2.599429258370410389e-01 5.156939648767677742e-01 0.000000000000000000e+00
-1.685928073804193073e+00 4.913194873670742591e-04 0.000000000000000000e+00 -1.973738212109517887e-01 9.958780906103343877e-01 0.000000000000000000e+00
-1.917598067932871686e+00 2.955290264668189448e-03 0.000000000000000000e+00 -6.137539610332337636e-02 1.310904979204933429e+00 0.000000000000000000e+00
1.044987625503786433e+00 8.609025415950836459e-06 0.000000000000000000e+00 -1.080453579317074558e-01 6.882942471645511762e-02 0.000000000000000000e+00
-1.307930143437467274e+00 -6.094780842216974276e-04 0.000000000000000000e+00 8.590823417053448929e-02 4.843172875558087731e-01 0.000000000000000000e+00
-1.279529290712361655e+00 1.914950956376976210e-03 0.000000000000000000e+00 -1.028628537112608043e-01 4.379779916144977969e-01 0.000000000000000000e+00
-1.374658883831627598e+00 1.533139328460976503e-04 0.000000000000000000e+00 -1.253005527478025516e-01 5.753350627048086086e-01 0.000000000000000000e+00
-1.425431236557597181e+00 1.009905106385738938e-03 0.000000000000000000e+00 9.176930924159301672e-02 6.546969474959457580e-01 0.000000000000000000e+00
1.012807757405551401e+00 8.212579103282726571e-04 0.000000000000000000e+00 -1.990404385432414242e-02 1.826539474369595906e-01 0.000000000000000000e+00
-1.220728797933020360e+00 -1.655973335549762275e-03 0.000000000000000000e+00 -9.558934621940501364e-02 3.486468526623693887e-01 0.000000000000000000e+00
-1.269167239031664174e+00 2.009141755949603141e-03 0.000000000000000000e+00 2.940064526809873374e-02 4.334694644268148878e-01 0.000000000000000000e+00
-1.396417542659647015e+00 2.455753373630397210e-03 0.000000000000000000e+00 -1.488638473710929798e-02 6.197705076825081871e-01 0.000000000000000000e+00
8.762663894588060831e-01 -3.015430568524355565e-04 0.000000000000000000e+00 -1.475789980589677919e-01 1.812488124742565043e-01 0.000000000000000000e+00
7.641794936597041676e-01 -1.950058166288492698e-03 0.000000000000000000e+00 -2.496276047363615858e-02 4.505867199157959080e-01 0.000000000000000000e+00
8.462042492469508126e-01 -4.049693069076194677e-04 0.000000000000000000e+00 1.443107169138178603e-01 2.497672999556012630e-01 0.000000000000000000e+00
6.549614376973826868e-01 -1.769358254417176951e-03 0.000000000000000000e+00 -2.130222999509698012e-01 6.623786999358936001e-01 0.000000000000000000e+00
6.064858065491312011e-01 -1.620126874727236335e-03 0.000000000000000000e+00 2.977740299449431471e-02 8.159301806256262779e-01 0.000000000000000000e+00
6.833761840647458730e-01 -2.097115237108260200e-04 0.000000000000000000e+00 2.470318173084533331e-01 5.782738221358194597e-01 0.000000000000000000e+00
7.882455089037387896e-01 1.505447439221872883e-03 0.000000000000000000e+00 -2.224589431340150969e-01 3.345016015864079595e-01 0.000000000000000000e+00
7.405154882180028375e-01 -9.942690437860393464e-04 0.000000000000000000e+00 2.116419403209921501e-01 4.545992956246892591e-01 0.000000000000000000e+00
6.385877665941253056e-01 6.052865148593279329e-04 0.000000000000000000e+00 -4.389920100044224227e-02 7.342875733071512201e-01 0.000000000000000000e+00
9.100899510186750696e-01 -2.736683080494237748e-04 0.000000000000000000e+00 -9.774587402301061767e-03 1.774025982985009964e-01 0.000000000000000000e+00
8.905249672880612977e-01 6.243052470640153171e-04 0.000000000000000000e+00 1.328508850004203601e-01 1.615499015644930592e-01 0.000000000000000000e+00
9.979330722736055037e-01 -6.015425071078111955e-04 0.000000000000000000e+00 -4.094549456584175018e-01 4.580774952929513033e-02 0.000000000000000000e+00
-1.140528625323556700e+00 -6.724577967322353106e-04 0.000000000000000000e+00 3.067041357057467138e-02 2.358121955235539802e-01 0.000000000000000000e+00
8.637632482533992295e-01 2.996041590157920431e-04 0.000000000000000000e+00 7.451930073498469302e-03 2.559705286137045066e-01 0.000000000000000000e+00
8.571080823535387472e-01 -7.040984337877173420e-04 0.000000000000000000e+00 7.142421170941910813e-02 2.585415237614849815e-01 0.000000000000000000e+00
7.912461628711554562e-01 -1.172771821603578110e-03 0.000000000000000000e+00 -7.949474396615205385e-02 3.875727333878603020e-01 0.000000000000000000e+00
9.006416179456065985e-01 -1.742139084613080185e-04 0.000000000000000000e+00 -7.373547022494708614e-03 1.923443792718307066e-01 0.000000000000000000e+00
8.505736090596307530e-01 8.453196969256853224e-04 0.000000000000000000e+00 -1.982394557459704609e-02 2.796019212655632691e-01 0.000000000000000000e+00
8.675085094445031952e-01 -4.755386883653241192e-04 0.000000000000000000e+00 7.894126035247500672e-02 2.364890870925356048e-01 0.000000000000000000e+00
7.203649308498121240e-01 -1.073630099622425657e-03 0.000000000000000000e+00 -7.770713950300814354e-02 5.397591725245858285e-01 0.000000000000000000e+00
7.776796303464026394e-01 -8.238765069572169530e-04 0.000000000000000000e+00 1.669693056300277090e-01 3.889810788178699186e-01 0.000000000000000000e+00
8.039674582298108607e-01 4.085220566404073467e-04 0.000000000000000000e+00 2.032473835910501569e-01 3.093303054386868922e-01 0.000000000000000000e+00
6.568909018682511647e-01 -4.227569790767838828e-04 0.000000000000000000e+00 -2.116384063082493439e-01 6.579653462169441358e-01 0.000000000000000000e+00
6.101704913111432038e-01 1.086950322199162038e-04 0.000000000000000000e+00 4.692577012323524699e-02 8.056287034724132212e-01 0.000000000000000000e+00
7.097928919036406992e-01 -9.473764272945345982e-04 0.000000000000000000e+00 2.595042860284723640e-01 5.061453485761033821e-01 0.000000000000000000e+00
7.692738449366676168e-01 -5.464463181204482975e-04 0.000000000000000000e+00 -2.401288594538797394e-01 3.695013998727484372e-01 0.000000000000000000e+00
6.474851607372387186e-01 9.966488896472162906e-04 0.000000000000000000e+00 1.091656653580225789e-01 7.054556885327709637e-01 0.000000000000000000e+00
7.027006596380700465e-01 7.550195619486551463e-04 0.000000000000000000e+00 -2.025201580598417761e-01 5.485164362872103627e-01 0.000000000000000000e+00
7.198220767786174257e-01 1.653024665821348910e-04 0.000000000000000000e+00 2.162812412606693324e-01 5.019100259180548917e-01 0.000000000000000000e+00
6.435974879631076728e-01 2.809447490098349130e-03 0.000000000000000000e+00 -1.167668473698257880e-01 7.138196999531114528e-01 0.000000000000000000e+00
7.295261911413710720e-01 -1.364733453922406959e-03 0.000000000000000000e+00 2.385995788513130267e-01 4.679222392797539043e-01 0.000000000000000000e+00
6.642933210691326362e-01 2.231867245632707976e-03 0.000000000000000000e+00 -2.067558546917068196e-01 6.409856327973618706e-01 0.000000000000000000e+00
6.267682832007416271e-01 2.674863444048623806e-03 0.000000000000000000e+00 1.024290301572161888e-01 7.580242510535628586e-01 0.000000000000000000e+00
8.825749526649686594e-01 -2.273448069626095649e-04 0.000000000000000000e+00 1.989048854860512860e-01 1.002180119350584986e-01 0.000000000000000000e+00
-1.088640688397739531e+00 4.017806679550983695e-04 0.000000000000000000e+00 -3.808350221320107309e-02 1.517517625282814586e-01 0.000000000000000000e+00
-1.077567357279866744e+00 2.151274732103622411e-04 0.000000000000000000e+00 -2.952896682489750124e-02 1.360251315999536637e-01 0.000000000000000000e+00
