-1.260747182719489157e+00 -1.834471585521215559e-03 0.000000000000000000e+00 9.648094702960710589e-02 4.106859477505493405e-01 0.000000000000000000e+00
-1.342591429508538159e+00 2.386004553308580974e-03 0.000000000000000000e+00 -4.615317447548139898e-03 5.424953010101893902e-01 0.000000000000000000e+00
-1.253197200148373769e+00 1.867612116925020061e-03 0.000000000000000000e+00 -9.817223248934761615e-02 3.986380634627610942e-01 0.000000000000000000e+00
-1.153613490760986515e+00 -4.663626484130468930e-04 0.000000000000000000e+00 -3.516244615088198744e-02 2.557789266200060085e-01 0.000000000000000000e+00
-1.163787009016582719e+00 1.044766678881432764e-03 0.000000000000000000e+00 7.416347555253161028e-02 2.637746551927078187e-01 0.000000000000000000e+00
-1.323719574346092553e+00 2.424357161166790231e-04 0.000000000000000000e+00 6.160934027264078350e-02 5.113177580508873055e-01 0.000000000000000000e+00
-1.291016516206754172e+00 2.264544091024927458e-03 0.000000000000000000e+00 -8.781307766000119586e-02 4.585867849046436628e-01 0.000000000000000000e+00
1.007832407940416619e+00 1.895634158624178670e-04 0.000000000000000000e+00 -2.225245196002370029e-01 6.851936230791440263e-02 0.000000000000000000e+00
8.881568580402566804e-01 2.632553567201009401e-04 0.000000000000000000e+00 -9.663054637499965405e-02 1.899660594427278471e-01 0.000000000000000000e+00
8.596074055043254614e-01 -9.822827903347114246e-05 0.000000000000000000e+00 6.081349824526665043e-04 2.636192367582594898e-01 0.000000000000000000e+00
8.802362375983998621e-01 4.024330629445010661e-04 0.000000000000000000e+00 9.195817890256056948e-02 2.072691888177779496e-01 0.000000000000000000e+00
8.326998447103791667e-01 -2.694750658176741503e-04 0.000000000000000000e+00 -2.452160019972880467e-01 1.961461600046192633e-01 0.000000000000000000e+00
6.571619518210339850e-01 1.280256372124385575e-03 0.000000000000000000e+00 -2.324676292118483811e-01 6.501958881769143161e-01 0.000000000000000000e+00
6.009049295640538357e-01 1.083484695264489220e-03 0.000000000000000000e+00 -3.678123149726797436e-02 8.301245481496373202e-01 0.000000000000000000e+00
6.295034854206915664e-01 -8.690638545511717925e-04 0.000000000000000000e+00 1.818955515405566437e-01 7.359419418035639815e-01 0.000000000000000000e+00
7.632779461424150647e-01 1.629965493253838528e-03 0.000000000000000000e+00 2.732075310434914917e-01 3.615332138751836122e-01 0.000000000000000000e+00
6.426293959000122236e-01 -2.697229059477479138e-03 0.000000000000000000e+00 3.120286763112409267e-01 6.551642160300806816e-01 0.000000000000000000e+00
5.656901433354915021e-01 -4.418418036609763309e-03 0.000000000000000000e+00 2.099638981885357802e-01 9.011536350026909670e-01 0.000000000000000000e+00
5.391668559120301740e-01 -2.262036684827677460e-04 0.000000000000000000e+00 2.670859976534972063e-02 9.999302199640743849e-01 0.000000000000000000e+00
5.543207746358781440e-01 2.750233259979560814e-03 0.000000000000000000e+00 -1.646095740723523826e-01 9.427500781231435978e-01 0.000000000000000000e+00
6.165168424650366852e-01 2.222362429660899169e-03 0.000000000000000000e+00 -2.951409243747842304e-01 7.336328593630540018e-01 0.000000000000000000e+00
7.326652481053972377e-01 1.180775526074651083e-03 0.000000000000000000e+00 -2.972128875024859229e-01 4.247441080094804811e-01 0.000000000000000000e+00
6.777571262583133027e-01 2.838648430622347715e-03 0.000000000000000000e+00 -2.738406613861057992e-01 5.804972017695881892e-01 0.000000000000000000e+00
6.140363500074473846e-01 3.623709623048237266e-03 0.000000000000000000e+00 -1.762511397845316075e-01 7.773378638576281530e-01 0.000000000000000000e+00
5.904321132387321258e-01 2.421189396631617113e-03 0.000000000000000000e+00 -1.925552558674247308e-02 8.582162383670676187e-01 0.000000000000000000e+00
6.066264150803428734e-01 1.502763303962128746e-03 0.000000000000000000e+00 1.434630728609876116e-01 8.033974138060473447e-01 0.000000000000000000e+00
6.623391291230569244e-01 -1.075821145655244185e-03 0.000000000000000000e+00 2.592198723943961447e-01 6.266495039355060026e-01 0.000000000000000000e+00
7.327134897143832148e-01 -4.735572751155595582e-04 0.000000000000000000e+00 2.932258676780277740e-01 4.273816375728253236e-01 0.000000000000000000e+00
6.357696700979418303e-01 -8.901824103668479204e-04 0.000000000000000000e+00 3.032855106851856108e-01 6.777843832562295834e-01 0.000000000000000000e+00
5.675001030796880119e-01 -3.652367457298782288e-03 0.000000000000000000e+00 2.064944224642112358e-01 8.968527852267578204e-01 0.000000000000000000e+00
5.415277188273812659e-01 -2.330679017247263944e-03 0.000000000000000000e+00 4.095814402324963327e-02 9.926101935073106119e-01 0.000000000000000000e+00
5.523043374882359302e-01 -1.425491691906628864e-03 0.000000000000000000e+00 -1.361735716892170101e-01 9.530352806864823556e-01 0.000000000000000000e+00
6.013352487818868219e-01 5.292999989262268945e-04 0.000000000000000000e+00 -2.717045064874278881e-01 7.840888074634335680e-01 0.000000000000000000e+00
6.929671191882451620e-01 -6.167356659661708644e-04 0.000000000000000000e+00 -3.100015202700463490e-01 5.216211046789558381e-01 0.000000000000000000e+00
7.252519565272879110e-01 -6.762530063382718448e-04 0.000000000000000000e+00 -2.857151551006914536e-01 4.518185405451003445e-01 0.000000000000000000e+00
6.370113822681273685e-01 -1.494635662265773272e-03 0.000000000000000000e+00 -2.172489445180219581e-01 7.068413601647629552e-01 0.000000000000000000e+00
5.954227642714584601e-01 -2.549920665946503896e-03 0.000000000000000000e+00 -6.180384600812686979e-02 8.430055170881418647e-01 0.000000000000000000e+00
6.027415077158850831e-01 2.901280029532791148e-03 0.000000000000000000e+00 1.132568776034860170e-01 8.183497207107115479e-01 0.000000000000000000e+00
6.580650226574678019e-01 -1.702073903662780583e-03 0.000000000000000000e+00 2.507423298587296845e-01 6.410478284342773225e-01 0.000000000000000000e+00
7.479932331394917311e-01 -1.935718611513552803e-03 0.000000000000000000e+00 2.888637460456903172e-01 3.901260177937194706e-01 0.000000000000000000e+00
6.163515211633863178e-01 -5.495676058065593686e-04 0.000000000000000000e+00 2.965399336728516411e-01 7.335332189768181133e-01 0.000000000000000000e+00
5.507711225836370295e-01 -3.010732782613408445e-03 0.000000000000000000e+00 1.564268840077313039e-01 9.543005850773740306e-01 0.000000000000000000e+00
5.383799765799976988e-01 2.334397081955597898e-03 0.000000000000000000e+00 -5.021191148165220219e-02 1.001294139974259423e+00 0.000000000000000000e+00
5.737743944140043517e-01 1.728169456800590295e-03 0.000000000000000000e+00 -2.335565639392938320e-01 8.724514617030015851e-01 0.000000000000000000e+00
6.695520442887608059e-01 2.679397068290362977e-05 0.000000000000000000e+00 -3.181456328004785838e-01 5.794928736137978653e-01 0.000000000000000000e+00
7.888530177045868230e-01 5.710939854020550405e-04 0.000000000000000000e+00 -2.466051540932035491e-01 3.155430645847526749e-01 0.000000000000000000e+00
6.253802326729380745e-01 5.497660415297346559e-04 0.000000000000000000e+00 1.566913889827230288e-02 7.682361055796764759e-01 0.000000000000000000e+00
8.392868409102214322e-01 -5.498638832349871455e-05 0.000000000000000000e+00 2.264405261092857780e-01 1.990259936625350945e-01 0.000000000000000000e+00
-1.246443786528612652e+00 -1.366337186751862692e-03 0.000000000000000000e+00 -6.710694159396225073e-03 4.003422740053871332e-01 0.000000000000000000e+00
9.159160126738334906e-01 -1.355642944567308269e-04 0.000000000000000000e+00 -1.613289640125965541e-01 5.023500113902041458e-02 0.000000000000000000e+00
6.852576479762944039e-01 9.642984270826372023e-05 0.000000000000000000e+00 1.579560462719840630e-01 6.041646506271768358e-01 0.000000000000000000e+00
6.512959952328900570e-01 2.987919486520532533e-03 0.000000000000000000e+00 -5.915751388298211288e-02 7.021103508664927606e-01 0.000000000000000000e+00
7.610947920242013831e-01 -1.939489461593923644e-04 0.000000000000000000e+00 -1.980579780504819476e-01 4.126632180353495549e-01 0.000000000000000000e+00
7.658828725047071018e-01 1.100789577245960688e-03 0.000000000000000000e+00 -1.709133331431049452e-01 4.138082236776443601e-01 0.000000000000000000e+00
7.022313324771967125e-01 -1.567220404412083927e-03 0.000000000000000000e+00 8.778412935951118018e-03 5.856854010775149888e-01 0.000000000000000000e+00
7.762932493258003497e-01 -1.890694165518368164e-03 0.000000000000000000e+00 1.779959857852231320e-01 3.871835314242382808e-01 0.000000000000000000e+00
7.199369149191026107e-01 -1.378722780262650258e-04 0.000000000000000000e+00 1.791230683978223270e-01 5.160586920502827635e-01 0.000000000000000000e+00
6.594026640762532532e-01 2.622111273212518467e-03 0.000000000000000000e+00 5.648145074767081664e-02 6.827990676890727251e-01 0.000000000000000000e+00
6.706864052723320313e-01 1.288441262064710189e-03 0.000000000000000000e+00 -1.077023002812955155e-01 6.495318530726561512e-01 0.000000000000000000e+00
7.512626574057429396e-01 4.742047461642352052e-04 0.000000000000000000e+00 -1.889171473423742476e-01 4.396032671382208989e-01 0.000000000000000000e+00
7.344549430988667194e-01 2.038157376770566211e-03 0.000000000000000000e+00 -1.546267527058241831e-01 4.907310803865879700e-01 0.000000000000000000e+00
6.955064109701475372e-01 -1.930542329957389905e-03 0.000000000000000000e+00 -2.750362199987196193e-02 6.003560650899628648e-01 0.000000000000000000e+00
7.144381619677093731e-01 -2.704530514249967391e-03 0.000000000000000000e+00 1.174313378386181855e-01 5.459334700018204645e-01 0.000000000000000000e+00
7.632459987297782744e-01 -1.836694829359981559e-03 0.000000000000000000e+00 1.877252814262662661e-01 4.125138828823558534e-01 0.000000000000000000e+00
6.801280613118809715e-01 1.626175627710628804e-03 0.000000000000000000e+00 1.280967527880594314e-01 6.233105455131184858e-01 0.000000000000000000e+00
6.563676761972578877e-01 -2.102852914401244933e-03 0.000000000000000000e+00 -2.769420312978072840e-02 6.918451048206089027e-01 0.000000000000000000e+00
7.042667465938861060e-01 -2.206988621875403608e-03 0.000000000000000000e+00 -1.642364807769269575e-01 5.574746926899785127e-01 0.000000000000000000e+00
7.804661330233462202e-01 1.480275424744746399e-03 0.000000000000000000e+00 -1.801181628584084260e-01 3.767243438538442901e-01 0.000000000000000000e+00
7.024615530019020504e-01 -2.499578682987223764e-03 0.000000000000000000e+00 -1.505548267804956639e-02 5.850322781217601742e-01 0.000000000000000000e+00
7.610153631500202742e-01 -1.383440803240541458e-04 0.000000000000000000e+00 1.667391482701325311e-01 4.264600068587065529e-01 0.000000000000000000e+00
7.791091017853052358e-01 1.215316391010026580e-03 0.000000000000000000e+00 2.004935392250871695e-01 3.694576100502523497e-01 0.000000000000000000e+00
6.387566386259750928e-01 2.370007712718932413e-03 0.000000000000000000e+00 5.903740269784260239e-03 7.351416791524771899e-01 0.000000000000000000e+00
7.628215373077895656e-01 -6.944994177165821417e-04 0.000000000000000000e+00 -2.065516539456198064e-01 4.044193794008819620e-01 0.000000000000000000e+00
8.788303960928575131e-01 -6.658686058110627887e-04 0.000000000000000000e+00 -6.952235544902411746e-02 2.184122585463588173e-01 0.000000000000000000e+00
8.746550223813649438e-01 5.424390645303311942e-04 0.000000000000000000e+00 1.946964818966497729e-02 2.357474508082098574e-01 0.000000000000000000e+00
9.439037771992488945e-01 1.618347560006815674e-04 0.000000000000000000e+00 6.426520105271799066e-02 1.194871007392570572e-01 0.000000000000000000e+00
9.457626785775480327e-01 -4.468974451890035280e-04 0.000000000000000000e+00 -6.452605733543032018e-02 1.176968579082795785e-01 0.000000000000000000e+00
-9.868894138397696914e-01 1.359615401613744863e-04 0.000000000000000000e+00 -3.721625686996489490e-02 3.678573281373229142e-02 0.000000000000000000e+00
8.884541237261691649e-01 -9.725624049185394027e-04 0.000000000000000000e+00 -2.144890964059543992e-02 2.115451991677133325e-01 0.000000000000000000e+00
-1.191474258586681323e+00 -1.005071906074453056e-03 0.000000000000000000e+00 -1.047920738725179740e-01 2.989424560359340566e-01 0.000000000000000000e+00
-1.254050604425422932e+00 2.153740397994987135e-04 0.000000000000000000e+00 4.452863541344363046e-02 4.094164457604815843e-01 0.000000000000000000e+00
9.979729065961012724e-01 -1.480592477643162628e-03 0.000000000000000000e+00 2.607139935995805846e-02 3.746484113388542370e-01 0.000000000000000000e+00
-1.083037941328009568e+00 -5.926081890410854133e-04 0.000000000000000000e+00 6.077402632917680569e-02 1.345829880208216645e-01 0.000000000000000000e+00
-1.015344147028771182e+00 1.036980890165421255e-04 0.000000000000000000e+00 -2.228224029991693333e-02 4.906703431591110526e-02 0.000000000000000000e+00
-1.144788584772441498e+00 1.179135087339256045e-03 0.000000000000000000e+00 3.543343049063992466e-03 2.444044359930347965e-01 0.000000000000000000e+00
9.209535965148558656e-01 5.666488757644964035e-04 0.000000000000000000e+00 6.809358653329675160e-02 1.468030264636517312e-01 0.000000000000000000e+00
9.758972960975266231e-01 -2.403072926308673883e-04 0.000000000000000000e+00 -8.597756943243592409e-02 1.143177438470528579e-01 0.000000000000000000e+00
1.007758077994513446e+00 -5.371687901310421686e-04 0.000000000000000000e+00 4.955324468463363774e-02 2.252863165509629007e-01 0.000000000000000000e+00
-1.342637121139900858e+00 -2.020632047154075420e-04 0.000000000000000000e+00 6.473228112709414339e-02 5.387051035936034626e-01 0.000000000000000000e+00
-1.164375725868417533e+00 6.184241690873345338e-04 0.000000000000000000e+00 -1.362934628780450297e-01 2.387564760941235931e-01 0.000000000000000000e+00
-1.365083557578116391e+00 7.391830462000203994e-05 0.000000000000000000e+00 -4.735034709275676157e-02 5.730904964853127392e-01 0.000000000000000000e+00
9.998846421802493056e-01 -7.757234918714707179e-04 0.000000000000000000e+00 -2.562794805005442211e-01 8.236267572371709644e-02 0.000000000000000000e+00
8.879085120901066830e-01 1.183625438411954958e-04 0.000000000000000000e+00 -1.696174373964394744e-01 1.297572767794809290e-01 0.000000000000000000e+00
7.192132593304942922e-01 7.296700342660899369e-04 0.000000000000000000e+00 -9.514129988003619531e-02 5.395317952179512488e-01 0.000000000000000000e+00
7.338363033470062247e-01 6.618796251824073454e-04 0.000000000000000000e+00 1.274258725412892035e-01 4.998759802526167029e-01 0.000000000000000000e+00
9.028424656888721644e-01 -3.976668311346252859e-04 0.000000000000000000e+00 1.625172514945514846e-01 9.635384645521428981e-02 0.000000000000000000e+00
1.004937257742446244e+00 1.352700903641218359e-05 0.000000000000000000e+00 1.851830742663769236e-01 2.182054482478405499e-01 0.000000000000000000e+00
-1.302821941028426078e+00 1.707992867178584340e-03 0.000000000000000000e+00 -1.787184502041286316e-01 4.501715538365118063e-01 0.000000000000000000e+00
-1.478016270744890726e+00 -1.040906341713720984e-03 0.000000000000000000e+00 -9.539062580985949169e-02 7.284872293313520153e-01 0.000000000000000000e+00
-1.528573922467128643e+00 -1.110159805848144610e-03 0.000000000000000000e+00 1.705957704699736024e-02 8.042062259845033090e-01 0.000000000000000000e+00
-1.432618587768417218e+00 1.102323306577902493e-03 0.000000000000000000e+00 1.276979502698431523e-01 6.589652364129258144e-01 0.000000000000000000e+00
-1.298874964418639255e+00 -6.339924567771819397e-04 0.000000000000000000e+00 1.884488142794014109e-01 4.398604733240663034e-01 0.000000000000000000e+00
-1.539135814519873247e+00 -2.145674286139171577e-03 0.000000000000000000e+00 1.557860391914941967e-01 8.038607720521830924e-01 0.000000000000000000e+00
-1.696670710103683311e+00 3.853308896857362414e-04 0.000000000000000000e+00 -4.544698440416189422e-03 1.029333953780892319e+00 0.000000000000000000e+00
-1.518064821316436275e+00 3.323013096291835278e-04 0.000000000000000000e+00 -1.656167481688982368e-01 7.724307662012888098e-01 0.000000000000000000e+00
-1.438654340704108359e+00 1.864921639446324303e-03 0.000000000000000000e+00 -7.543895567271283187e-02 6.755189056145578519e-01 0.000000000000000000e+00
-1.334628835839522409e+00 -1.438092872514545179e-03 0.000000000000000000e+00 1.418744709286684502e-01 5.116301193885776089e-01 0.000000000000000000e+00
-1.429272328683342197e+00 1.217016695525201253e-03 0.000000000000000000e+00 1.421132044562490628e-02 6.663584360418879360e-01 0.000000000000000000e+00
-1.312227554843941268e+00 1.019374615493395808e-03 0.000000000000000000e+00 1.958710548023242237e-01 4.580608633399532170e-01 0.000000000000000000e+00
-1.499479342363882584e+00 2.274942991892681989e-03 0.000000000000000000e+00 1.542194165757913571e-01 7.486971753037421351e-01 0.000000000000000000e+00
-1.632210456628150563e+00 -2.056548826788157092e-03 0.000000000000000000e+00 5.925969720697851773e-02 9.423467170534738369e-01 0.000000000000000000e+00
-1.645282153035518391e+00 -1.679708649129276615e-03 0.000000000000000000e+00 -3.975898031750758899e-02 9.607568166609501414e-01 0.000000000000000000e+00
-1.539853771076043376e+00 2.285878646806939474e-03 0.000000000000000000e+00 -1.325566330989556563e-01 8.090094065867001749e-01 0.000000000000000000e+00
-1.339393036492869449e+00 1.014567140514829879e-03 0.000000000000000000e+00 -1.951513609332299615e-01 5.012157303650732754e-01 0.000000000000000000e+00
-1.233707291449745114e+00 1.765747059946065275e-03 0.000000000000000000e+00 -8.712628994361892865e-02 3.710919538697400322e-01 0.000000000000000000e+00
-1.273319536308169742e+00 1.812122870878653258e-03 0.000000000000000000e+00 2.793474465006971080e-02 4.397596490063263586e-01 0.000000000000000000e+00
-1.335753128454304717e+00 2.081820237239878635e-03 0.000000000000000000e+00 4.753763304301454606e-02 5.304501196218740500e-01 0.000000000000000000e+00
-1.269367205929710307e+00 -1.820911743510194095e-05 0.000000000000000000e+00 -1.010371885310780565e-01 4.228477111521088405e-01 0.000000000000000000e+00
8.744514085219126098e-01 8.032359865953707379e-04 0.000000000000000000e+00 -1.641837135056293251e-01 1.707938183733242188e-01 0.000000000000000000e+00
7.601681738662817711e-01 1.158221646647650867e-03 0.000000000000000000e+00 1.272009671278605536e-01 4.417232292198360333e-01 0.000000000000000000e+00
7.445698463706391657e-01 -4.197299114608375563e-04 0.000000000000000000e+00 -1.125188712534360425e-01 4.797219896604696943e-01 0.000000000000000000e+00
8.321185392548420268e-01 -4.214652710775815964e-04 0.000000000000000000e+00 1.730129290290204347e-01 2.633882385040912100e-01 0.000000000000000000e+00
7.177485087303054900e-01 8.725572043392897797e-04 0.000000000000000000e+00 -2.669673807185262704e-01 4.821174650246871085e-01 0.000000000000000000e+00
6.114605921131111010e-01 -3.260570058901436641e-04 0.000000000000000000e+00 -8.955897599307219292e-02 7.986742390673055025e-01 0.000000000000000000e+00
6.278641457728308950e-01 -3.209673054583919109e-03 0.000000000000000000e+00 1.637719140696664577e-01 7.443574318517520716e-01 0.000000000000000000e+00
7.929495428674981916e-01 -5.535432810225976441e-04 0.000000000000000000e+00 2.613475926035186969e-01 2.924238884385381709e-01 0.000000000000000000e+00
5.563012057843796931e-01 -3.587979120860350195e-03 0.000000000000000000e+00 2.508849452829418070e-01 9.177657645489321059e-01 0.000000000000000000e+00
5.223691834981359916e-01 4.610920490142639272e-03 0.000000000000000000e+00 -7.624394179120150272e-02 1.046847208754711378e+00 0.000000000000000000e+00
6.156549538775999419e-01 -4.584232258455517989e-04 0.000000000000000000e+00 -3.286321011189218821e-01 7.216790163935505875e-01 0.000000000000000000e+00
6.953590268386298234e-01 -4.673904518949075979e-04 0.000000000000000000e+00 3.508567197402970850e-01 4.883711307686715575e-01 0.000000000000000000e+00
5.104074476782789471e-01 2.473264427279378737e-03 0.000000000000000000e+00 9.797011027433077945e-02 1.081394979754232377e+00 0.000000000000000000e+00
5.700455302211386854e-01 -4.142699775378035770e-03 0.000000000000000000e+00 -3.088840498984020688e-01 8.595122393190879340e-01 0.000000000000000000e+00
6.383309466433959578e-01 -2.647102844465185414e-03 0.000000000000000000e+00 3.727800161801227974e-01 6.348719884978493155e-01 0.000000000000000000e+00
4.991272414626484188e-01 5.507727984531327579e-03 0.000000000000000000e+00 -8.084289256619161396e-03 1.120617102155229805e+00 0.000000000000000000e+00
6.438949456605831401e-01 -2.238058333583441487e-03 0.000000000000000000e+00 -3.687078935438544702e-01 6.214447769439266356e-01 0.000000000000000000e+00
5.677387093239806282e-01 -2.282618255244965502e-03 0.000000000000000000e+00 3.138264455227375849e-01 8.644904180388313097e-01 0.000000000000000000e+00
5.101282533628399563e-01 3.030605698662793869e-03 0.000000000000000000e+00 -1.020680871921676586e-01 1.081864597616362111e+00 0.000000000000000000e+00
6.930374020750397213e-01 -1.973820644800717422e-03 0.000000000000000000e+00 -3.502925943402375730e-01 4.952653040453966482e-01 0.000000000000000000e+00
6.131641803366132404e-01 -1.357558759233985606e-03 0.000000000000000000e+00 3.302312096222305704e-01 7.279261763791416984e-01 0.000000000000000000e+00
5.213053108235160549e-01 -4.644132831198868883e-03 0.000000000000000000e+00 6.998695343610127073e-02 1.050472162753465888e+00 0.000000000000000000e+00
5.603557800478071727e-01 -1.463182052749187334e-03 0.000000000000000000e+00 -2.550664769739181548e-01 9.048692895437415729e-01 0.000000000000000000e+00
8.325086784024360309e-01 -2.631629303369480491e-04 0.000000000000000000e+00 2.742288578699556556e-01 1.537399817575142436e-01 0.000000000000000000e+00
8.022011761563946353e-01 -8.462519038355533971e-04 0.000000000000000000e+00 -2.596832295898264253e-01 2.686386750145774993e-01 0.000000000000000000e+00
6.375312533345656174e-01 7.905601750407102724e-04 0.000000000000000000e+00 -1.944675074218448207e-01 7.121210726463538254e-01 0.000000000000000000e+00
6.027575023370871365e-01 1.652267539586119507e-03 0.000000000000000000e+00 3.106542054870504305e-02 8.255360902722521654e-01 0.000000000000000000e+00
6.653096720544717790e-01 1.446894098555632190e-03 0.000000000000000000e+00 2.355922072552321112e-01 6.283839158997919228e-01 0.000000000000000000e+00
8.922026114263801322e-01 -1.726479764179106660e-05 0.000000000000000000e+00 1.944242807820882324e-01 6.904869646690012241e-02 0.000000000000000000e+00
8.947452216737620256e-01 8.636634501902290366e-04 0.000000000000000000e+00 -4.862626979990322673e-02 1.961537709102006977e-01 0.000000000000000000e+00
9.975024055913688237e-01 -1.389902165268718133e-04 0.000000000000000000e+00 -2.048282966302045482e-01 2.266859792684091102e-01 0.000000000000000000e+00
-1.003094687657952733e+00 1.238629300909900393e-04 0.000000000000000000e+00 -3.399782134365633701e-02 3.293342035667670697e-02 0.000000000000000000e+00
9.545327605162841067e-01 -2.560224285060085179e-04 0.000000000000000000e+00 9.391247101845461021e-02 8.918331568545562194e-02 0.000000000000000000e+00
9.255419039351707733e-01 4.906743784262633870e-04 0.000000000000000000e+00 -1.035270891968442519e-01 1.162522791694368396e-01 0.000000000000000000e+00
-1.106605050278027802e+00 3.438537339999158358e-04 0.000000000000000000e+00 -6.708274147209278282e-02 1.719729183584631504e-01 0.000000000000000000e+00
-1.380162138104098712e+00 2.350265008495527885e-03 0.000000000000000000e+00 -1.308938033036275983e-01 5.821779039272206857e-01 0.000000000000000000e+00
-1.476246452234078799e+00 -7.550479447950815895e-04 0.000000000000000000e+00 5.161378898276033911e-02 7.304274130724623948e-01 0.000000000000000000e+00
-1.082791694646306535e+00 1.938936248755705532e-04 0.000000000000000000e+00 1.336921431372970481e-01 6.180386375531794763e-02 0.000000000000000000e+00
-1.128583635914559347e+00 -1.918563715202695327e-04 0.000000000000000000e+00 -1.605884994821263623e-01 1.490222936578856627e-01 0.000000000000000000e+00
-1.479848235760977460e+00 2.898655000124187101e-03 0.000000000000000000e+00 -4.923834064923009179e-02 7.356077209422182683e-01 0.000000000000000000e+00
-1.390938131211307383e+00 -2.466227459382880349e-03 0.000000000000000000e+00 1.268688884614940227e-01 5.988342240128798899e-01 0.000000000000000000e+00
1.027049529468889721e+00 1.572810231051681971e-04 0.000000000000000000e+00 -1.294106001247551097e-01 4.485536328299219444e-02 0.000000000000000000e+00
8.953166440784067204e-01 2.601176809633170151e-05 0.000000000000000000e+00 -1.763591064327177937e-01 9.673600030266146788e-02 0.000000000000000000e+00
7.309534075500740968e-01 -7.363125136436738521e-04 0.000000000000000000e+00 1.993340456671992555e-01 4.825789292694786514e-01 0.000000000000000000e+00
6.453474195469606212e-01 -1.735463559516536858e-03 0.000000000000000000e+00 6.496260573059041421e-03 7.190106155219522233e-01 0.000000000000000000e+00
7.235774166891356662e-01 -1.536311184141212101e-03 0.000000000000000000e+00 -1.955221950286141208e-01 5.014793691650502039e-01 0.000000000000000000e+00
8.645312343674884659e-01 3.156699751444376131e-04 0.000000000000000000e+00 1.971252362094306210e-01 1.612408511961592184e-01 0.000000000000000000e+00
1.012417669356385552e+00 4.783178388003634447e-04 0.000000000000000000e+00 1.583996627580223082e-01 9.922587114176430190e-02 0.000000000000000000e+00
-1.371482308015709251e+00 -1.352103969830167896e-03 0.000000000000000000e+00 -1.455344690130854213e-01 5.658360825491729473e-01 0.000000000000000000e+00
-1.508202017838289999e+00 -1.602250672708073649e-03 0.000000000000000000e+00 3.602175614816105573e-03 7.764267604933348110e-01 0.000000000000000000e+00
-1.354555747433191959e+00 -1.690158032226187629e-03 0.000000000000000000e+00 1.512198715457044873e-01 5.390423832712355479e-01 0.000000000000000000e+00
1.000608446802538243e+00 -4.508679973797398107e-04 0.000000000000000000e+00 -1.677284561829643916e-01 2.780451900600785509e-01 0.000000000000000000e+00
-1.153018059961596453e+00 -1.928796115163592187e-05 0.000000000000000000e+00 -1.185649075076264380e-01 2.283140861344377104e-01 0.000000000000000000e+00
-1.191205028975593105e+00 1.263407389601563929e-03 0.000000000000000000e+00 -4.569121916050047916e-02 3.130504946949850820e-01 0.000000000000000000e+00
-1.172865475802068680e+00 -1.337848747843924796e-03 0.000000000000000000e+00 5.400561520586530384e-02 2.829732571374382055e-01 0.000000000000000000e+00
1.002220985681471443e+00 -3.069629627896327748e-04 0.000000000000000000e+00 -3.324798281868240890e-03 8.831820710350445081e-02 0.000000000000000000e+00
-1.080190837677758253e+00 4.376090787144596914e-04 0.000000000000000000e+00 5.614751990495914918e-02 1.317758277986398330e-01 0.000000000000000000e+00
9.875103004439096388e-01 -3.627941411638645024e-04 0.000000000000000000e+00 -2.463538046568631255e-03 1.886883895477375339e-01 0.000000000000000000e+00
-1.091726536759114019e+00 6.526550358991346085e-04 0.000000000000000000e+00 -4.921911467897877729e-02 1.535621487006045283e-01 0.000000000000000000e+00
8.794094054940884142e-01 -3.090782246689486581e-04 0.000000000000000000e+00 -2.010234883176890142e-01 1.080107165066864078e-01 0.000000000000000000e+00
6.256024448775351354e-01 -1.666699744263587394e-03 0.000000000000000000e+00 -8.768198626831055775e-02 7.628134017102768949e-01 0.000000000000000000e+00
6.814631880953239129e-01 2.569083920079054395e-03 0.000000000000000000e+00 2.207239035760309998e-01 5.935241717256710681e-01 0.000000000000000000e+00
7.087361221111359022e-01 -8.123760406618489582e-04 0.000000000000000000e+00 -2.358717935091920181e-01 5.201671320583491909e-01 0.000000000000000000e+00
6.314128647020418317e-01 5.624511304037241137e-04 0.000000000000000000e+00 8.962714354617729029e-02 7.479847122828693351e-01 0.000000000000000000e+00
8.029823368603802303e-01 -2.492592735469211646e-04 0.000000000000000000e+00 -1.937649115225242857e-01 3.176426610864905298e-01 0.000000000000000000e+00
7.182968341868927187e-01 -1.259542227055097594e-03 0.000000000000000000e+00 -1.107234829066686965e-01 5.386185166541794800e-01 0.000000000000000000e+00
7.054449891422422958e-01 -9.343223870996028232e-05 0.000000000000000000e+00 6.870745504839478879e-02 5.744284211592789458e-01 0.000000000000000000e+00
7.845317690899805685e-01 6.881556277177494976e-04 0.000000000000000000e+00 1.865607384229855392e-01 3.642703827071956391e-01 0.000000000000000000e+00
6.675337810227151003e-01 -1.331555240981528894e-03 0.000000000000000000e+00 1.118245919114590481e-01 6.563746280090287932e-01 0.000000000000000000e+00
6.600099431146970730e-01 2.092798873482784247e-03 0.000000000000000000e+00 -8.552901122566604342e-02 6.783172042532656931e-01 0.000000000000000000e+00
7.597050119791484146e-01 -5.163654763701592144e-04 0.000000000000000000e+00 -1.939008482631076336e-01 4.178540522465449270e-01 0.000000000000000000e+00
7.450155514644800636e-01 1.034775877359082885e-03 0.000000000000000000e+00 -1.617590374915894302e-01 4.644250775398795494e-01 0.000000000000000000e+00
6.973124269530913688e-01 -1.283740801573223823e-03 0.000000000000000000e+00 -1.932646492416093681e-02 5.965733809457184345e-01 0.000000000000000000e+00
7.288479452178145968e-01 1.565105524642796449e-03 0.000000000000000000e+00 1.372383652491194206e-01 5.085171611634999866e-01 0.000000000000000000e+00
7.835767633667611864e-01 1.462116687323321371e-03 0.000000000000000000e+00 1.950459826284857978e-01 3.620105742220410816e-01 0.000000000000000000e+00
6.444388558746927398e-01 1.523489383812538442e-04 0.000000000000000000e+00 4.020849680016967687e-02 7.201394119539922256e-01 0.000000000000000000e+00
7.127011970799620455e-01 -1.957381447086428000e-03 0.000000000000000000e+00 -1.935780418259825941e-01 5.279208514481126269e-01 0.000000000000000000e+00
8.037150072381247234e-01 -7.587492344268472605e-04 0.000000000000000000e+00 2.230211198082488744e-01 2.960062720940580538e-01 0.000000000000000000e+00
7.509149114592483798e-01 1.987218526803714164e-04 0.000000000000000000e+00 3.043343124646513687e-01 3.701815156634783999e-01 0.000000000000000000e+00
5.410435243331237487e-01 -5.208218027440217335e-04 0.000000000000000000e+00 2.086145461903058940e-01 9.727553406953755033e-01 0.000000000000000000e+00
5.267997624245428501e-01 4.774202094868611190e-03 0.000000000000000000e+00 -1.455495980166911507e-01 1.026168357326257663e+00 0.000000000000000000e+00
6.738519701959078123e-01 -1.987432942729088284e-03 0.000000000000000000e+00 -3.430680031057415924e-01 5.532447576610414197e-01 0.000000000000000000e+00
6.629938662143067818e-01 -2.652844124960146953e-03 0.000000000000000000e+00 3.454239573826614063e-01 5.817683055473313880e-01 0.000000000000000000e+00
5.286223004006463944e-01 -2.960724587955076634e-03 0.000000000000000000e+00 1.426096889739992268e-01 1.021179478590808820e+00 0.000000000000000000e+00
5.404162628062716411e-01 -5.033657503768261890e-05 0.000000000000000000e+00 -1.977274677992912344e-01 9.768738273232204783e-01 0.000000000000000000e+00
7.231685479138403316e-01 1.878625385518226804e-03 0.000000000000000000e+00 -3.236656636275527799e-01 4.311875870386209231e-01 0.000000000000000000e+00
7.588177137677233342e-01 1.282333832277632313e-03 0.000000000000000000e+00 3.105854173795037920e-01 3.427241218063306061e-01 0.000000000000000000e+00
5.063251766329762704e-01 -4.435918273567026303e-03 0.000000000000000000e+00 1.263063305461887276e-01 1.091035582098430323e+00 0.000000000000000000e+00
5.696768346078626699e-01 1.228597609964525612e-03 0.000000000000000000e+00 -3.292314768453790119e-01 8.530517273454256699e-01 0.000000000000000000e+00
6.063121836162991274e-01 2.806763481593893550e-03 0.000000000000000000e+00 3.609964078946164001e-01 7.328320924706860362e-01 0.000000000000000000e+00
4.998699936096979712e-01 -5.077374185040386609e-03 0.000000000000000000e+00 -5.800496208546154775e-02 1.116834593125798580e+00 0.000000000000000000e+00
7.053138653571109362e-01 -1.669381081169271988e-03 0.000000000000000000e+00 -3.522551206243252908e-01 4.592957480125940961e-01 0.000000000000000000e+00
5.914606931062660333e-01 3.020462613718150752e-03 0.000000000000000000e+00 3.097595631948218409e-01 7.976867962334081019e-01 0.000000000000000000e+00
5.176694101220979949e-01 4.424815047092471761e-03 0.000000000000000000e+00 3.336457184358370721e-03 1.063725169002654347e+00 0.000000000000000000e+00
5.836006183188781060e-01 -2.271899558613926784e-05 0.000000000000000000e+00 -3.040337926910261501e-01 8.222448235358248425e-01 0.000000000000000000e+00
7.154279457799465058e-01 -8.353772347653622013e-04 0.000000000000000000e+00 3.514316733612445898e-01 4.311660367145404571e-01 0.000000000000000000e+00
4.935874949594053485e-01 3.449851708088477915e-03 0.000000000000000000e+00 3.940985525024912062e-02 1.137460727031663454e+00 0.000000000000000000e+00
6.355958591296658744e-01 1.436827462115422213e-03 0.000000000000000000e+00 -3.806813289834252156e-01 6.380461311662981583e-01 0.000000000000000000e+00
5.454790027749393255e-01 -1.633594122646021742e-03 0.000000000000000000e+00 2.892861326422961898e-01 9.385616412269912612e-01 0.000000000000000000e+00
5.162749754055503404e-01 -2.409422576678558678e-03 0.000000000000000000e+00 -1.830940100000766346e-01 1.052175610460448052e+00 0.000000000000000000e+00
7.505158234609299317e-01 4.708429670617344728e-04 0.000000000000000000e+00 3.502091832134519023e-01 3.283636443067727839e-01 0.000000000000000000e+00
8.546735097355038224e-01 9.319913412119806145e-05 0.000000000000000000e+00 -2.640433411248922502e-01 6.813886612711125834e-02 0.000000000000000000e+00
4.676194703020196686e-01 2.184363346684909876e-03 0.000000000000000000e+00 -1.079981346835457295e-01 1.217944084203427701e+00 0.000000000000000000e+00
5.975409348761799855e-01 2.578945676664898615e-03 0.000000000000000000e+00 4.256467888475142236e-01 7.238678484179635886e-01 0.000000000000000000e+00
4.915642070950215770e-01 -1.837406524120119029e-03 0.000000000000000000e+00 -2.908316845786865779e-01 1.107042622970912493e+00 0.000000000000000000e+00
4.966587465045314564e-01 -3.020391879420433051e-03 0.000000000000000000e+00 3.187357252837206834e-01 1.082530568743178989e+00 0.000000000000000000e+00
5.783930784487061327e-01 3.117436707024240708e-03 0.000000000000000000e+00 -4.280442844766476629e-01 7.810487800761252153e-01 0.000000000000000000e+00
4.681537850516932497e-01 6.060196885012449075e-03 0.000000000000000000e+00 1.133294922239405506e-01 1.215549703065032627e+00 0.000000000000000000e+00
7.430743177731768956e-01 -2.345632876209514939e-04 0.000000000000000000e+00 -3.561012687549357514e-01 3.452004123956290416e-01 0.000000000000000000e+00
5.123722119268068198e-01 -3.585100738177211116e-03 0.000000000000000000e+00 1.841025932449207869e-01 1.064001189511228906e+00 0.000000000000000000e+00
5.504299907550513904e-01 -1.666775909561248048e-05 0.000000000000000000e+00 -3.020295622696526627e-01 9.197169996247267498e-01 0.000000000000000000e+00
6.173322944425470027e-01 1.831886858623277964e-04 0.000000000000000000e+00 3.753384534044977849e-01 6.936907101002013354e-01 0.000000000000000000e+00
4.956599981473672756e-01 -4.951872866488329396e-03 0.000000000000000000e+00 -6.129816491082998309e-02 1.129895446942474901e+00 0.000000000000000000e+00
7.375050631207569207e-01 1.470255132795078926e-03 0.000000000000000000e+00 -3.343112348653910493e-01 3.824023891112889872e-01 0.000000000000000000e+00
6.233504354450444263e-01 1.226890385069791169e-03 0.000000000000000000e+00 3.230540573986849795e-01 7.028159890071772331e-01 0.000000000000000000e+00
5.317710450031289948e-01 1.422298369722681949e-03 0.000000000000000000e+00 1.087712697364028314e-01 1.016034742827321091e+00 0.000000000000000000e+00
5.435477908676180636e-01 2.936126892390169413e-04 0.000000000000000000e+00 -1.812660936910018561e-01 9.708905836450019144e-01 0.000000000000000000e+00
6.737876486411648047e-01 -7.987967826999214233e-04 0.000000000000000000e+00 -3.341218416692353643e-01 5.588767821075490971e-01 0.000000000000000000e+00
7.270806317557207965e-01 8.901378937523581926e-04 0.000000000000000000e+00 3.301146012309722488e-01 4.153807820406347773e-01 0.000000000000000000e+00
5.168263082692041710e-01 -1.353692787626488425e-03 0.000000000000000000e+00 1.412933867135662824e-01 1.056928114886178882e+00 0.000000000000000000e+00
5.514640807313440085e-01 -2.198570842620997667e-03 0.000000000000000000e+00 -2.709907655455371378e-01 9.262689140332789339e-01 0.000000000000000000e+00
6.921205537537813424e-01 -2.281843719007738743e-03 0.000000000000000000e+00 3.699170845527138818e-01 4.834269865735507099e-01 0.000000000000000000e+00
4.887126039626376039e-01 -4.810097793553205943e-03 0.000000000000000000e+00 4.953756862317472767e-03 1.153609210491170378e+00 0.000000000000000000e+00
6.965399457719438914e-01 -1.240639398573025257e-03 0.000000000000000000e+00 -3.658978994328652701e-01 4.738203089609187568e-01 0.000000000000000000e+00
5.527801607895059810e-01 2.852143431217115093e-03 0.000000000000000000e+00 2.714267804104044668e-01 9.222552036227289474e-01 0.000000000000000000e+00
5.163356655687882935e-01 3.545261753630654482e-03 0.000000000000000000e+00 -1.383013059388079058e-01 1.058787081988758150e+00 0.000000000000000000e+00
7.168727925943679802e-01 -2.793061556886338587e-04 0.000000000000000000e+00 -3.365140007538028888e-01 4.388812651833567391e-01 0.000000000000000000e+00
6.569412766109647972e-01 1.175889959977013521e-03 0.000000000000000000e+00 3.347116388403100773e-01 6.045752126545300698e-01 0.000000000000000000e+00
5.387876224652883295e-01 3.660351018499447689e-03 0.000000000000000000e+00 1.543802390135161628e-01 9.893850300994548874e-01 0.000000000000000000e+00
-9.476274282979737507e-01 -1.112827877432181860e-04 0.000000000000000000e+00 -6.734919914502637828e-02 7.898244701520786004e-02 0.000000000000000000e+00
5.345936030957469942e-01 2.772548553827363857e-03 0.000000000000000000e+00 -1.415075506081449053e-01 1.003638733158101815e+00 0.000000000000000000e+00
6.437185093116910561e-01 -2.319004478408161554e-03 0.000000000000000000e+00 -3.314190471366195156e-01 6.425911999818990639e-01 0.000000000000000000e+00
7.187145197028808052e-01 -7.050443962220702843e-04 0.000000000000000000e+00 3.385834545996451173e-01 4.321227557233793815e-01 0.000000000000000000e+00
5.116269736484327924e-01 3.086146995551474273e-03 0.000000000000000000e+00 1.148534597629708304e-01 1.075978497726445937e+00 0.000000000000000000e+00
5.614939676612565878e-01 3.767250959604050500e-03 0.000000000000000000e+00 -3.088372730893149676e-01 8.845768698220051185e-01 0.000000000000000000e+00
6.433653488879106375e-01 -1.066024228029868043e-03 0.000000000000000000e+00 3.736370239477431188e-01 6.200171450829907727e-01 0.000000000000000000e+00
4.975764314289448098e-01 1.549815345141402831e-03 0.000000000000000000e+00 -6.892676601643964174e-03 1.125576551191013630e+00 0.000000000000000000e+00
6.512821908438639618e-01 8.203869638353546156e-04 0.000000000000000000e+00 -3.729201666497158341e-01 5.978991806401352527e-01 0.000000000000000000e+00
5.648915883413681005e-01 4.128484970089259763e-03 0.000000000000000000e+00 2.993477698362755346e-01 8.778805142603727241e-01 0.000000000000000000e+00
5.113957018042679659e-01 3.610585278531284331e-03 0.000000000000000000e+00 -1.149222879354354354e-01 1.076670053116772330e+00 0.000000000000000000e+00
7.037729058665530557e-01 -4.757049481888566116e-04 0.000000000000000000e+00 -3.458031370294821771e-01 4.684960043818541808e-01 0.000000000000000000e+00
6.269377398970078508e-01 1.965312772489994156e-03 0.000000000000000000e+00 3.300016159559436835e-01 6.896123026123641697e-01 0.000000000000000000e+00
5.265469524916293054e-01 -4.858162930746094850e-03 0.000000000000000000e+00 1.042458965562965689e-01 1.031934136424170756e+00 0.000000000000000000e+00
5.476070833084341061e-01 1.685310070130182237e-03 0.000000000000000000e+00 -2.145770831463919837e-01 9.521724596194010015e-01 0.000000000000000000e+00
7.261025962050970950e-01 -5.549722905641134990e-04 0.000000000000000000e+00 -3.185450590871323762e-01 4.269931033271108234e-01 0.000000000000000000e+00
7.983941994045278268e-01 1.033177570166672480e-03 0.000000000000000000e+00 2.872666257271647150e-01 2.506596719501679726e-01 0.000000000000000000e+00
8.040066262749234749e-01 4.947609841632720495e-04 0.000000000000000000e+00 -2.969286929214847159e-01 2.208315134506035615e-01 0.000000000000000000e+00
5.847254201402667384e-01 3.825596477514632554e-03 0.000000000000000000e+00 2.846613928417147665e-01 8.259335465242592100e-01 0.000000000000000000e+00
5.242137542621484458e-01 -1.636605380848160478e-03 0.000000000000000000e+00 2.256844763054928135e-02 1.043930395703114744e+00 0.000000000000000000e+00
5.673170282807269427e-01 3.550803832139060728e-03 0.000000000000000000e+00 -2.640952917683901946e-01 8.821479838565280396e-01 0.000000000000000000e+00
7.895755678756131157e-01 -1.315719914393220780e-03 0.000000000000000000e+00 -2.619642747838430985e-01 3.009844334197470106e-01 0.000000000000000000e+00
6.270698671073979824e-01 2.556687742495674515e-03 0.000000000000000000e+00 -1.612049013623125526e-01 7.469615560456189796e-01 0.000000000000000000e+00
6.118703577274113847e-01 3.349094936977851586e-03 0.000000000000000000e+00 8.940547626933473269e-02 7.976165028343552565e-01 0.000000000000000000e+00
7.173751071120264555e-01 -1.736291244085256397e-03 0.000000000000000000e+00 2.676851457645835763e-01 4.826675029000841444e-01 0.000000000000000000e+00
8.352290104410415861e-01 1.288443659951237115e-03 0.000000000000000000e+00 -1.673626954279009982e-01 2.599845079339972997e-01 0.000000000000000000e+00
8.010381510750053113e-01 -8.144659677556378898e-04 0.000000000000000000e+00 1.587644953605965026e-01 3.407942027337369506e-01 0.000000000000000000e+00
8.497303849818036436e-01 5.208113814397869129e-04 0.000000000000000000e+00 1.938441784585574479e-01 2.046314996143026865e-01 0.000000000000000000e+00
-1.180185291339513221e+00 -9.333849058806090171e-04 0.000000000000000000e+00 1.265805028640699936e-02 2.991340657456841301e-01 0.000000000000000000e+00
9.832916030493072945e-01 7.046737022265111595e-04 0.000000000000000000e+00 -1.288083916125326404e-02 1.648852364380130608e-01 0.000000000000000000e+00
-1.102576634050171478e+00 -1.234320599868988372e-04 0.000000000000000000e+00 -4.140278081666747684e-02 1.734123363402778617e-01 0.000000000000000000e+00
6.584707512935390472e-01 2.967194984068643668e-03 0.000000000000000000e+00 1.076453600240077219e-01 6.788798963618372095e-01 0.000000000000000000e+00
6.720555976438689072e-01 2.173883622431925164e-03 0.000000000000000000e+00 -1.470263826761080972e-01 6.384754227003432980e-01 0.000000000000000000e+00
8.379154353153192014e-01 8.346473501098846531e-04 0.000000000000000000e+00 2.158051301767331953e-01 2.142361495061471111e-01 0.000000000000000000e+00
9.093438529768727019e-01 5.298079808221940572e-04 0.000000000000000000e+00 -2.333510756288639451e-02 1.772698284823207016e-01 0.000000000000000000e+00
