-1.146883803394184387e+00 3.626228155402394515e-04 0.000000000000000000e+00 -7.286011635460099001e-02 2.367363164068608805e-01 0.000000000000000000e+00
-1.133383844712453126e+00 -2.061627904228393454e-04 0.000000000000000000e+00 7.663408332286736346e-02 2.132412486767178428e-01 0.000000000000000000e+00
-1.174489231216198082e+00 -6.362535326465013769e-04 0.000000000000000000e+00 -4.403695928213708158e-03 2.905518144521668789e-01 0.000000000000000000e+00
-1.132049005735905833e+00 -4.751421439238641582e-04 0.000000000000000000e+00 1.201379491810111444e-01 1.896534434236601119e-01 0.000000000000000000e+00
9.989115895197346884e-01 -1.673417354389170747e-03 0.000000000000000000e+00 8.009537838578846547e-02 4.169862155017385330e-01 0.000000000000000000e+00
1.003763256957795225e+00 -3.083967748849781839e-04 0.000000000000000000e+00 3.983581205613957732e-02 3.073332592334803159e-01 0.000000000000000000e+00
-1.126017912068625559e+00 4.046348387964741888e-04 0.000000000000000000e+00 -3.533093672552778397e-02 2.121313370443028146e-01 0.000000000000000000e+00
8.998419620257396279e-01 -1.927896193731990643e-04 0.000000000000000000e+00 4.752692389453336275e-02 1.878225606954453675e-01 0.000000000000000000e+00
8.380690367426305576e-01 -5.032744504272481864e-04 0.000000000000000000e+00 -2.120454181782200354e-01 2.175301182574139180e-01 0.000000000000000000e+00
7.040629698104321488e-01 -1.264280571480020862e-03 0.000000000000000000e+00 1.850774961326418500e-01 5.513946511132669093e-01 0.000000000000000000e+00
6.467060413437012434e-01 -9.800113239034485835e-04 0.000000000000000000e+00 -3.488027094961715369e-02 7.148845818622187043e-01 0.000000000000000000e+00
7.559245344897014274e-01 1.173304974974151774e-03 0.000000000000000000e+00 -2.016889916841866914e-01 4.229818407719573292e-01 0.000000000000000000e+00
8.044944234359001634e-01 2.011975736128340624e-04 0.000000000000000000e+00 -1.633459412891442586e-01 3.309452853127932137e-01 0.000000000000000000e+00
7.933718347612287447e-01 -1.664957106220655431e-03 0.000000000000000000e+00 1.588329271954774802e-01 3.576490343805365235e-01 0.000000000000000000e+00
9.374243783518416695e-01 -1.018711812225450686e-04 0.000000000000000000e+00 1.400043028468193063e-01 2.168828105429698033e-02 0.000000000000000000e+00
-1.421513468171708094e+00 -1.841229702197717290e-03 0.000000000000000000e+00 -5.695647614268742331e-02 6.530772513229692322e-01 0.000000000000000000e+00
-1.238359481399019746e+00 2.010336319325091263e-04 0.000000000000000000e+00 -1.579643568789512176e-01 3.546149513155120725e-01 0.000000000000000000e+00
-1.381447462228322598e+00 -1.704620090846086303e-03 0.000000000000000000e+00 1.018964055054912277e-01 5.898119030634147997e-01 0.000000000000000000e+00
-1.358580881558254738e+00 2.119764649794596278e-03 0.000000000000000000e+00 6.996407015834363308e-02 5.613225623515403218e-01 0.000000000000000000e+00
-1.221012426224301617e+00 1.515823671154764921e-03 0.000000000000000000e+00 1.340370183115528468e-01 3.361936305756789700e-01 0.000000000000000000e+00
-1.285351327081357464e+00 2.205822536587645488e-03 0.000000000000000000e+00 -1.109989687494488397e-01 4.448886908632577741e-01 0.000000000000000000e+00
-1.377110737028778065e+00 1.252733764497228341e-03 0.000000000000000000e+00 -6.441175140970262225e-02 5.888194869753553551e-01 0.000000000000000000e+00
-1.365922841634930052e+00 1.009684233827454203e-03 0.000000000000000000e+00 -1.034715743398160748e-01 5.668850912002951770e-01 0.000000000000000000e+00
-1.107885385883443430e+00 -1.733257332609244167e-05 0.000000000000000000e+00 1.413781577331210126e-01 1.217769685991933193e-01 0.000000000000000000e+00
-1.088927242529305506e+00 9.621979824112969829e-05 0.000000000000000000e+00 -1.314090497949426672e-01 8.565790885898141860e-02 0.000000000000000000e+00
-1.368417020022754560e+00 -1.340399777379243373e-03 0.000000000000000000e+00 1.014611431487020266e-01 5.708958484553894319e-01 0.000000000000000000e+00
-1.374144345959578128e+00 1.151979507063031344e-03 0.000000000000000000e+00 6.683257930261769786e-02 5.842644583499694289e-01 0.000000000000000000e+00
-1.281652164957347573e+00 -1.772774381319234399e-03 0.000000000000000000e+00 1.133593551439150415e-01 4.386246855324044125e-01 0.000000000000000000e+00
-1.221903872473244501e+00 1.389040154831741201e-03 0.000000000000000000e+00 -1.333688432671081558e-01 3.379164059886835547e-01 0.000000000000000000e+00
-1.356879965744828720e+00 -1.080698818682447734e-03 0.000000000000000000e+00 -7.158775997068123065e-02 5.586398007165458424e-01 0.000000000000000000e+00
-1.381983914015172177e+00 9.906060642713085396e-04 0.000000000000000000e+00 -9.782626844784837739e-02 5.912788479763839700e-01 0.000000000000000000e+00
-1.175671787527696965e+00 5.377969534130261527e-04 0.000000000000000000e+00 1.591557334971696325e-01 2.453059918540428375e-01 0.000000000000000000e+00
-1.403247244307833874e+00 2.698645617453691858e-03 0.000000000000000000e+00 7.847084408880926343e-02 6.247546255505129764e-01 0.000000000000000000e+00
-1.134195207921461446e+00 2.040366509972713852e-04 0.000000000000000000e+00 -1.244205613188325565e-01 1.908976235240246733e-01 0.000000000000000000e+00
1.004316565676742989e+00 -5.777302320755723416e-04 0.000000000000000000e+00 -7.993321798599725692e-02 2.861975640935043863e-01 0.000000000000000000e+00
9.393224426066553168e-01 -4.724518290182958859e-04 0.000000000000000000e+00 6.631485398807357434e-02 1.230397413068548274e-01 0.000000000000000000e+00
9.493656434748948270e-01 -4.111871526128122855e-04 0.000000000000000000e+00 -6.664869437596919466e-02 1.137361774797069069e-01 0.000000000000000000e+00
7.173437194146883300e-01 -2.197434400675202064e-03 0.000000000000000000e+00 1.963435492799779636e-02 5.516310736225715772e-01 0.000000000000000000e+00
8.303353840553311382e-01 -1.057675796773909112e-03 0.000000000000000000e+00 -1.187913805090967667e-01 2.955668829095254857e-01 0.000000000000000000e+00
8.794600580321725314e-01 -2.041577068987053198e-04 0.000000000000000000e+00 -3.617217872262382117e-02 2.252217866022244164e-01 0.000000000000000000e+00
-1.095229022820586984e+00 -3.351477836695954116e-07 0.000000000000000000e+00 4.271226695691274222e-02 1.611715310256813805e-01 0.000000000000000000e+00
8.922435473576646459e-01 7.691579295582024606e-05 0.000000000000000000e+00 -1.882733156387236817e-01 8.420688008630899946e-02 0.000000000000000000e+00
6.258922396726250836e-01 -6.317563718306706648e-04 0.000000000000000000e+00 -4.545527423258276939e-02 7.657638132740116621e-01 0.000000000000000000e+00
7.463114207450055604e-01 8.679958431602453851e-04 0.000000000000000000e+00 2.491658385108821983e-01 4.207802030566067386e-01 0.000000000000000000e+00
7.091369273929171158e-01 -1.901820524977767667e-03 0.000000000000000000e+00 -2.536543465970854117e-01 5.107228288980875108e-01 0.000000000000000000e+00
6.113010080294747350e-01 -1.853149527696280018e-03 0.000000000000000000e+00 -2.054229954756546517e-02 8.038175269850567073e-01 0.000000000000000000e+00
6.797790765811855263e-01 -2.785233987330736072e-03 0.000000000000000000e+00 2.373664839394170611e-01 5.912754358515581732e-01 0.000000000000000000e+00
7.491605916919787944e-01 -1.468323064218027274e-03 0.000000000000000000e+00 -2.424048252652507562e-01 4.177007742944374713e-01 0.000000000000000000e+00
6.394559406695048409e-01 1.750630261321327839e-03 0.000000000000000000e+00 9.392227015599670381e-02 7.274133703796712425e-01 0.000000000000000000e+00
7.369873666174651117e-01 1.060435116827882635e-03 0.000000000000000000e+00 -2.192151251902309805e-01 4.594228385254152114e-01 0.000000000000000000e+00
-9.658240788851125691e-01 -1.979047457354187779e-04 0.000000000000000000e+00 5.595214828441931465e-02 5.179929457609035170e-02 0.000000000000000000e+00
7.271706692208552703e-01 2.426987802705217207e-03 0.000000000000000000e+00 2.114582767936605268e-01 4.863897142846969057e-01 0.000000000000000000e+00
6.406678445550879619e-01 -8.065509710886631031e-05 0.000000000000000000e+00 -7.922948990154529691e-02 7.261732799051441312e-01 0.000000000000000000e+00
8.040280107604144133e-01 -1.648438077643706035e-04 0.000000000000000000e+00 2.358101620234659412e-01 2.851101715049874641e-01 0.000000000000000000e+00
6.153527930947593205e-01 -3.126531360726199013e-03 0.000000000000000000e+00 3.073219012749754953e-01 7.318181576380884401e-01 0.000000000000000000e+00
5.434273755345161439e-01 9.420649751744900394e-04 0.000000000000000000e+00 1.343577823062594157e-01 9.788272117832490515e-01 0.000000000000000000e+00
5.382491260843187408e-01 2.467749690468293636e-03 0.000000000000000000e+00 -1.023647846460980781e-01 9.976935635897892229e-01 0.000000000000000000e+00
5.992586883332784442e-01 1.114764969255810020e-03 0.000000000000000000e+00 -2.887108769197127556e-01 7.837584356796678531e-01 0.000000000000000000e+00
7.669673689003766448e-01 7.256844727209377927e-05 0.000000000000000000e+00 -2.773536696407448154e-01 3.485803707575847454e-01 0.000000000000000000e+00
6.417452957409307546e-01 2.969627243527459340e-03 0.000000000000000000e+00 -2.190398402546548939e-01 6.940880431511083914e-01 0.000000000000000000e+00
5.974515797189989819e-01 2.001857968205395313e-03 0.000000000000000000e+00 -3.535327472377698677e-02 8.392078500332669222e-01 0.000000000000000000e+00
6.202424834822118926e-01 8.066839996338295848e-04 0.000000000000000000e+00 1.655521551509488987e-01 7.635942929612058450e-01 0.000000000000000000e+00
7.186320140283968261e-01 9.899126076311067987e-04 0.000000000000000000e+00 2.772894471157659191e-01 4.739935939303341894e-01 0.000000000000000000e+00
7.628115449288623839e-01 -4.044273560822181368e-05 0.000000000000000000e+00 2.925274437513238901e-01 3.473723996226458777e-01 0.000000000000000000e+00
5.488189977752891968e-01 3.649130373042106315e-03 0.000000000000000000e+00 2.209400100175206438e-01 9.471434006153863772e-01 0.000000000000000000e+00
5.254814204290211288e-01 -3.831103249035404910e-03 0.000000000000000000e+00 -1.045387015965389549e-01 1.035104339701584220e+00 0.000000000000000000e+00
6.411250620804267442e-01 -1.019100229305496680e-03 0.000000000000000000e+00 -3.404286101160273192e-01 6.450518032730505613e-01 0.000000000000000000e+00
6.742382876242744016e-01 5.329898602677086202e-04 0.000000000000000000e+00 3.487837405827491910e-01 5.485933749871969578e-01 0.000000000000000000e+00
5.204170351866779232e-01 -7.705453796120250581e-04 0.000000000000000000e+00 1.217685489484989780e-01 1.048476935241034580e+00 0.000000000000000000e+00
5.506170728775214851e-01 -2.224824255622833910e-03 0.000000000000000000e+00 -2.499389104267478456e-01 9.346486152166139094e-01 0.000000000000000000e+00
7.690109150398087845e-01 5.000004734755932696e-04 0.000000000000000000e+00 3.287170160302056443e-01 2.942965069024737756e-01 0.000000000000000000e+00
8.185334121650678085e-01 2.730685631786595319e-04 0.000000000000000000e+00 -3.040937411534612167e-01 1.551826056890903971e-01 0.000000000000000000e+00
4.785097863857846745e-01 5.896401130939368622e-03 0.000000000000000000e+00 -1.249293127447165946e-03 1.186571585797463690e+00 0.000000000000000000e+00
8.675457469930669685e-01 -1.562829066646886315e-04 0.000000000000000000e+00 2.438730151355801845e-01 5.137180212951997227e-02 0.000000000000000000e+00
7.605718279467891252e-01 -6.487679306288831639e-04 0.000000000000000000e+00 -3.290574994973073930e-01 3.197619678328472159e-01 0.000000000000000000e+00
5.768921031724012494e-01 3.477166608820313025e-03 0.000000000000000000e+00 2.842835172736428162e-01 8.483238681068874243e-01 0.000000000000000000e+00
5.197211964528660744e-01 4.144981172875109032e-03 0.000000000000000000e+00 -2.284591329724333653e-02 1.057315438400713958e+00 0.000000000000000000e+00
5.897815317730621398e-01 2.766569985418169779e-03 0.000000000000000000e+00 -3.106791171919782713e-01 8.020996033517349133e-01 0.000000000000000000e+00
7.232386189217305805e-01 -2.763149862410846196e-04 0.000000000000000000e+00 3.462306464552236118e-01 4.130918343579609853e-01 0.000000000000000000e+00
4.928173057261608925e-01 -4.361810560032043128e-03 0.000000000000000000e+00 5.136001984477454874e-02 1.139402273835389501e+00 0.000000000000000000e+00
6.381837409637522995e-01 -2.370219637281325599e-03 0.000000000000000000e+00 -3.781323148398345602e-01 6.321248492043232137e-01 0.000000000000000000e+00
5.443775240037067586e-01 6.056054277153617715e-04 0.000000000000000000e+00 2.843991437154818058e-01 9.433538633303930609e-01 0.000000000000000000e+00
5.171766691100098123e-01 -2.578967285207414695e-03 0.000000000000000000e+00 -1.897586722345346311e-01 1.048222720074020620e+00 0.000000000000000000e+00
7.352651670073639956e-01 -8.846147179841059097e-04 0.000000000000000000e+00 3.601383631054091428e-01 3.650163397566049683e-01 0.000000000000000000e+00
4.695910996766845535e-01 -5.375678659543468504e-03 0.000000000000000000e+00 -1.079386577083954885e-01 1.211246361967341256e+00 0.000000000000000000e+00
5.941960921869262613e-01 3.235538046343707994e-03 0.000000000000000000e+00 4.228764847251635928e-01 7.356240701566614248e-01 0.000000000000000000e+00
4.919946197288753709e-01 1.041814593404554942e-03 0.000000000000000000e+00 -2.947711476405047715e-01 1.104590453076139678e+00 0.000000000000000000e+00
4.981620956451905946e-01 -4.495611151020354260e-03 0.000000000000000000e+00 3.229026063024205140e-01 1.076328412957444192e+00 0.000000000000000000e+00
5.734687816526939930e-01 3.538133072224135256e-03 0.000000000000000000e+00 -4.250292012669230068e-01 7.978509375731852593e-01 0.000000000000000000e+00
4.696494860210924660e-01 4.599069744205201704e-03 0.000000000000000000e+00 1.279126236481946399e-01 1.209133236568876502e+00 0.000000000000000000e+00
7.261557595826820810e-01 -1.052652972235439133e-03 0.000000000000000000e+00 -3.678712849817039054e-01 3.851440395267861638e-01 0.000000000000000000e+00
5.073443335205757299e-01 -2.127273234701534087e-03 0.000000000000000000e+00 1.737335498685063095e-01 1.081363507210289843e+00 0.000000000000000000e+00
5.591790800416985840e-01 2.066588372849472062e-03 0.000000000000000000e+00 -3.298365664574454126e-01 8.838766535647404332e-01 0.000000000000000000e+00
5.840078920580630273e-01 -3.113506101573996002e-03 0.000000000000000000e+00 3.625382589747090378e-01 7.969605039494760401e-01 0.000000000000000000e+00
4.999548938545003152e-01 -2.069112414849788757e-03 0.000000000000000000e+00 -1.217817377872301432e-01 1.111491651797217095e+00 0.000000000000000000e+00
7.808894458712852815e-01 -1.096183461534743289e-03 0.000000000000000000e+00 3.330879274399534129e-01 2.503949901470580164e-01 0.000000000000000000e+00
7.841017369408334048e-01 1.761072485941371371e-04 0.000000000000000000e+00 -3.312665938785470665e-01 2.418271221078182043e-01 0.000000000000000000e+00
4.956715516956575751e-01 -4.579956211949934644e-03 0.000000000000000000e+00 1.148361072223404167e-01 1.125689449152851296e+00 0.000000000000000000e+00
5.998227901033654774e-01 -1.086967979170259946e-03 0.000000000000000000e+00 -3.715214676712537689e-01 7.464315337226048452e-01 0.000000000000000000e+00
5.473009778234679823e-01 1.990157825933249955e-03 0.000000000000000000e+00 3.039916669417097594e-01 9.284255166608900156e-01 0.000000000000000000e+00
5.146356718680413778e-01 -4.518162656809191283e-03 0.000000000000000000e+00 -2.011199091954697371e-01 1.053890601916948722e+00 0.000000000000000000e+00
6.814848732002181109e-01 -1.847140110048259287e-03 0.000000000000000000e+00 3.873935482448164214e-01 5.008690513748271789e-01 0.000000000000000000e+00
4.788028343025569344e-01 5.191524328853542800e-03 0.000000000000000000e+00 -9.340471756523849312e-02 1.181958366168983643e+00 0.000000000000000000e+00
6.779107765625868032e-01 -1.871013421742441247e-03 0.000000000000000000e+00 4.082067491095401346e-01 4.948710229088949530e-01 0.000000000000000000e+00
4.728392488755073231e-01 -3.817934913281906956e-03 0.000000000000000000e+00 -2.023115915176836865e-01 1.188210024327148950e+00 0.000000000000000000e+00
5.236907254447109583e-01 -4.481338207008925267e-04 0.000000000000000000e+00 3.798210566987049175e-01 9.743482836989101337e-01 0.000000000000000000e+00
-9.218986789156613515e-01 -2.027622800258140545e-04 0.000000000000000000e+00 1.284600762887471159e-01 7.130135111302944584e-02 0.000000000000000000e+00
5.381567597496410560e-01 2.982691588156570310e-03 0.000000000000000000e+00 -4.036788627581258115e-01 9.184163999764921593e-01 0.000000000000000000e+00
4.690689749034027689e-01 5.715121544749268354e-03 0.000000000000000000e+00 1.654105625218918740e-01 1.206493745506271864e+00 0.000000000000000000e+00
7.148029631650985039e-01 -1.284721411706239366e-04 0.000000000000000000e+00 -3.810205974659692796e-01 4.071587096535557726e-01 0.000000000000000000e+00
4.931853548385854991e-01 -1.238761780650747286e-03 0.000000000000000000e+00 1.286361334224296882e-01 1.132168273986717377e+00 0.000000000000000000e+00
6.042598874552385091e-01 -2.694001165071194248e-03 0.000000000000000000e+00 -3.793372448837312727e-01 7.294996913160642915e-01 0.000000000000000000e+00
5.298953000961709181e-01 -4.748330636555817864e-03 0.000000000000000000e+00 2.870237004335098319e-01 9.863967062988010515e-01 0.000000000000000000e+00
-9.380812260870162733e-01 -1.703899249169036029e-04 0.000000000000000000e+00 -8.845281073162855612e-02 8.017701369611354711e-02 0.000000000000000000e+00
5.245027078998841796e-01 -2.226058791063665471e-03 0.000000000000000000e+00 -2.584319959293973623e-01 1.010804309298957815e+00 0.000000000000000000e+00
6.164319288515411888e-01 -2.523043651361753584e-03 0.000000000000000000e+00 3.911770171433749388e-01 6.875022298539885668e-01 0.000000000000000000e+00
4.901220156972513342e-01 2.355494102021424806e-04 0.000000000000000000e+00 -1.138342128242676443e-01 1.143543451027319025e+00 0.000000000000000000e+00
7.178226952595863075e-01 1.456406275012724766e-03 0.000000000000000000e+00 3.802580501675539848e-01 3.986693219257851362e-01 0.000000000000000000e+00
4.677582731771406377e-01 -1.940033946717851544e-03 0.000000000000000000e+00 -1.834237779422233650e-01 1.208425615126622166e+00 0.000000000000000000e+00
5.277596145172285258e-01 1.383340507609585705e-03 0.000000000000000000e+00 3.875948760192232667e-01 9.582616158209829038e-01 0.000000000000000000e+00
-9.360761523528928763e-01 -1.751009966302029264e-04 0.000000000000000000e+00 7.187283298644533969e-02 9.948010091798004106e-02 0.000000000000000000e+00
5.383199016228816802e-01 -3.250085926062216274e-03 0.000000000000000000e+00 -3.979206868383397544e-01 9.204068338495927648e-01 0.000000000000000000e+00
4.646838042083327736e-01 -4.910148859457272308e-03 0.000000000000000000e+00 1.717859832438073941e-01 1.220493838922668717e+00 0.000000000000000000e+00
7.383009501022367305e-01 -3.464075670873727935e-04 0.000000000000000000e+00 -3.652308827242067846e-01 3.505185690465224546e-01 0.000000000000000000e+00
4.971946654329896798e-01 2.469338081676712010e-03 0.000000000000000000e+00 1.271972044384298006e-01 1.119585186721808068e+00 0.000000000000000000e+00
5.909390518633699241e-01 1.062276350187683557e-03 0.000000000000000000e+00 -3.713891233112148749e-01 7.724817074222118940e-01 0.000000000000000000e+00
5.456064161567746318e-01 2.316745214586216246e-03 0.000000000000000000e+00 3.054551427915143669e-01 9.330359419096503348e-01 0.000000000000000000e+00
5.146012411653109186e-01 -1.205465866282215415e-03 0.000000000000000000e+00 -2.167559463383038065e-01 1.050951365607887045e+00 0.000000000000000000e+00
6.614327132383870378e-01 1.166523780281364733e-03 0.000000000000000000e+00 3.905308016139923954e-01 5.570607079681730855e-01 0.000000000000000000e+00
4.828685129715308277e-01 -4.518510046270553249e-05 0.000000000000000000e+00 -8.872110043238931598e-02 1.169146913846902169e+00 0.000000000000000000e+00
7.022693274856206536e-01 -9.294017158724800567e-04 0.000000000000000000e+00 3.940441074880676187e-01 4.333060586228360545e-01 0.000000000000000000e+00
4.681505414906739215e-01 2.982337080148905577e-03 0.000000000000000000e+00 -2.100707799873027526e-01 1.202729273947007904e+00 0.000000000000000000e+00
5.170602328854313479e-01 3.214747346166045919e-03 0.000000000000000000e+00 3.699907717492978421e-01 9.993273257288113331e-01 0.000000000000000000e+00
5.518912441350385389e-01 -5.870110448390371272e-04 0.000000000000000000e+00 -4.174663267291452429e-01 8.688218164966465817e-01 0.000000000000000000e+00
4.614956982388647155e-01 -1.326966173132404850e-03 0.000000000000000000e+00 1.307336129643339451e-01 1.236503457982778720e+00 0.000000000000000000e+00
7.658565313710867795e-01 6.493034564025087227e-04 0.000000000000000000e+00 3.660180361708267327e-01 2.579485368802497125e-01 0.000000000000000000e+00
7.672686854786217037e-01 9.715046394116336539e-04 0.000000000000000000e+00 -3.663550753899596502e-01 2.523159284099153465e-01 0.000000000000000000e+00
4.616522427379813331e-01 -5.185447443732043443e-03 0.000000000000000000e+00 -1.380387832165309026e-01 1.235082904181418861e+00 0.000000000000000000e+00
5.357851243008282527e-01 -4.001234973488606780e-03 0.000000000000000000e+00 4.128992304737416075e-01 9.218464698586994466e-01 0.000000000000000000e+00
-9.364744280397061527e-01 2.806136277648191638e-04 0.000000000000000000e+00 -6.746828851534550364e-02 1.017258931306550818e-01 0.000000000000000000e+00
5.273006689355814736e-01 1.964446351633303972e-03 0.000000000000000000e+00 -3.991267531853676109e-01 9.549833634750577449e-01 0.000000000000000000e+00
4.619321992887527872e-01 -5.580791723895393158e-03 0.000000000000000000e+00 1.738183278587859260e-01 1.229582481056993082e+00 0.000000000000000000e+00
8.082723295944542752e-01 -1.451568401103255079e-04 0.000000000000000000e+00 3.243870586036469716e-01 1.597208527436084768e-01 0.000000000000000000e+00
7.497100289320269839e-01 1.490200664453297189e-03 0.000000000000000000e+00 -3.657287244893245859e-01 3.136200618937013962e-01 0.000000000000000000e+00
4.804528279121479395e-01 -4.296133480246386652e-03 0.000000000000000000e+00 5.508913551227001548e-02 1.179004114244487811e+00 0.000000000000000000e+00
7.023020906948802544e-01 -1.757606222103302862e-03 0.000000000000000000e+00 -3.705316909222509114e-01 4.534756734951398416e-01 0.000000000000000000e+00
5.308255869496109058e-01 6.939626025023507526e-04 0.000000000000000000e+00 2.359524232521967302e-01 9.970915017965839011e-01 0.000000000000000000e+00
-9.486835978787330204e-01 3.086188313792707439e-05 0.000000000000000000e+00 -4.029722571573421397e-02 9.381806130939895905e-02 0.000000000000000000e+00
5.274729175309750273e-01 6.835906899845221874e-04 0.000000000000000000e+00 -2.264563965790934996e-01 1.009425924749229875e+00 0.000000000000000000e+00
7.152986972015515921e-01 1.276083695725821476e-03 0.000000000000000000e+00 3.661086947674059844e-01 4.191570039777455792e-01 0.000000000000000000e+00
4.767422752789965967e-01 -4.070268083488760326e-03 0.000000000000000000e+00 -6.366724059187461870e-02 1.190727516334560754e+00 0.000000000000000000e+00
6.863692975242099426e-01 1.350296114434253484e-03 0.000000000000000000e+00 4.044569938747147875e-01 4.724428552288840732e-01 0.000000000000000000e+00
4.700685574582648130e-01 4.670130561924487611e-03 0.000000000000000000e+00 -2.292177811176926427e-01 1.192662120394045955e+00 0.000000000000000000e+00
5.102750095159735988e-01 2.616083049451465876e-03 0.000000000000000000e+00 3.583216103034608246e-01 1.025450270876188341e+00 0.000000000000000000e+00
5.598240103367446707e-01 3.045765377856678863e-03 0.000000000000000000e+00 -4.284327305857471568e-01 8.385010568787142349e-01 0.000000000000000000e+00
4.604584715456538357e-01 -4.156968866192658867e-03 0.000000000000000000e+00 1.178624003743299342e-01 1.241282469406936428e+00 0.000000000000000000e+00
7.441629974506028811e-01 1.076239109044684408e-03 0.000000000000000000e+00 3.840558341881700755e-01 3.101042763043850847e-01 0.000000000000000000e+00
7.921467750561688170e-01 6.819467661007098946e-04 0.000000000000000000e+00 -3.487546520573172604e-01 1.829284043732868070e-01 0.000000000000000000e+00
4.600853924394410766e-01 5.717334942779239357e-03 0.000000000000000000e+00 -2.811977848707948313e-01 1.216004022857382516e+00 0.000000000000000000e+00
4.602739276894296516e-01 3.499525698523464623e-06 0.000000000000000000e+00 2.668617913233278793e-01 1.218696714094104738e+00 0.000000000000000000e+00
7.780310862139998562e-01 -2.041992398490012975e-04 0.000000000000000000e+00 3.638339956948322129e-01 2.149334393653601905e-01 0.000000000000000000e+00
7.476718231758130440e-01 2.612160670609044513e-04 0.000000000000000000e+00 -3.858484554842195324e-01 2.957045809316078411e-01 0.000000000000000000e+00
4.578718606867775431e-01 5.944769855167782863e-03 0.000000000000000000e+00 -1.718331378560219447e-01 1.243822782583885456e+00 0.000000000000000000e+00
5.163353023241281647e-01 -4.739243031206288176e-03 0.000000000000000000e+00 3.973661061299181840e-01 9.910854028244059366e-01 0.000000000000000000e+00
5.510691303379728900e-01 2.388119319900178575e-03 0.000000000000000000e+00 -4.313116815626217848e-01 8.646203393766613843e-01 0.000000000000000000e+00
4.547968572425044043e-01 2.692507598064624967e-03 0.000000000000000000e+00 8.757741258088172498e-02 1.263278360963233871e+00 0.000000000000000000e+00
6.725808541748697911e-01 -1.613353331850388844e-04 0.000000000000000000e+00 4.345371114442714289e-01 4.887331903096249208e-01 0.000000000000000000e+00
4.775416094159165015e-01 -2.080462390089707000e-03 0.000000000000000000e+00 -3.514198458657563084e-01 1.136797522665389915e+00 0.000000000000000000e+00
4.402090712492774949e-01 -5.857913306794078172e-03 0.000000000000000000e+00 1.646456116013867987e-01 1.307099967443381860e+00 0.000000000000000000e+00
6.052588288089082447e-01 -1.795429582777697056e-03 0.000000000000000000e+00 4.783068803386811285e-01 6.656398831941858774e-01 0.000000000000000000e+00
5.031375868961143194e-01 4.376587311692664226e-03 0.000000000000000000e+00 -4.442389454673947302e-01 1.015286244419981276e+00 0.000000000000000000e+00
4.278669158232549785e-01 -1.780909826140451846e-03 0.000000000000000000e+00 -4.277084203558201986e-03 1.362337514431382068e+00 0.000000000000000000e+00
4.988804322559822202e-01 -3.187089132001783356e-03 0.000000000000000000e+00 4.351857034337327512e-01 1.033645123031584179e+00 0.000000000000000000e+00
6.180527007006826334e-01 -1.892414117987246958e-03 0.000000000000000000e+00 -4.705171134808708855e-01 6.307326856262058801e-01 0.000000000000000000e+00
4.428796317357311940e-01 -2.650778381084697988e-03 0.000000000000000000e+00 -1.537669891642890474e-01 1.298958050047391399e+00 0.000000000000000000e+00
4.780490770025441760e-01 -4.544972743883591432e-03 0.000000000000000000e+00 3.630788145716365434e-01 1.131323046798102583e+00 0.000000000000000000e+00
6.579569796271358406e-01 2.191801858091460900e-03 0.000000000000000000e+00 -4.437825419242308334e-01 5.265421775799378201e-01 0.000000000000000000e+00
4.529909619355874106e-01 1.328006011689592501e-03 0.000000000000000000e+00 -9.040305838396661686e-02 1.269361044285078011e+00 0.000000000000000000e+00
5.495856606297946367e-01 2.028577462633648562e-03 0.000000000000000000e+00 4.261034696917804232e-01 8.718894018160707748e-01 0.000000000000000000e+00
5.219243548855672099e-01 -1.176388160725513193e-04 0.000000000000000000e+00 -4.000876357897812929e-01 9.719141197585421388e-01 0.000000000000000000e+00
4.560140877796120540e-01 1.875147986668774212e-03 0.000000000000000000e+00 1.417084693011530228e-01 1.254152983849200265e+00 0.000000000000000000e+00
7.087232731812157516e-01 -1.027110433637344264e-03 0.000000000000000000e+00 4.167225734177703034e-01 3.906370594377383543e-01 0.000000000000000000e+00
4.726049537796923605e-01 -1.096970269007666032e-03 0.000000000000000000e+00 -3.737699170295383233e-01 1.146782550585847549e+00 0.000000000000000000e+00
4.280120979301231809e-01 -3.296059976388102802e-03 0.000000000000000000e+00 9.607711433798901690e-02 1.358384842550594884e+00 0.000000000000000000e+00
5.309230648553060483e-01 3.901001170785768635e-05 0.000000000000000000e+00 4.708562715805501009e-01 9.097438551568641785e-01 0.000000000000000000e+00
5.701523605512919257e-01 -1.011369231773762319e-03 0.000000000000000000e+00 -4.832886394880364644e-01 7.747126222192595169e-01 0.000000000000000000e+00
4.337359156988590536e-01 3.260962222062822186e-03 0.000000000000000000e+00 -1.534604030841301703e-01 1.332034247729726228e+00 0.000000000000000000e+00
4.629165695589793073e-01 -5.542357370961738250e-03 0.000000000000000000e+00 3.486436274612506603e-01 1.188408236496524273e+00 0.000000000000000000e+00
7.878035764319598622e-01 6.833666620502630573e-04 0.000000000000000000e+00 3.576478075622251951e-01 1.848976447935301304e-01 0.000000000000000000e+00
7.350213183194249655e-01 1.087633709836854836e-03 0.000000000000000000e+00 -4.011916774391761642e-01 3.202034654336675112e-01 0.000000000000000000e+00
4.559287019372182947e-01 3.982197757205130882e-03 0.000000000000000000e+00 -2.116887597392380083e-01 1.244509971065814291e+00 0.000000000000000000e+00
4.854192234919679771e-01 -5.351854562213024039e-03 0.000000000000000000e+00 3.524650831820289598e-01 1.109560908361767240e+00 0.000000000000000000e+00
6.231800279929884390e-01 -2.892149457831054427e-03 0.000000000000000000e+00 -4.457748023664596104e-01 6.326608700358671289e-01 0.000000000000000000e+00
4.526779348826445171e-01 -2.345897695231302649e-03 0.000000000000000000e+00 -2.405045446508472656e-02 1.273418653223341801e+00 0.000000000000000000e+00
5.844477866881800932e-01 -2.740419766940714076e-03 0.000000000000000000e+00 4.489567988903615525e-01 7.503259559997705885e-01 0.000000000000000000e+00
5.004434325227319347e-01 -3.364816704760542967e-03 0.000000000000000000e+00 -3.576177129587962966e-01 1.057805605434614549e+00 0.000000000000000000e+00
4.592688920053908941e-01 -4.395837665268419875e-03 0.000000000000000000e+00 2.048008102884510684e-01 1.234042658709591400e+00 0.000000000000000000e+00
7.768297844272010755e-01 -5.042954391749204790e-04 0.000000000000000000e+00 3.604952151830427276e-01 2.251901115824411492e-01 0.000000000000000000e+00
7.544817788666636771e-01 1.025446877371664206e-03 0.000000000000000000e+00 -3.755218482703153171e-01 2.854036427429412770e-01 0.000000000000000000e+00
4.617676215630396319e-01 3.428049590437513838e-03 0.000000000000000000e+00 -1.148309550857224415e-01 1.237117385341595988e+00 0.000000000000000000e+00
5.678611680650293980e-01 3.627300905202138475e-04 0.000000000000000000e+00 4.260841858709859542e-01 8.146872739438257849e-01 0.000000000000000000e+00
5.062063227150750411e-01 -3.134232401157763942e-03 0.000000000000000000e+00 -3.451289399814780334e-01 1.043130023009077201e+00 0.000000000000000000e+00
4.742348943080419987e-01 -5.136196393456304854e-03 0.000000000000000000e+00 2.492738775995219647e-01 1.174498735462319310e+00 0.000000000000000000e+00
6.602939682706026048e-01 -2.654250636805807664e-03 0.000000000000000000e+00 -4.177499661698894640e-01 5.403786688496132751e-01 0.000000000000000000e+00
4.709066822163268107e-01 3.765545240347587669e-03 0.000000000000000000e+00 5.391602932774626489e-02 1.210517594705734501e+00 0.000000000000000000e+00
8.243824153767503882e-01 -1.271070045549266411e-04 0.000000000000000000e+00 3.006612551941992839e-01 1.361220379577874895e-01 0.000000000000000000e+00
7.597099051043325613e-01 5.322182962220461250e-04 0.000000000000000000e+00 -3.419897975110105515e-01 3.086132600396713777e-01 0.000000000000000000e+00
5.228371255957541264e-01 -4.393692812892031722e-03 0.000000000000000000e+00 2.071081991983246828e-01 1.027574607312602417e+00 0.000000000000000000e+00
5.365786528928797594e-01 -2.328204848008040909e-03 0.000000000000000000e+00 -2.455708504429829353e-01 9.774196967798798319e-01 0.000000000000000000e+00
6.974097009896012000e-01 -3.276322394132344731e-04 0.000000000000000000e+00 3.718084834777373171e-01 4.666800697089414918e-01 0.000000000000000000e+00
4.831850792297349706e-01 -5.361433946149116170e-03 0.000000000000000000e+00 -2.822492897384852595e-02 1.171047576118924738e+00 0.000000000000000000e+00
8.182291097033247418e-01 -5.366872348167343008e-04 0.000000000000000000e+00 3.029652652825041148e-01 1.586854899377462824e-01 0.000000000000000000e+00
7.722749860171111980e-01 -6.352141736827865166e-04 0.000000000000000000e+00 -3.228734230695509133e-01 2.906885345367843376e-01 0.000000000000000000e+00
5.668098771248269996e-01 -3.527740187981661182e-03 0.000000000000000000e+00 2.794491689578383342e-01 8.788731829526708061e-01 0.000000000000000000e+00
5.194564725470586231e-01 2.149652477724091348e-03 0.000000000000000000e+00 -4.693586134848561769e-02 1.057356701052500458e+00 0.000000000000000000e+00
6.044903461162522973e-01 2.208078166507084199e-03 0.000000000000000000e+00 -3.266908374872309340e-01 7.538996871323149218e-01 0.000000000000000000e+00
6.925362828114263181e-01 4.622612434130157072e-04 0.000000000000000000e+00 3.532485073172433876e-01 4.945837271908670174e-01 0.000000000000000000e+00
5.078222952474369389e-01 3.892923490810351952e-03 0.000000000000000000e+00 8.415313114801246941e-02 1.090485561768011591e+00 0.000000000000000000e+00
5.758890912749644597e-01 2.208995796455988023e-03 0.000000000000000000e+00 -3.296045906767950395e-01 8.347143575237225832e-01 0.000000000000000000e+00
6.193785023717049976e-01 -4.125558128415217352e-04 0.000000000000000000e+00 3.652754833011552238e-01 6.931861707137697559e-01 0.000000000000000000e+00
5.007497139247865103e-01 2.862795941064266887e-03 0.000000000000000000e+00 -2.758622743076101502e-02 1.115308967091301451e+00 0.000000000000000000e+00
6.549460236636999166e-01 -2.510040078993611840e-03 0.000000000000000000e+00 -3.661422310252833712e-01 5.917074102829071869e-01 0.000000000000000000e+00
5.741207503112180088e-01 -1.891826755145389893e-03 0.000000000000000000e+00 3.155392705070938497e-01 8.452644577973644768e-01 0.000000000000000000e+00
5.107186851150308238e-01 4.308820438236892619e-03 0.000000000000000000e+00 -7.515146443172882051e-02 1.082231428611672097e+00 0.000000000000000000e+00
6.520402410533161497e-01 2.543393659511348440e-03 0.000000000000000000e+00 -3.595544721890443496e-01 6.038908073309433577e-01 0.000000000000000000e+00
6.114673833401331748e-01 2.107327723996306468e-03 0.000000000000000000e+00 3.353148033289855556e-01 7.303783398645110614e-01 0.000000000000000000e+00
5.145914056940218417e-01 -1.830660303271317360e-03 0.000000000000000000e+00 3.410233712171852061e-02 1.072547479696551509e+00 0.000000000000000000e+00
5.798165868482962892e-01 9.322499994046146328e-04 0.000000000000000000e+00 -3.086565277197498292e-01 8.313753766448639393e-01 0.000000000000000000e+00
6.894063479915979453e-01 4.159924840081976813e-04 0.000000000000000000e+00 3.604024828446089623e-01 4.982662204605198264e-01 0.000000000000000000e+00
4.997323449729359490e-01 4.125439456036595481e-03 0.000000000000000000e+00 4.777862785647524202e-02 1.117779407710802531e+00 0.000000000000000000e+00
6.098849749163866019e-01 -8.739281557637460299e-05 0.000000000000000000e+00 -3.648254972800308860e-01 7.206593555942857332e-01 0.000000000000000000e+00
5.711014366483644356e-01 1.436514100463212248e-03 0.000000000000000000e+00 3.250157538912031852e-01 8.504947419997814784e-01 0.000000000000000000e+00
5.072688095726305413e-01 -5.325490934173851554e-04 0.000000000000000000e+00 -1.154243171398070533e-01 1.089379286395643964e+00 0.000000000000000000e+00
7.418890551938337463e-01 1.596491193638013839e-03 0.000000000000000000e+00 -3.245968469932511424e-01 3.783365086920358888e-01 0.000000000000000000e+00
6.790902363792097329e-01 2.352561123631276632e-03 0.000000000000000000e+00 3.307252602296202326e-01 5.464751185383330823e-01 0.000000000000000000e+00
5.483705451598241964e-01 1.876696269476854639e-03 0.000000000000000000e+00 1.908441359009899752e-01 9.549934098616930100e-01 0.000000000000000000e+00
5.302344470487221351e-01 3.799915348699930105e-03 0.000000000000000000e+00 -8.994597359611092302e-02 1.022374328302334323e+00 0.000000000000000000e+00
6.054387743790839993e-01 2.803681182930771801e-03 0.000000000000000000e+00 -3.114762818004213063e-01 7.576517786012711975e-01 0.000000000000000000e+00
7.820366422564244413e-01 3.583864560741355232e-04 0.000000000000000000e+00 3.100927223151657142e-01 2.748573556598979950e-01 0.000000000000000000e+00
8.088234596224730399e-01 8.646040147796693956e-04 0.000000000000000000e+00 -3.073252376891395521e-01 1.884336141516119723e-01 0.000000000000000000e+00
5.022803947729116425e-01 4.575851060814819030e-03 0.000000000000000000e+00 1.187931502438592524e-01 1.104477213379799316e+00 0.000000000000000000e+00
5.788442237377526833e-01 3.610810389500632156e-03 0.000000000000000000e+00 -3.545478184785322839e-01 8.156992733195054246e-01 0.000000000000000000e+00
5.708152404174108296e-01 -8.756714650956648471e-04 0.000000000000000000e+00 3.409783033870950053e-01 8.450710489195318864e-01 0.000000000000000000e+00
5.041749904763705992e-01 1.468799804644537431e-03 0.000000000000000000e+00 -1.424345186071406255e-01 1.095807961603300740e+00 0.000000000000000000e+00
7.814542705534875955e-01 -7.534512490887986663e-04 0.000000000000000000e+00 3.310945371610251597e-01 2.511354595439327930e-01 0.000000000000000000e+00
7.870923897268462532e-01 -9.647938867395034705e-04 0.000000000000000000e+00 -3.278326653891951992e-01 2.362072470328316354e-01 0.000000000000000000e+00
4.978857583836914236e-01 3.677727956352804667e-04 0.000000000000000000e+00 1.154948332304033265e-01 1.118692555505394814e+00 0.000000000000000000e+00
5.936734179877021234e-01 -2.555478845861415549e-03 0.000000000000000000e+00 -3.642690986732782799e-01 7.678722973712630573e-01 0.000000000000000000e+00
5.514798908551438172e-01 -4.229217572319227125e-03 0.000000000000000000e+00 3.212016553057071011e-01 9.100007410337316305e-01 0.000000000000000000e+00
5.110438847028038190e-01 -2.565402289414571782e-03 0.000000000000000000e+00 -1.860117123907569781e-01 1.067805978890906227e+00 0.000000000000000000e+00
7.034739171782358191e-01 4.328693478949912493e-04 0.000000000000000000e+00 3.786147325130912455e-01 4.432946662886766975e-01 0.000000000000000000e+00
4.744117018800122487e-01 -8.922120467798983975e-04 0.000000000000000000e+00 -1.051610181710501690e-01 1.195540893698727736e+00 0.000000000000000000e+00
6.270016354436245276e-01 1.044149616721447640e-03 0.000000000000000000e+00 4.221221612714425309e-01 6.372273688177703121e-01 0.000000000000000000e+00
4.809990479393603802e-01 4.714846853349046775e-03 0.000000000000000000e+00 -2.450447743894001995e-01 1.152757151104325084e+00 0.000000000000000000e+00
5.232172722924266495e-01 -7.099303988571323276e-04 0.000000000000000000e+00 3.676567120517333365e-01 9.805127860121958250e-01 0.000000000000000000e+00
-9.260314568816606640e-01 -2.863361628490132364e-04 0.000000000000000000e+00 1.169539816473906813e-01 7.661093142077082807e-02 0.000000000000000000e+00
5.376696549434110128e-01 -6.936176776331055491e-04 0.000000000000000000e+00 -3.866670422888771608e-01 9.272664425371432984e-01 0.000000000000000000e+00
4.765707163944887803e-01 -3.814012617308426036e-03 0.000000000000000000e+00 2.132070363764646537e-01 1.173803105217110065e+00 0.000000000000000000e+00
6.516474412232229341e-01 -1.588968432663161873e-03 0.000000000000000000e+00 -4.142506843596047150e-01 5.689565956589277551e-01 0.000000000000000000e+00
4.789373107442903010e-01 2.737272397364286236e-03 0.000000000000000000e+00 1.026428135705129696e-01 1.180822780711735742e+00 0.000000000000000000e+00
6.757939466313755972e-01 -1.442988313639162034e-03 0.000000000000000000e+00 -3.903221051242508066e-01 5.153141381139132449e-01 0.000000000000000000e+00
5.069093115405823857e-01 3.228234315174561761e-04 0.000000000000000000e+00 1.912663749267544677e-01 1.079780815311051523e+00 0.000000000000000000e+00
5.597016511328065658e-01 -2.009604529495617829e-03 0.000000000000000000e+00 -3.344840299988630639e-01 8.805763117061808920e-01 0.000000000000000000e+00
5.667604871101499242e-01 -1.308115463387976747e-03 0.000000000000000000e+00 3.495529406548193441e-01 8.536024684181711120e-01 0.000000000000000000e+00
5.035495223627775019e-01 -1.437727432769381718e-04 0.000000000000000000e+00 -1.751297179329823206e-01 1.093033100367050370e+00 0.000000000000000000e+00
6.877441195537974394e-01 -4.083452797284314525e-04 0.000000000000000000e+00 3.890173440081946543e-01 4.811837049093411478e-01 0.000000000000000000e+00
4.756888197176152300e-01 -2.374094097761308801e-03 0.000000000000000000e+00 -1.161658165023180811e-01 1.190278043627446714e+00 0.000000000000000000e+00
6.179883694412493522e-01 4.227181533180547450e-04 0.000000000000000000e+00 4.220406388835085121e-01 6.643474699713578513e-01 0.000000000000000000e+00
4.829316198673456184e-01 5.386427946269934861e-03 0.000000000000000000e+00 -2.493627604848771551e-01 1.145390410189004005e+00 0.000000000000000000e+00
5.257761599467192237e-01 4.289807691304926146e-04 0.000000000000000000e+00 3.664943010041048499e-01 9.728170589369043997e-01 0.000000000000000000e+00
-9.377522290663450333e-01 -3.946881202816845957e-04 0.000000000000000000e+00 6.891501772087560429e-02 9.819784494066069458e-02 0.000000000000000000e+00
5.347942667189942156e-01 -1.081499575410186167e-03 0.000000000000000000e+00 -3.791296508673804855e-01 9.394010560365353424e-01 0.000000000000000000e+00
4.816817798080919033e-01 4.317340738814625170e-03 0.000000000000000000e+00 2.173236373990691250e-01 1.156058023152551240e+00 0.000000000000000000e+00
6.310632295586975360e-01 1.228209093511284291e-03 0.000000000000000000e+00 -4.212205428761764403e-01 6.256453360858880153e-01 0.000000000000000000e+00
4.777760034169750147e-01 3.964773406587613833e-03 0.000000000000000000e+00 1.103658661492199627e-01 1.183913880230225146e+00 0.000000000000000000e+00
6.792031408940013559e-01 -1.945500667164718617e-03 0.000000000000000000e+00 -3.903966762216816155e-01 5.052524193264132935e-01 0.000000000000000000e+00
5.043007284252223332e-01 2.760460855878358807e-03 0.000000000000000000e+00 1.783081156293548075e-01 1.090137441876119162e+00 0.000000000000000000e+00
5.641471766471888305e-01 4.158776860401031117e-03 0.000000000000000000e+00 -3.521734231043490149e-01 8.602866206600843224e-01 0.000000000000000000e+00
5.568607805792040732e-01 -1.039644961309477492e-03 0.000000000000000000e+00 3.367275351184071952e-01 8.882296293134617216e-01 0.000000000000000000e+00
5.079879368112092397e-01 -3.167221658976308862e-03 0.000000000000000000e+00 -1.947837755993871711e-01 1.075749706823955432e+00 0.000000000000000000e+00
6.628231709192256016e-01 -2.414075439198607939e-03 0.000000000000000000e+00 3.964652149222711586e-01 5.487751815527175392e-01 0.000000000000000000e+00
4.802735530946700693e-01 1.998560309622060549e-03 0.000000000000000000e+00 -1.087351908254655247e-01 1.175912081345839244e+00 0.000000000000000000e+00
6.590159196572435985e-01 -2.545072796130796490e-03 0.000000000000000000e+00 4.143085027209383875e-01 5.468601211473467227e-01 0.000000000000000000e+00
4.758869857556663474e-01 -2.023284110112493969e-03 0.000000000000000000e+00 -1.961811959519498827e-01 1.179083436230249360e+00 0.000000000000000000e+00
5.393674598203512804e-01 -2.414591502688114878e-03 0.000000000000000000e+00 3.949912965400710352e-01 9.183837675937687184e-01 0.000000000000000000e+00
5.227751211462964287e-01 -4.534651853433252673e-03 0.000000000000000000e+00 -3.585279500874446468e-01 9.852317985204054329e-01 0.000000000000000000e+00
4.817500366469428252e-01 -8.335069106378697155e-04 0.000000000000000000e+00 2.425288727746056361e-01 1.150871104574885617e+00 0.000000000000000000e+00
6.261919552037507053e-01 4.935884104080440204e-04 0.000000000000000000e+00 -4.243142092176063196e-01 6.382094854078211865e-01 0.000000000000000000e+00
4.735407467114925439e-01 -7.884750120023369113e-04 0.000000000000000000e+00 1.037572453950832974e-01 1.198552377317262607e+00 0.000000000000000000e+00
7.112035887511974908e-01 -6.776121275287681073e-04 0.000000000000000000e+00 -3.734548810808978603e-01 4.248450535984537590e-01 0.000000000000000000e+00
5.129984032815533279e-01 -5.278390869169407446e-03 0.000000000000000000e+00 2.006564725306287655e-01 1.059023334709650932e+00 0.000000000000000000e+00
5.483527146122791907e-01 -3.006673762353143792e-03 0.000000000000000000e+00 -2.977925455270798993e-01 9.272780098010080518e-01 0.000000000000000000e+00
6.123633333347918706e-01 1.103499448284778629e-03 0.000000000000000000e+00 3.748126973749039692e-01 7.083380534109566806e-01 0.000000000000000000e+00
4.947683912291775954e-01 4.542058562326771812e-03 0.000000000000000000e+00 -8.754497338693667530e-02 1.131003514252618913e+00 0.000000000000000000e+00
7.646752726668020195e-01 1.303759322299655535e-03 0.000000000000000000e+00 -3.126248567924116983e-01 3.240275723695504873e-01 0.000000000000000000e+00
6.818160670717624550e-01 1.977081244895753306e-03 0.000000000000000000e+00 3.283627392921184551e-01 5.405156169298054314e-01 0.000000000000000000e+00
5.532697483542483585e-01 3.175398698478030905e-04 0.000000000000000000e+00 2.037733431406433260e-01 9.381292868975930066e-01 0.000000000000000000e+00
5.303878911678341357e-01 -2.253320662206715307e-03 0.000000000000000000e+00 -5.677252803060878900e-02 1.024327076169430306e+00 0.000000000000000000e+00
5.901823697858854523e-01 1.346233732499433570e-03 0.000000000000000000e+00 -2.882327879307817198e-01 8.093295292703336363e-01 0.000000000000000000e+00
8.023362725592395606e-01 6.352584962671277424e-05 0.000000000000000000e+00 -2.427967757802596271e-01 2.836619299042336673e-01 0.000000000000000000e+00
6.251642983659226882e-01 3.138273160500719069e-03 0.000000000000000000e+00 4.659880807599720530e-03 7.689139019376500794e-01 0.000000000000000000e+00
8.219461849948419552e-01 2.361368482790230511e-04 0.000000000000000000e+00 2.351620286877447452e-01 2.382736697774824886e-01 0.000000000000000000e+00
8.199309987592932059e-01 -6.532434009383185358e-04 0.000000000000000000e+00 -2.465940836349847787e-01 2.321792336005011892e-01 0.000000000000000000e+00
6.281213787694985839e-01 2.363916863803001110e-03 0.000000000000000000e+00 -1.520640232371968936e-01 7.461999663932417093e-01 0.000000000000000000e+00
6.207400088662461402e-01 1.227577622328372958e-03 0.000000000000000000e+00 1.198950801771247326e-01 7.708150609034242207e-01 0.000000000000000000e+00
7.753117819963455393e-01 -6.298054268241998904e-04 0.000000000000000000e+00 2.638791846277807052e-01 3.372079136830318236e-01 0.000000000000000000e+00
6.375311641222298764e-01 -2.603117974057664666e-04 0.000000000000000000e+00 3.102680567781374021e-01 6.698448314864813291e-01 0.000000000000000000e+00
5.594093797957560010e-01 -3.438422022730969890e-03 0.000000000000000000e+00 1.935038741115553129e-01 9.226761881664864440e-01 0.000000000000000000e+00
5.373369422021241348e-01 5.473138193203500729e-04 0.000000000000000000e+00 -4.997835900793510047e-03 1.005587276703836075e+00 0.000000000000000000e+00
5.631953605162133281e-01 -4.384406701991002200e-03 0.000000000000000000e+00 -1.942587253333405428e-01 9.117361020523877535e-01 0.000000000000000000e+00
6.419211314459860596e-01 1.316320517935676282e-03 0.000000000000000000e+00 -3.131812621670085894e-01 6.565595275104938455e-01 0.000000000000000000e+00
7.795534919787889816e-01 9.465554117038170543e-04 0.000000000000000000e+00 -2.591528878410002124e-01 3.298292611269860730e-01 0.000000000000000000e+00
6.182303941620906906e-01 3.888656206834479982e-03 0.000000000000000000e+00 -8.726084221542296238e-02 7.815493464042928551e-01 0.000000000000000000e+00
6.570417582785637034e-01 1.803344492277334041e-03 0.000000000000000000e+00 2.010303820966313215e-01 6.609025197168680865e-01 0.000000000000000000e+00
7.693964602460424684e-01 -1.032758678236152944e-03 0.000000000000000000e+00 -2.287736821458656311e-01 3.763431558519387821e-01 0.000000000000000000e+00
6.954222519155248694e-01 1.044318056427676143e-03 0.000000000000000000e+00 1.850844246131088944e-01 5.719981534165148318e-01 0.000000000000000000e+00
6.482298345180392829e-01 -1.656243138736834472e-03 0.000000000000000000e+00 -8.366519554042231577e-02 7.071110985345296918e-01 0.000000000000000000e+00
8.987926142616677883e-01 2.872015189675277552e-04 0.000000000000000000e+00 1.785641883308931033e-01 7.956268499843800746e-02 0.000000000000000000e+00
-1.223609210618264331e+00 -4.388991755871728129e-04 0.000000000000000000e+00 3.943044221464359761e-02 3.637654006519787098e-01 0.000000000000000000e+00
-1.205087338700909338e+00 1.552431399804259093e-03 0.000000000000000000e+00 -4.471017005928390464e-02 3.347003965162883565e-01 0.000000000000000000e+00
-1.164279891287898883e+00 7.514839737905038008e-05 0.000000000000000000e+00 -1.634724463296981928e-02 2.743123767485710074e-01 0.000000000000000000e+00
-1.119861585887230060e+00 -5.460708626140720317e-04 0.000000000000000000e+00 -8.172611941695362425e-02 1.884831049436689887e-01 0.000000000000000000e+00
-1.112272942483823357e+00 5.358271734831853957e-04 0.000000000000000000e+00 8.283608256461391650e-02 1.749046138390363825e-01 0.000000000000000000e+00
-1.168210101648212706e+00 -8.884690229259330913e-04 0.000000000000000000e+00 -1.967906011071011291e-02 2.802043331928816827e-01 0.000000000000000000e+00
-1.398037808649729374e+00 -9.151008729263443442e-05 0.000000000000000000e+00 -3.854797460317331212e-03 6.222473713134609730e-01 0.000000000000000000e+00
7.667925472891061744e-01 -7.781521261123608424e-04 0.000000000000000000e+00 -1.506496402232913694e-02 4.455806539336227834e-01 0.000000000000000000e+00
9.335493405672699030e-01 -9.638509307059262097e-05 0.000000000000000000e+00 1.313547501388918071e-01 6.356651483456277063e-02 0.000000000000000000e+00
9.985485579356512265e-01 7.769144789655129443e-04 0.000000000000000000e+00 1.089153395526843288e-01 1.644659955684433517e-01 0.000000000000000000e+00
-1.138295493630431476e+00 3.559477436588034949e-04 0.000000000000000000e+00 3.474945593843112301e-02 2.317250271146926166e-01 0.000000000000000000e+00
7.146261086483602920e-01 -3.898219876259001633e-04 0.000000000000000000e+00 -1.666434775198722329e-04 5.580269208388981550e-01 0.000000000000000000e+00
-1.111250072600284522e+00 4.475603325552694051e-04 0.000000000000000000e+00 -3.758258474959721984e-02 1.882076831995494470e-01 0.000000000000000000e+00
9.851381028982609811e-01 -4.800224594710194789e-04 0.000000000000000000e+00 2.275429960251994232e-02 1.727788785782625181e-01 0.000000000000000000e+00
-1.179031006056281417e+00 -1.302840328811609438e-04 0.000000000000000000e+00 -2.639555021589664804e-02 2.964597964144610742e-01 0.000000000000000000e+00
9.991631183634830382e-01 -1.352305051442591983e-03 0.000000000000000000e+00 -2.000142326578806529e-01 1.213919587902472785e-01 0.000000000000000000e+00
9.211559694094816342e-01 7.241894372015972737e-05 0.000000000000000000e+00 -1.401680764200054774e-01 8.041347707018450808e-02 0.000000000000000000e+00
8.708474026950820956e-01 -1.082196784367002451e-03 0.000000000000000000e+00 -6.188130703051294285e-02 2.353435410280365347e-01 0.000000000000000000e+00
8.991134338299064943e-01 9.187630224407588447e-04 0.000000000000000000e+00 2.001576621376696674e-02 1.939350025006542633e-01 0.000000000000000000e+00
7.472476441631581423e-01 1.291842306510344960e-03 0.000000000000000000e+00 1.018039577843435350e-01 4.762739700115788954e-01 0.000000000000000000e+00
7.382330427167271836e-01 -1.235511016674688441e-03 0.000000000000000000e+00 -8.678892631527987400e-02 4.988736323274268747e-01 0.000000000000000000e+00
9.589824762872434238e-01 4.809508140276805028e-06 0.000000000000000000e+00 8.369229222169209670e-02 9.794067080516154211e-02 0.000000000000000000e+00
9.250334454655962935e-01 -3.082532204600058057e-04 0.000000000000000000e+00 -9.018346563702241137e-02 1.277525507372312408e-01 0.000000000000000000e+00
9.310246625785170149e-01 -3.433281198074317198e-04 0.000000000000000000e+00 9.413841606543280061e-02 1.153143346779526290e-01 0.000000000000000000e+00
9.492707589206113017e-01 -1.690525509603029277e-04 0.000000000000000000e+00 -8.871957184664247542e-02 9.766570415873029876e-02 0.000000000000000000e+00
-1.249678970806672229e+00 -1.577736877435063564e-03 0.000000000000000000e+00 -2.296679850861952851e-02 4.046332563986591024e-01 0.000000000000000000e+00
-1.235580538198035150e+00 -4.170924023752190651e-04 0.000000000000000000e+00 -1.861073709425348222e-01 3.359214282355279524e-01 0.000000000000000000e+00
-1.459902352400855863e+00 5.902176330820595174e-05 0.000000000000000000e+00 -9.992371811468678255e-02 7.024221710124742835e-01 0.000000000000000000e+00
-1.512251583286080781e+00 7.802740484970354523e-04 0.000000000000000000e+00 3.472611779048732916e-02 7.812411357416260138e-01 0.000000000000000000e+00
-1.352130938710666808e+00 -2.483955977447722951e-03 0.000000000000000000e+00 1.571948084307090709e-01 5.336893416046204486e-01 0.000000000000000000e+00
1.005025065194506517e+00 5.162078191542627311e-04 0.000000000000000000e+00 -2.386824906592517892e-01 1.575696088292122266e-01 0.000000000000000000e+00
8.624165618747430262e-01 6.728133633574780821e-04 0.000000000000000000e+00 -1.911131332723170484e-01 1.741116496335907149e-01 0.000000000000000000e+00
-1.198841555764048827e+00 7.988769392053203001e-04 0.000000000000000000e+00 5.714447711381560879e-02 3.230956140937674137e-01 0.000000000000000000e+00
