-1.003773840043314269e+00 -9.091651762811194491e-05 0.000000000000000000e+00 3.564321063517655874e-02 3.130817859359166094e-02 0.000000000000000000e+00
-1.124208344112352043e+00 6.706091847721012272e-04 0.000000000000000000e+00 -9.765191970627614196e-04 2.122137275381736909e-01 0.000000000000000000e+00
1.019130475391657242e+00 5.170947226453693861e-04 0.000000000000000000e+00 1.007987215796936342e-01 1.175006625393915094e-01 0.000000000000000000e+00
-1.572529393313069068e+00 -8.126967954365377222e-04 0.000000000000000000e+00 1.593812509120408061e-01 8.493328406634539363e-01 0.000000000000000000e+00
-1.714505204368175662e+00 1.593175531915628357e-03 0.000000000000000000e+00 -5.660746994806731269e-02 1.051150675426493430e+00 0.000000000000000000e+00
-1.138957616717832799e+00 -1.901106671326222106e-04 0.000000000000000000e+00 1.882165070446958355e-01 1.412302110402061661e-01 0.000000000000000000e+00
-1.131523597597713593e+00 3.178171578301462741e-04 0.000000000000000000e+00 -1.839467951032210946e-01 1.272605814792643342e-01 0.000000000000000000e+00
-1.714930595789908585e+00 -4.003105606013381695e-03 0.000000000000000000e+00 5.432308258442324761e-02 1.051832494669898033e+00 0.000000000000000000e+00
-1.571096231883501115e+00 -1.147267582014143902e-03 0.000000000000000000e+00 -1.610206317884590455e-01 8.470518088594942707e-01 0.000000000000000000e+00
1.017780233483968733e+00 -3.185922203275600448e-04 0.000000000000000000e+00 -9.959727744366009272e-02 1.246183875708104793e-01 0.000000000000000000e+00
1.008454360004462869e+00 -2.791435184837689739e-04 0.000000000000000000e+00 7.458250416761846857e-02 2.093262906200451523e-01 0.000000000000000000e+00
-1.391214700469198373e+00 -1.413833659335998749e-03 0.000000000000000000e+00 -1.356495542352126882e-01 5.973064242055948769e-01 0.000000000000000000e+00
-1.504829606921790131e+00 2.760285044099078464e-03 0.000000000000000000e+00 2.083508224158850397e-02 7.715105071926906533e-01 0.000000000000000000e+00
-1.315313292640112319e+00 1.813336642804436877e-03 0.000000000000000000e+00 1.648586681603545490e-01 4.749084143431293592e-01 0.000000000000000000e+00
-1.346038207662110242e+00 -1.858591748262885830e-03 0.000000000000000000e+00 6.919427436128725017e-02 5.431261402994682630e-01 0.000000000000000000e+00
-1.108981520526387765e+00 -3.263844460869116428e-04 0.000000000000000000e+00 1.302581591690219198e-01 1.359989437436778248e-01 0.000000000000000000e+00
-1.057590159875142266e+00 -1.801148808410000374e-04 0.000000000000000000e+00 -1.019071841578184923e-01 3.726393207429559012e-02 0.000000000000000000e+00
-1.340101134596947352e+00 -2.165821854694437686e-03 0.000000000000000000e+00 -7.533648951353560941e-02 5.336055774293936294e-01 0.000000000000000000e+00
-1.344540803607699786e+00 -1.358558156952363594e-03 0.000000000000000000e+00 -1.490017259918922921e-01 5.245921159720841054e-01 0.000000000000000000e+00
-1.488732607656461981e+00 3.238655481954677562e-03 0.000000000000000000e+00 3.107678490389679735e-02 7.489216979277475428e-01 0.000000000000000000e+00
-1.193926864189753578e+00 -9.250923911145797138e-04 0.000000000000000000e+00 1.736526385445251175e-01 2.694292117253166419e-01 0.000000000000000000e+00
-1.471665073189915907e+00 6.262595417693174460e-04 0.000000000000000000e+00 -3.955362273098028680e-02 7.247988903955351336e-01 0.000000000000000000e+00
-1.294370285329460524e+00 7.458863895391971977e-04 0.000000000000000000e+00 1.590705353569924485e-01 4.442562804315890457e-01 0.000000000000000000e+00
-1.450442498522209522e+00 -3.083104006979794053e-03 0.000000000000000000e+00 -9.472299874470888059e-03 6.961946002800046829e-01 0.000000000000000000e+00
-1.280710507994205605e+00 1.621426244286236235e-03 0.000000000000000000e+00 -1.572271631092512778e-01 4.233860132998250592e-01 0.000000000000000000e+00
-1.446173317197672503e+00 1.603112867924992579e-04 0.000000000000000000e+00 6.307825809274431039e-02 6.873835911391078524e-01 0.000000000000000000e+00
-1.234174070691805181e+00 -1.096193082328552476e-03 0.000000000000000000e+00 1.925932489967984995e-01 3.297612283555375612e-01 0.000000000000000000e+00
-1.922774732830255573e+00 -6.057817227801201576e-03 0.000000000000000000e+00 5.402148418453633222e-02 1.317727773448891027e+00 0.000000000000000000e+00
-1.702283161503542530e+00 1.015436996754839893e-03 0.000000000000000000e+00 1.926140133610153571e-01 1.018644258783974355e+00 0.000000000000000000e+00
-1.326181007650695243e+00 -2.489639278995849081e-04 0.000000000000000000e+00 -2.603116025995292904e-01 4.485487078734697874e-01 0.000000000000000000e+00
-1.794235061501840978e+00 -2.808051477440398624e-03 0.000000000000000000e+00 -1.540907773020805116e-01 1.145554141960584582e+00 0.000000000000000000e+00
-1.947376333547131466e+00 3.808005895251289491e-03 0.000000000000000000e+00 -1.841006849549301286e-02 1.349458429160289352e+00 0.000000000000000000e+00
-1.825507509025560804e+00 -4.250366887330998822e-03 0.000000000000000000e+00 1.170027720932838577e-01 1.190150981805632835e+00 0.000000000000000000e+00
-1.359225363575180090e+00 -8.857971604540465504e-04 0.000000000000000000e+00 2.560044659055114580e-01 5.054596929783592429e-01 0.000000000000000000e+00
-1.724639167400198847e+00 7.433210824768637925e-04 0.000000000000000000e+00 -1.723084965139857483e-01 1.051868780611870058e+00 0.000000000000000000e+00
-1.919460576185693990e+00 -3.996176938656274824e-03 0.000000000000000000e+00 -2.326835498203068051e-02 1.314469032177508101e+00 0.000000000000000000e+00
-1.777566813418853808e+00 4.001405264575362900e-03 0.000000000000000000e+00 1.416809421850029060e-01 1.125561940110945791e+00 0.000000000000000000e+00
-1.237312795529065035e+00 -1.213114213285964790e-03 0.000000000000000000e+00 -2.431973508546459162e-01 3.005588392308355949e-01 0.000000000000000000e+00
-1.806742629093045061e+00 1.463670915518480720e-03 0.000000000000000000e+00 -1.206866177177000760e-01 1.165672266671902380e+00 0.000000000000000000e+00
-1.937212962308092479e+00 -3.337460961689443784e-03 0.000000000000000000e+00 2.692123470029157348e-02 1.336621877164524186e+00 0.000000000000000000e+00
-1.762191043346758024e+00 -2.612852942906629221e-03 0.000000000000000000e+00 1.635916664767784745e-01 1.102535622474675847e+00 0.000000000000000000e+00
-1.178258870227780752e+00 -5.265956910382009817e-04 0.000000000000000000e+00 2.265837285493611519e-01 1.911009243998692542e-01 0.000000000000000000e+00
-1.132381602814942267e+00 -4.894923127543946567e-04 0.000000000000000000e+00 -1.990081139619568340e-01 1.050347160476893110e-01 0.000000000000000000e+00
-1.754675729687103836e+00 1.879821865886852073e-04 0.000000000000000000e+00 -1.684994942859683875e-01 1.091961800268871574e+00 0.000000000000000000e+00
-1.935265415750831330e+00 -5.810927702554188889e-03 0.000000000000000000e+00 -3.675782489759363281e-02 1.333959806681303650e+00 0.000000000000000000e+00
-1.800851624832942255e+00 -4.086465847441489441e-03 0.000000000000000000e+00 1.188015938676738603e-01 1.158285386567337483e+00 0.000000000000000000e+00
-1.179973721634726136e+00 -2.720918658176498016e-04 0.000000000000000000e+00 2.235576047149114565e-01 1.986426707732005803e-01 0.000000000000000000e+00
-1.118267495162540204e+00 2.583677385217860584e-04 0.000000000000000000e+00 -1.852474875272719368e-01 8.276949652636514387e-02 0.000000000000000000e+00
-1.793394367259743216e+00 5.347477286289517920e-04 0.000000000000000000e+00 -1.258298470519912671e-01 1.147914354073575005e+00 0.000000000000000000e+00
-1.927260239967724775e+00 -4.032304134956310460e-03 0.000000000000000000e+00 2.825351995867258353e-02 1.324144851596595229e+00 0.000000000000000000e+00
-1.732492122446835037e+00 5.028659631276494180e-03 0.000000000000000000e+00 1.777401005119725874e-01 1.061338716614652844e+00 0.000000000000000000e+00
-1.294910424951464245e+00 3.354806723107568505e-04 0.000000000000000000e+00 -2.558373664729107766e-01 3.974527693921540150e-01 0.000000000000000000e+00
-1.798164817440906837e+00 -1.357861181170580411e-03 0.000000000000000000e+00 -1.441528512552573693e-01 1.151927298325323479e+00 0.000000000000000000e+00
-1.941245289320892020e+00 2.192235636031651669e-03 0.000000000000000000e+00 -1.870258796351730729e-03 1.341927622866433190e+00 0.000000000000000000e+00
-1.805207459246191082e+00 2.430251954222603303e-03 0.000000000000000000e+00 1.391810963240268373e-01 1.161631019656841346e+00 0.000000000000000000e+00
-1.310748868365655628e+00 6.028043125735037255e-05 0.000000000000000000e+00 2.567920869962960762e-01 4.243621862222360930e-01 0.000000000000000000e+00
-1.731651497989040500e+00 -5.849435394017360457e-04 0.000000000000000000e+00 -1.740083475180841943e-01 1.060839954212114744e+00 0.000000000000000000e+00
-1.925354888787421892e+00 -4.072982359565865962e-03 0.000000000000000000e+00 -3.115201463275271004e-02 1.321693975744136829e+00 0.000000000000000000e+00
-1.792792188404573439e+00 -4.798196029137728053e-03 0.000000000000000000e+00 1.255876243219413435e-01 1.147171817370808755e+00 0.000000000000000000e+00
-1.131642600111891994e+00 -5.045326899434220830e-05 0.000000000000000000e+00 1.961130171177035697e-01 1.079741791497970393e-01 0.000000000000000000e+00
-1.171910172580050702e+00 1.386038687813421696e-05 0.000000000000000000e+00 -2.202223138827101856e-01 1.834132126041196353e-01 0.000000000000000000e+00
-1.797036578030914100e+00 -1.112341259964148496e-03 0.000000000000000000e+00 -1.267584435385983310e-01 1.152515309302737379e+00 0.000000000000000000e+00
-1.929361423793448660e+00 -5.692730622132024729e-03 0.000000000000000000e+00 2.519345514827991267e-02 1.326842707520104137e+00 0.000000000000000000e+00
-1.740525465294140428e+00 1.452784028518398080e-03 0.000000000000000000e+00 1.725321953957998922e-01 1.072761886665938302e+00 0.000000000000000000e+00
-1.267370849141517430e+00 -9.375415574278123110e-04 0.000000000000000000e+00 -2.527567099160708541e-01 3.500573519773503284e-01 0.000000000000000000e+00
-1.790685945861016704e+00 2.498785215668847259e-03 0.000000000000000000e+00 -1.461847898399930568e-01 1.141996712911340417e+00 0.000000000000000000e+00
-1.939988102385678204e+00 2.312356676981175765e-03 0.000000000000000000e+00 -6.546139364656912603e-03 1.340343379212143304e+00 0.000000000000000000e+00
-1.807900309521980109e+00 -4.943068421906397086e-03 0.000000000000000000e+00 1.309374466564210970e-01 1.166065746303107886e+00 0.000000000000000000e+00
-1.306175003523745604e+00 2.024881478389518180e-03 0.000000000000000000e+00 2.565755837082160928e-01 4.166202166111309113e-01 0.000000000000000000e+00
-1.737652373366572078e+00 3.262428586797871954e-03 0.000000000000000000e+00 -1.675568067539395523e-01 1.069777848044649371e+00 0.000000000000000000e+00
-1.925004885849893821e+00 5.987456994323944737e-03 0.000000000000000000e+00 -1.745127404092237239e-02 1.321514261988336880e+00 0.000000000000000000e+00
-1.789575456877273929e+00 -1.050275405311683341e-03 0.000000000000000000e+00 1.330763128243285243e-01 1.142160699305323934e+00 0.000000000000000000e+00
-1.140455873810651166e+00 4.978981153288364152e-04 0.000000000000000000e+00 2.027356063220904225e-01 1.240260667090402613e-01 0.000000000000000000e+00
-1.165699282451285068e+00 2.071122530505550841e-05 0.000000000000000000e+00 -2.175934599801208624e-01 1.713727838668188952e-01 0.000000000000000000e+00
-1.792263266821453982e+00 -2.790940615746667630e-03 0.000000000000000000e+00 -1.339487510892682365e-01 1.145536996747379188e+00 0.000000000000000000e+00
-1.926421866029185193e+00 -5.495633200492774928e-03 0.000000000000000000e+00 1.897370392129035799e-02 1.323266115475604021e+00 0.000000000000000000e+00
-1.738889172704709551e+00 4.564839250223769879e-03 0.000000000000000000e+00 1.726312690333288158e-01 1.070601864683337290e+00 0.000000000000000000e+00
-1.293174655860713562e+00 -7.621978113887427006e-04 0.000000000000000000e+00 -2.552996866890570593e-01 3.947498785098649265e-01 0.000000000000000000e+00
-1.801716037956708316e+00 -4.304653805761685104e-03 0.000000000000000000e+00 -1.414604170910143122e-01 1.156854998121107814e+00 0.000000000000000000e+00
-1.939492438918481776e+00 2.948938517025570701e-04 0.000000000000000000e+00 4.127638756645526062e-03 1.339732615949115413e+00 0.000000000000000000e+00
-1.794531686972745010e+00 -4.038933161618050299e-03 0.000000000000000000e+00 1.419579082940619075e-01 1.147509663866531859e+00 0.000000000000000000e+00
-1.274969779698366779e+00 -1.567303234066928092e-03 0.000000000000000000e+00 2.529016526199636683e-01 3.638426470169951465e-01 0.000000000000000000e+00
-1.741355605126693407e+00 -2.583376157964417663e-03 0.000000000000000000e+00 -1.718678125073118679e-01 1.073962337938664913e+00 0.000000000000000000e+00
-1.928383161144048730e+00 -3.423055003390348267e-03 0.000000000000000000e+00 -2.890229147675667937e-02 1.325536590571004592e+00 0.000000000000000000e+00
-1.797080850906866534e+00 -2.102951772602168479e-03 0.000000000000000000e+00 1.268058426230205538e-01 1.152569375413854402e+00 0.000000000000000000e+00
-1.184261453956359400e+00 1.025839740522191054e-03 0.000000000000000000e+00 2.262808795155375752e-01 2.055173100812656972e-01 0.000000000000000000e+00
-1.107160568245953325e+00 -2.505088568570494872e-04 0.000000000000000000e+00 -1.753523100204076313e-01 6.042092070538943038e-02 0.000000000000000000e+00
-1.787897832257938413e+00 1.060566333550290452e-03 0.000000000000000000e+00 -1.329719626207228333e-01 1.140003237810099268e+00 0.000000000000000000e+00
-1.923539269991725753e+00 -2.148631193336567047e-04 0.000000000000000000e+00 2.306957558710586581e-02 1.319581134357466823e+00 0.000000000000000000e+00
-1.732624871970355418e+00 -4.593807986192306736e-03 0.000000000000000000e+00 1.686507609379379047e-01 1.062995933604600873e+00 0.000000000000000000e+00
-1.324305078358217092e+00 -8.003017014651496452e-05 0.000000000000000000e+00 -2.568812139258777605e-01 4.473707159729656269e-01 0.000000000000000000e+00
-1.812230976899425361e+00 -1.498848342137926171e-03 0.000000000000000000e+00 -1.321490579111243568e-01 1.171498309322646758e+00 0.000000000000000000e+00
-1.941398189826671228e+00 -5.384506684099052420e-03 0.000000000000000000e+00 7.207707421413897531e-03 1.342109715944705517e+00 0.000000000000000000e+00
-1.790071270477514132e+00 2.372405703528422324e-03 0.000000000000000000e+00 1.508952928915269776e-01 1.140588390582564005e+00 0.000000000000000000e+00
-1.278181257949522198e+00 -1.241621289947400335e-03 0.000000000000000000e+00 2.541005918012860798e-01 3.688249191399540772e-01 0.000000000000000000e+00
-1.733867321904292158e+00 -4.963621974331866582e-03 0.000000000000000000e+00 -1.785962152353781363e-01 1.063009863157920343e+00 0.000000000000000000e+00
-1.928970422679395114e+00 5.271624645433964015e-03 0.000000000000000000e+00 -3.086526433225696489e-02 1.326233210391803086e+00 0.000000000000000000e+00
-1.790272964160380287e+00 1.283036510925532336e-03 0.000000000000000000e+00 1.250993916599098532e-01 1.143964661320845622e+00 0.000000000000000000e+00
-1.220421674337277995e+00 8.405689111715126775e-04 0.000000000000000000e+00 -2.369945686810089880e-01 2.723627779455769504e-01 0.000000000000000000e+00
-1.810278825134095326e+00 3.821300251254974856e-03 0.000000000000000000e+00 -1.083710415624415946e-01 1.171433837962839508e+00 0.000000000000000000e+00
-1.984151783706983085e+00 2.717971508240699108e-03 0.000000000000000000e+00 3.019407658558002916e-02 1.394995790861771168e+00 0.000000000000000000e+00
-1.872501726170993308e+00 -3.912969993910116184e-03 0.000000000000000000e+00 1.266496163262640362e-01 1.249160034086589821e+00 0.000000000000000000e+00
-1.605086129988943400e+00 3.886820214349450547e-03 0.000000000000000000e+00 2.358363176785893689e-01 8.768243124825356727e-01 0.000000000000000000e+00
-1.378005699018453267e+00 -1.929824896753636748e-03 0.000000000000000000e+00 -2.675892099126471191e-01 5.298886768841251094e-01 0.000000000000000000e+00
-1.768025581541409430e+00 -3.297427593648837030e-03 0.000000000000000000e+00 -1.827009779516292620e-01 1.107171271234062448e+00 0.000000000000000000e+00
-1.944409166692836033e+00 -3.966248668255012433e-03 0.000000000000000000e+00 -7.832486777096689390e-02 1.343603383517537164e+00 0.000000000000000000e+00
-2.063612226880441547e+00 3.966005989087986738e-03 0.000000000000000000e+00 2.493212898452230875e-03 1.493234487708207325e+00 0.000000000000000000e+00
-1.937217869141127924e+00 -5.985604981576696931e-03 0.000000000000000000e+00 7.224210361645272416e-02 1.334956200257706005e+00 0.000000000000000000e+00
-1.747601612084356937e+00 -4.071514208553578956e-03 0.000000000000000000e+00 1.838412984043551746e-01 1.080200613391180564e+00 0.000000000000000000e+00
-1.299417504754309283e+00 1.134341199433127646e-03 0.000000000000000000e+00 2.630384648989096963e-01 4.007161300133867954e-01 0.000000000000000000e+00
-1.661054740952477404e+00 8.099788319374536492e-04 0.000000000000000000e+00 -2.158661980399911862e-01 9.584594133464767740e-01 0.000000000000000000e+00
-1.900704922024446075e+00 -2.173476158273953546e-03 0.000000000000000000e+00 -1.081565549303747792e-01 1.286585580339006274e+00 0.000000000000000000e+00
-1.996133662152189903e+00 2.241436843068989049e-03 0.000000000000000000e+00 -3.912864746784219805e-03 1.410159387822322419e+00 0.000000000000000000e+00
-1.896557416960793496e+00 3.927127398303649486e-03 0.000000000000000000e+00 1.031303964897524461e-01 1.281766717859448512e+00 0.000000000000000000e+00
-1.638329994197083472e+00 -3.651863033620897717e-03 0.000000000000000000e+00 2.171766317965848070e-01 9.272605008581957797e-01 0.000000000000000000e+00
-1.393312053333843004e+00 6.223023440677828699e-04 0.000000000000000000e+00 -2.627839853514863933e-01 5.565989442046780367e-01 0.000000000000000000e+00
-1.798667632253943660e+00 2.402235398492297280e-03 0.000000000000000000e+00 -1.573644963042171163e-01 1.150851922301014740e+00 0.000000000000000000e+00
-1.954520217408004967e+00 -3.196263089465189999e-03 0.000000000000000000e+00 -4.350819808062123678e-02 1.357795874687411697e+00 0.000000000000000000e+00
-1.711757044485017865e+00 1.919341744799698234e-03 0.000000000000000000e+00 1.362798717810973503e-01 1.040200655979353961e+00 0.000000000000000000e+00
-1.552278536056787894e+00 5.296459779628587272e-04 0.000000000000000000e+00 -2.022663706539476747e-01 8.118991667782899935e-01 0.000000000000000000e+00
-1.831471011533360116e+00 -3.000007230475374743e-03 0.000000000000000000e+00 2.199968913345199534e-02 1.203290414106420902e+00 0.000000000000000000e+00
-1.394835392878144731e+00 2.799045274866039656e-04 0.000000000000000000e+00 2.378941666881875805e-01 5.700391391402921393e-01 0.000000000000000000e+00
-1.772026411822677172e+00 -5.654911917662760329e-04 0.000000000000000000e+00 -9.946440885904989093e-02 1.122906111552351760e+00 0.000000000000000000e+00
-1.254191580411288420e+00 -2.112896364553592567e-04 0.000000000000000000e+00 2.041686117127256006e-01 3.579121322666061200e-01 0.000000000000000000e+00
-1.547851782296644885e+00 2.720882751552231027e-03 0.000000000000000000e+00 1.405541966880156091e-01 8.187214813006550296e-01 0.000000000000000000e+00
-1.668975734449977377e+00 8.308905406042288444e-04 0.000000000000000000e+00 1.737553557188226475e-02 9.927772945719323117e-01 0.000000000000000000e+00
-1.600128212181127996e+00 3.448683090138751628e-04 0.000000000000000000e+00 -1.069362164230909101e-01 8.949678813657427900e-01 0.000000000000000000e+00
-1.334344279099535902e+00 2.045030071346628023e-03 0.000000000000000000e+00 -2.024360726130658428e-01 4.903897912655390545e-01 0.000000000000000000e+00
-1.926716563774335977e+00 -4.991573415764922507e-03 0.000000000000000000e+00 5.221774265777428398e-02 1.322741072820111219e+00 0.000000000000000000e+00
-1.716014143011896920e+00 -4.521979201282340377e-03 0.000000000000000000e+00 1.847740537033186192e-01 1.038342547107069747e+00 0.000000000000000000e+00
-1.285568163161245669e+00 -1.858297228051454530e-03 0.000000000000000000e+00 -2.576153732276454944e-01 3.797152663196791123e-01 0.000000000000000000e+00
-1.781259273629914208e+00 4.470656323382650454e-03 0.000000000000000000e+00 -1.567210830681772249e-01 1.128371547603526093e+00 0.000000000000000000e+00
-1.944415347332683730e+00 -6.454889281978745154e-03 0.000000000000000000e+00 -3.447686311978609419e-02 1.345459888082603195e+00 0.000000000000000000e+00
-1.813688008192527512e+00 -4.808226380514056542e-03 0.000000000000000000e+00 1.147172478069805740e-01 1.175214841693916101e+00 0.000000000000000000e+00
-1.273905788231723069e+00 4.428025356473241914e-04 0.000000000000000000e+00 2.497453994831513313e-01 3.641025664298880860e-01 0.000000000000000000e+00
-1.769065609115619830e+00 5.398626782015233938e-03 0.000000000000000000e+00 -1.410427343190070737e-01 1.114606267586602417e+00 0.000000000000000000e+00
-1.917493217803901473e+00 6.122323267765891752e-03 0.000000000000000000e+00 1.966238733746651646e-02 1.312071872413683504e+00 0.000000000000000000e+00
-1.725855096617283646e+00 7.281909059886557123e-04 0.000000000000000000e+00 1.709913538181629389e-01 1.053692958759397502e+00 0.000000000000000000e+00
-1.367010155388307613e+00 3.740651111653909427e-04 0.000000000000000000e+00 -2.552940285523340735e-01 5.183680099797933760e-01 0.000000000000000000e+00
-1.829715580206133563e+00 2.578440803438400430e-03 0.000000000000000000e+00 -1.126478274540834573e-01 1.195960805294878249e+00 0.000000000000000000e+00
-1.954526588011883170e+00 7.774110315451193687e-04 0.000000000000000000e+00 2.591105761550620279e-02 1.358251337924513580e+00 0.000000000000000000e+00
-1.808751103922073833e+00 -3.346243275542754025e-03 0.000000000000000000e+00 1.470925236333293640e-01 1.165234162109479499e+00 0.000000000000000000e+00
-1.391792528171211352e+00 2.052060462228659510e-03 0.000000000000000000e+00 2.622073901028312282e-01 5.544776989075100859e-01 0.000000000000000000e+00
-1.654587603728420842e+00 -4.749304713983507065e-03 0.000000000000000000e+00 -2.140524470760276077e-01 9.501097556503788066e-01 0.000000000000000000e+00
-1.906896041076887371e+00 3.751742004208462322e-03 0.000000000000000000e+00 -8.139164405679705228e-02 1.296357980195318005e+00 0.000000000000000000e+00
-2.051229621619857113e+00 -3.901612565986617431e-03 0.000000000000000000e+00 3.246745451527831283e-03 1.478055067781603782e+00 0.000000000000000000e+00
-1.965195226153540364e+00 3.135592613946681234e-03 0.000000000000000000e+00 7.892761141382534373e-02 1.369510735241373567e+00 0.000000000000000000e+00
-1.825192247423455427e+00 -1.984523207375570031e-03 0.000000000000000000e+00 1.637616887759786588e-01 1.184216428441510427e+00 0.000000000000000000e+00
-1.556746972280803387e+00 -9.100964473545067324e-04 0.000000000000000000e+00 2.497334042344346861e-01 8.049355391249098934e-01 0.000000000000000000e+00
-1.371650231039242218e+00 -2.091064785158872064e-03 0.000000000000000000e+00 -2.713279357406908066e-01 5.177090459698007185e-01 0.000000000000000000e+00
-1.731406708514795945e+00 3.864253224869149128e-03 0.000000000000000000e+00 -2.002190598374605501e-01 1.055892518937984637e+00 0.000000000000000000e+00
-1.917785135228699644e+00 -6.403925662752899851e-03 0.000000000000000000e+00 -1.184015730955441242e-01 1.307235683762965728e+00 0.000000000000000000e+00
-2.007975008008022755e+00 -5.044358905395576742e-03 0.000000000000000000e+00 -3.342234690803361219e-02 1.424420896195137232e+00 0.000000000000000000e+00
-1.618462634245062759e+00 -4.282354543845234840e-03 0.000000000000000000e+00 1.528567101639058678e-01 9.131835963666868894e-01 0.000000000000000000e+00
-1.694696244623240311e+00 3.830539623473263461e-03 0.000000000000000000e+00 -1.085452363179429669e-01 1.021012580093869637e+00 0.000000000000000000e+00
-1.412889300764582190e+00 -1.199421674391333570e-03 0.000000000000000000e+00 2.018858696123767005e-01 6.108612677201388230e-01 0.000000000000000000e+00
-1.703197110523932967e+00 -4.932583302369043798e-03 0.000000000000000000e+00 2.763734348514636577e-02 1.037539229999079993e+00 0.000000000000000000e+00
-1.567348807395296806e+00 -2.291525157871761656e-03 0.000000000000000000e+00 -1.510170358664582324e-01 8.437523772169157610e-01 0.000000000000000000e+00
-1.232092838478763497e+00 -1.507197851513890265e-03 0.000000000000000000e+00 -1.968710878131267328e-01 3.235660695289430677e-01 0.000000000000000000e+00
-1.128992317501668730e+00 4.850835008748512287e-04 0.000000000000000000e+00 -3.914952269257924999e-02 2.162323629486110343e-01 0.000000000000000000e+00
9.993420978140038491e-01 1.531497750407202242e-03 0.000000000000000000e+00 6.457850161838971093e-02 3.896211349220933817e-01 0.000000000000000000e+00
-1.171208960591967330e+00 -4.908882906047139921e-04 0.000000000000000000e+00 -5.704215876575250560e-02 2.797779117472175558e-01 0.000000000000000000e+00
-1.182586859962206471e+00 -1.169540939514046585e-03 0.000000000000000000e+00 5.161226292663935455e-02 2.986885215445064246e-01 0.000000000000000000e+00
-1.101229449487691525e+00 -2.491185437335993735e-04 0.000000000000000000e+00 1.523500928099158491e-01 8.848668858673222615e-02 0.000000000000000000e+00
-1.131704759185670373e+00 3.033471127091514003e-04 0.000000000000000000e+00 -1.696600068320379129e-01 1.462488178514570469e-01 0.000000000000000000e+00
-1.164074759863591657e+00 1.200128619757189971e-03 0.000000000000000000e+00 -1.203039427256801935e-01 2.467056798422983810e-01 0.000000000000000000e+00
9.799534542480674570e-01 -4.550469165316024236e-04 0.000000000000000000e+00 9.892098280835931456e-02 1.171751038790116439e-01 0.000000000000000000e+00
9.142234441907799436e-01 5.247300929274870476e-04 0.000000000000000000e+00 -7.964068875650505419e-02 1.518672628341592723e-01 0.000000000000000000e+00
-1.122171560942814228e+00 5.689839877564724369e-04 0.000000000000000000e+00 1.105343751685626194e-02 2.087631664300763079e-01 0.000000000000000000e+00
9.651987699825264055e-01 -5.246971306956035039e-05 0.000000000000000000e+00 1.198199972028292648e-01 5.125374158667476976e-02 0.000000000000000000e+00
9.533832481023991612e-01 -1.313158916329002293e-04 0.000000000000000000e+00 -1.152205358050159556e-01 6.009223175724877353e-02 0.000000000000000000e+00
9.169588784858562214e-01 -1.706143851715113610e-04 0.000000000000000000e+00 1.015622577016966760e-01 1.331959482960653751e-01 0.000000000000000000e+00
9.665260889968940727e-01 1.151763922403495040e-04 0.000000000000000000e+00 -9.404642145339717207e-02 9.132611724991077096e-02 0.000000000000000000e+00
9.244151912950766548e-01 -6.499229635713163131e-04 0.000000000000000000e+00 5.745553573099987203e-03 1.570753344518796557e-01 0.000000000000000000e+00
-1.311941361531423267e+00 -2.273128663239214545e-03 0.000000000000000000e+00 7.860424830555660936e-02 4.915315054322442756e-01 0.000000000000000000e+00
-1.288069283834513135e+00 -7.996852332827902865e-04 0.000000000000000000e+00 -9.615972483894509593e-02 4.524625862442331892e-01 0.000000000000000000e+00
-1.812641034065009205e+00 7.175094150951993877e-04 0.000000000000000000e+00 9.351927993144176776e-02 1.175741692341746081e+00 0.000000000000000000e+00
-1.188105674952684598e+00 5.282763080998166506e-04 0.000000000000000000e+00 2.244623492586378111e-01 2.161458905120162421e-01 0.000000000000000000e+00
-1.804207239814255015e+00 -1.562411629619116921e-03 0.000000000000000000e+00 -1.010067839672391943e-01 1.164288637832304074e+00 0.000000000000000000e+00
1.021964290424840271e+00 6.906339140856494708e-04 0.000000000000000000e+00 -4.827585909586277341e-02 1.386015611206122544e-01 0.000000000000000000e+00
-1.376082559347662215e+00 7.489734912779146166e-04 0.000000000000000000e+00 4.133503839130110713e-02 5.894207764486593115e-01 0.000000000000000000e+00
-1.204538905413374383e+00 6.300816857609733979e-05 0.000000000000000000e+00 1.316226401694894355e-01 3.100465110178896033e-01 0.000000000000000000e+00
-1.335632847425526348e+00 -2.600201748363812661e-03 0.000000000000000000e+00 -6.917533412205539856e-02 5.278998324233092898e-01 0.000000000000000000e+00
8.774916500075679027e-01 -6.931951727492072658e-04 0.000000000000000000e+00 -1.718653092063495702e-01 1.552174911328604023e-01 0.000000000000000000e+00
7.099087472716089087e-01 2.548889887720902359e-03 0.000000000000000000e+00 -3.894113243222450949e-02 5.671860737621401416e-01 0.000000000000000000e+00
7.912131099085142338e-01 1.139838132941660073e-03 0.000000000000000000e+00 1.759340116095945428e-01 3.544499369451311610e-01 0.000000000000000000e+00
7.067250951644508117e-01 8.509926165291958194e-04 0.000000000000000000e+00 1.693038510873899338e-01 5.501995704425982625e-01 0.000000000000000000e+00
6.554926021123912427e-01 1.578389005692792946e-03 0.000000000000000000e+00 2.812144285912111796e-02 6.939422973227373781e-01 0.000000000000000000e+00
6.817145072256828309e-01 -1.924970063935769679e-03 0.000000000000000000e+00 -1.335143970927535617e-01 6.184169860838687471e-01 0.000000000000000000e+00
7.754291205382450869e-01 -1.564222015047663297e-03 0.000000000000000000e+00 -1.854695025387489427e-01 3.856546559560117826e-01 0.000000000000000000e+00
7.064812108012927805e-01 2.417705895832247820e-04 0.000000000000000000e+00 -8.200093506067740456e-02 5.703407418177603994e-01 0.000000000000000000e+00
7.076100126437124826e-01 1.536278042342730746e-04 0.000000000000000000e+00 8.597671118400007639e-02 5.671954876897625786e-01 0.000000000000000000e+00
7.769494369927004707e-01 1.146724779293398482e-03 0.000000000000000000e+00 1.866257485393562621e-01 3.816158617330040470e-01 0.000000000000000000e+00
6.759748037270070231e-01 -1.058827984991321178e-04 0.000000000000000000e+00 1.255763237331896653e-01 6.336992989936252041e-01 0.000000000000000000e+00
6.563259608208145135e-01 8.357691914901710373e-04 0.000000000000000000e+00 -4.898780978950292853e-02 6.907805134623395960e-01 0.000000000000000000e+00
7.211988060421674618e-01 -1.687819987461428722e-04 0.000000000000000000e+00 -1.824169859202572908e-01 5.119643411381555875e-01 0.000000000000000000e+00
7.933115918750935913e-01 -1.936650291947325520e-04 0.000000000000000000e+00 -1.729340636027170697e-01 3.512081574173665510e-01 0.000000000000000000e+00
7.199124159757717134e-01 -5.799844263254206808e-04 0.000000000000000000e+00 7.225933379494001163e-02 5.415249589444449674e-01 0.000000000000000000e+00
8.486954840068247075e-01 -1.261900865749867456e-04 0.000000000000000000e+00 -1.045894002868121703e-01 2.638311312891635785e-01 0.000000000000000000e+00
8.762359350885133846e-01 -3.142731016877663933e-04 0.000000000000000000e+00 1.184393204868209870e-01 2.015675815021580608e-01 0.000000000000000000e+00
-1.127554084186528582e+00 1.054752521095782790e-03 0.000000000000000000e+00 -7.414252995430426103e-03 2.173695348496746671e-01 0.000000000000000000e+00
9.932388907005282874e-01 1.201793223301811115e-03 0.000000000000000000e+00 5.308758801616499101e-03 2.502543511013772815e-01 0.000000000000000000e+00
-1.064146028589859405e+00 2.807175906886743948e-04 0.000000000000000000e+00 7.676786450182068733e-02 9.028724608943086705e-02 0.000000000000000000e+00
-1.059414161596874848e+00 1.371178243606838501e-04 0.000000000000000000e+00 -7.611823953162719092e-02 8.123447087309457193e-02 0.000000000000000000e+00
9.920644566293264077e-01 7.739724348737103340e-04 0.000000000000000000e+00 4.128324668894181593e-02 2.296526482855359985e-01 0.000000000000000000e+00
-1.112847625433291743e+00 -9.772782235963062281e-05 0.000000000000000000e+00 -2.114458119582364459e-02 1.932713362542105018e-01 0.000000000000000000e+00
8.399773794625757795e-01 7.022991721958200817e-04 0.000000000000000000e+00 -2.259440730194813840e-01 1.976409455022349049e-01 0.000000000000000000e+00
6.258150858742004274e-01 3.405608807582373443e-04 0.000000000000000000e+00 -1.207629864017304919e-02 7.672194195226857971e-01 0.000000000000000000e+00
8.013085032092198690e-01 1.020788058897912276e-04 0.000000000000000000e+00 2.426460458780508034e-01 2.864805306935281903e-01 0.000000000000000000e+00
5.971203201248991288e-01 3.514696006006456930e-04 0.000000000000000000e+00 2.916495992599112963e-01 7.886471531785743672e-01 0.000000000000000000e+00
5.330068505509453214e-01 -3.558606826707672553e-03 0.000000000000000000e+00 8.358297734380726318e-02 1.014755222567312654e+00 0.000000000000000000e+00
5.471700878957925784e-01 2.720919187693378663e-03 0.000000000000000000e+00 -1.782845437505242991e-01 9.608862327817665472e-01 0.000000000000000000e+00
6.498465866852878303e-01 2.582147478795014835e-03 0.000000000000000000e+00 -3.291268381988124991e-01 6.269923588782899682e-01 0.000000000000000000e+00
7.742196159236426345e-01 7.607140245359349240e-05 0.000000000000000000e+00 3.097220633558204206e-01 2.989110272495931753e-01 0.000000000000000000e+00
8.428421493829034716e-01 -5.224345051598232662e-04 0.000000000000000000e+00 -2.729702914239166001e-01 1.112701818846526525e-01 0.000000000000000000e+00
4.925162032625325370e-01 -3.900077899652328386e-03 0.000000000000000000e+00 8.447887059104523810e-02 1.138402663305449369e+00 0.000000000000000000e+00
6.219318022508826260e-01 -1.894186526373865462e-03 0.000000000000000000e+00 -3.797898524151127608e-01 6.779546211084575003e-01 0.000000000000000000e+00
5.399099091432504327e-01 3.109594653339256207e-03 0.000000000000000000e+00 2.815603095412972934e-01 9.575977167936573498e-01 0.000000000000000000e+00
5.196381026184351271e-01 -3.618517313627490212e-03 0.000000000000000000e+00 -2.173859477067265344e-01 1.035261338008861554e+00 0.000000000000000000e+00
6.772623104823765061e-01 9.896078027253278186e-04 0.000000000000000000e+00 3.845453514809059614e-01 5.153743773164042308e-01 0.000000000000000000e+00
4.814226711738549547e-01 5.197920997893756313e-03 0.000000000000000000e+00 -7.890076286427946672e-02 1.174463912108149710e+00 0.000000000000000000e+00
7.208710904667829933e-01 -5.718275739510173677e-04 0.000000000000000000e+00 3.841335790030406816e-01 3.855103350848229082e-01 0.000000000000000000e+00
4.654317892770667431e-01 1.369474437030732215e-03 0.000000000000000000e+00 -2.224626168526714354e-01 1.209810071288480948e+00 0.000000000000000000e+00
4.980399008614572187e-01 -1.664554977065021285e-03 0.000000000000000000e+00 3.539994394628260821e-01 1.066977832956569117e+00 0.000000000000000000e+00
5.867108257642250635e-01 -2.808402332555292105e-03 0.000000000000000000e+00 -4.386567433984243092e-01 7.494045986183421881e-01 0.000000000000000000e+00
4.550444051595449180e-01 -5.638726391408490843e-03 0.000000000000000000e+00 5.556772305636895060e-02 1.264143863122789035e+00 0.000000000000000000e+00
6.482356109072806571e-01 -2.614777185240205540e-03 0.000000000000000000e+00 4.431149326089933727e-01 5.573590608316141282e-01 0.000000000000000000e+00
4.806143263761788464e-01 -3.921723095338045841e-03 0.000000000000000000e+00 -3.263436510581622096e-01 1.133769947963639613e+00 0.000000000000000000e+00
4.539919150197031517e-01 -5.156893534165945051e-03 0.000000000000000000e+00 2.207152349607152397e-01 1.249687025075155722e+00 0.000000000000000000e+00
7.206808289790043176e-01 1.092637150206481403e-03 0.000000000000000000e+00 4.133631045733573428e-01 3.546327625318024257e-01 0.000000000000000000e+00
8.219298700870896202e-01 -1.459233230178221853e-04 0.000000000000000000e+00 -3.181746969523893132e-01 1.042061842185080800e-01 0.000000000000000000e+00
4.708599925695376442e-01 4.541716884550552058e-03 0.000000000000000000e+00 -4.032503683553060325e-01 1.142828749285724088e+00 0.000000000000000000e+00
4.214081391618581529e-01 -4.803199786476643543e-03 0.000000000000000000e+00 4.555117786339245300e-02 1.385517193845505535e+00 0.000000000000000000e+00
4.953591786734402591e-01 4.590994503760092819e-03 0.000000000000000000e+00 4.337764712165008696e-01 1.046196575245681437e+00 0.000000000000000000e+00
6.508691079530017909e-01 -1.483874215483449053e-03 0.000000000000000000e+00 -4.622717178003886707e-01 5.331779462852477280e-01 0.000000000000000000e+00
4.463687342713341666e-01 3.899646519657539757e-04 0.000000000000000000e+00 -2.090209184717185531e-01 1.278755604704953086e+00 0.000000000000000000e+00
4.659117907599829023e-01 4.959083819549663791e-03 0.000000000000000000e+00 3.039173041702529776e-01 1.190219318376727564e+00 0.000000000000000000e+00
8.265518637231293875e-01 1.847927574658956185e-04 0.000000000000000000e+00 3.084637689987725917e-01 1.050261875588091032e-01 0.000000000000000000e+00
7.310430805770393725e-01 -7.498160769034254054e-04 0.000000000000000000e+00 -3.933500036852610182e-01 3.430855493392721556e-01 0.000000000000000000e+00
4.607152620293633039e-01 3.554405513265180422e-03 0.000000000000000000e+00 -9.826821749360745151e-02 1.242130099069908233e+00 0.000000000000000000e+00
5.768128587382866934e-01 8.775432177967807702e-04 0.000000000000000000e+00 4.304145759594522613e-01 7.846555743900578417e-01 0.000000000000000000e+00
4.996802906953742296e-01 3.557952863969389597e-03 0.000000000000000000e+00 -3.453654297651195249e-01 1.064370423856331405e+00 0.000000000000000000e+00
4.770893235593797188e-01 5.224627936030466595e-03 0.000000000000000000e+00 2.430925230843530016e-01 1.166203155903509980e+00 0.000000000000000000e+00
6.527708487841191731e-01 2.362488666786084508e-03 0.000000000000000000e+00 -4.254425625035543890e-01 5.572273046580416000e-01 0.000000000000000000e+00
4.689815340957176337e-01 -2.419393349013907769e-03 0.000000000000000000e+00 5.600459416335646506e-02 1.216877299365550336e+00 0.000000000000000000e+00
7.837747917114686880e-01 -6.448865522054132368e-04 0.000000000000000000e+00 3.436703683009000310e-01 2.250967406647773339e-01 0.000000000000000000e+00
7.691804546602662995e-01 -9.090686411613009901e-04 0.000000000000000000e+00 -3.497013229780269183e-01 2.684726303167143113e-01 0.000000000000000000e+00
4.803510400316282070e-01 -2.947278876750489274e-03 0.000000000000000000e+00 4.400238399108217374e-02 1.179838790650201030e+00 0.000000000000000000e+00
7.109745778380165415e-01 -4.800293161225620275e-04 0.000000000000000000e+00 -3.651357523635206381e-01 4.326859929329376353e-01 0.000000000000000000e+00
5.373442838180920722e-01 -1.999042033244276609e-03 0.000000000000000000e+00 2.489258313998954919e-01 9.742813176567479694e-01 0.000000000000000000e+00
5.235997479758212059e-01 -2.935962144378791334e-03 0.000000000000000000e+00 -1.873897907544472552e-01 1.029074568004393120e+00 0.000000000000000000e+00
8.044848424849981861e-01 7.043290304482932584e-04 0.000000000000000000e+00 3.061981091670413768e-01 2.061085783406810534e-01 0.000000000000000000e+00
7.889008903781884463e-01 -1.079537854811915901e-03 0.000000000000000000e+00 -3.039464871844971272e-01 2.606444340398396120e-01 0.000000000000000000e+00
6.146987667626895302e-01 -1.331295024600479774e-03 0.000000000000000000e+00 3.144871029053862843e-01 7.306119375431627816e-01 0.000000000000000000e+00
5.346667922725564237e-01 -4.888163417720650661e-04 0.000000000000000000e+00 1.110267404462310925e-01 1.007275354098806863e+00 0.000000000000000000e+00
5.426244564826553374e-01 -1.310606211592785578e-03 0.000000000000000000e+00 -1.585401883927002875e-01 9.775472330818097966e-01 0.000000000000000000e+00
6.467006954354259651e-01 -2.786692032885779505e-03 0.000000000000000000e+00 -3.263969017018227836e-01 6.370049286571496383e-01 0.000000000000000000e+00
7.552952745391838807e-01 1.203368273101123112e-04 0.000000000000000000e+00 3.213468904823340022e-01 3.429249201400779157e-01 0.000000000000000000e+00
4.925188189904283753e-01 -9.216124080724022970e-04 0.000000000000000000e+00 6.546674235343050152e-02 1.139692839192010254e+00 0.000000000000000000e+00
6.270208957914236159e-01 3.059777321744506541e-03 0.000000000000000000e+00 -3.842854582800984686e-01 6.606592509041300243e-01 0.000000000000000000e+00
5.392489207285092734e-01 -4.173369923435915098e-03 0.000000000000000000e+00 2.874597354981685005e-01 9.578182538071772223e-01 0.000000000000000000e+00
5.181917022862854161e-01 4.626782910759135933e-04 0.000000000000000000e+00 -2.116529522775315586e-01 1.040926724658961522e+00 0.000000000000000000e+00
6.961516032862512526e-01 -1.119380328038059938e-03 0.000000000000000000e+00 3.794855199151557223e-01 4.641628495003962129e-01 0.000000000000000000e+00
4.775578300690651590e-01 2.652657281843417633e-03 0.000000000000000000e+00 -8.311934019973132859e-02 1.186884027813054354e+00 0.000000000000000000e+00
6.789284800155854782e-01 -4.063183739937102634e-04 0.000000000000000000e+00 4.078649739201769542e-01 4.921016790388215156e-01 0.000000000000000000e+00
4.725791552336585655e-01 -3.024331641077463578e-03 0.000000000000000000e+00 -2.098663005593327524e-01 1.187799410420999457e+00 0.000000000000000000e+00
5.179287478170717662e-01 -1.618547804153613184e-03 0.000000000000000000e+00 3.748858673940235198e-01 9.947316294116477220e-01 0.000000000000000000e+00
5.470839119737328504e-01 -1.169776742441172752e-03 0.000000000000000000e+00 -4.081740651733087311e-01 8.882784496173419253e-01 0.000000000000000000e+00
4.656083668470420989e-01 8.819544920278801423e-04 0.000000000000000000e+00 1.517186672839615780e-01 1.220101704736623605e+00 0.000000000000000000e+00
7.411882045176368949e-01 2.179990110368268050e-04 0.000000000000000000e+00 -3.623367397971901660e-01 3.445689370374046545e-01 0.000000000000000000e+00
4.995452598488706597e-01 -3.577542481365127841e-03 0.000000000000000000e+00 1.440531093414165742e-01 1.110096573308370305e+00 0.000000000000000000e+00
5.802314939123052184e-01 2.013311936252278663e-03 0.000000000000000000e+00 -3.610045824475281440e-01 8.087954259022618331e-01 0.000000000000000000e+00
5.560721259505577718e-01 -7.140617515958049000e-04 0.000000000000000000e+00 3.271570923965922972e-01 8.941578112663252087e-01 0.000000000000000000e+00
5.085425632499114279e-01 5.202410857255137730e-04 0.000000000000000000e+00 -1.875257597438548529e-01 1.075339687961097468e+00 0.000000000000000000e+00
6.956909464992957481e-01 7.713393219201730364e-04 0.000000000000000000e+00 3.826735073863620773e-01 4.629008499984477165e-01 0.000000000000000000e+00
4.757578626142687783e-01 -3.544672034666166219e-03 0.000000000000000000e+00 -1.021053700875431680e-01 1.191315867584693988e+00 0.000000000000000000e+00
6.302226288822214695e-01 -2.261560695507189734e-03 0.000000000000000000e+00 4.239669285405636145e-01 6.263103803684939574e-01 0.000000000000000000e+00
4.814702898826172528e-01 -3.471134666713512375e-03 0.000000000000000000e+00 -2.259126476340050926e-01 1.155135515001802116e+00 0.000000000000000000e+00
5.294138747303374082e-01 4.653255345493458733e-03 0.000000000000000000e+00 3.677514571251316866e-01 9.607693316400149897e-01 0.000000000000000000e+00
-9.415385469532042695e-01 4.393731507430466356e-04 0.000000000000000000e+00 4.133425596448395134e-02 1.059474574265990704e-01 0.000000000000000000e+00
5.322656480268893597e-01 1.129723565829448412e-03 0.000000000000000000e+00 -3.820990764913479998e-01 9.461802550790717747e-01 0.000000000000000000e+00
4.795863317255267821e-01 2.998650150785804689e-03 0.000000000000000000e+00 2.152341022022176975e-01 1.163420261947196721e+00 0.000000000000000000e+00
6.421683233461797924e-01 -2.326081038615062345e-03 0.000000000000000000e+00 -4.168898906804798798e-01 5.953813522193613927e-01 0.000000000000000000e+00
4.770484422703556993e-01 9.679922630721443481e-04 0.000000000000000000e+00 1.050074445213061286e-01 1.186847586676040400e+00 0.000000000000000000e+00
6.839938321421674683e-01 1.654452906392999550e-03 0.000000000000000000e+00 -3.894001794198626021e-01 4.919443367539942935e-01 0.000000000000000000e+00
5.077583629159831968e-01 2.409185140163291015e-03 0.000000000000000000e+00 1.851305263489481101e-01 1.078183276871569563e+00 0.000000000000000000e+00
5.586844804233265238e-01 -6.015554953931684726e-04 0.000000000000000000e+00 -3.324741302533467113e-01 8.843840442833847959e-01 0.000000000000000000e+00
5.727404569479483953e-01 1.366641752102021323e-04 0.000000000000000000e+00 3.524097127061797119e-01 8.346698115773738547e-01 0.000000000000000000e+00
5.017339968398739636e-01 1.968782379786610231e-03 0.000000000000000000e+00 -1.626274240575995289e-01 1.100655341803521869e+00 0.000000000000000000e+00
7.102601173806890600e-01 6.506957044733179679e-04 0.000000000000000000e+00 3.790172197080056149e-01 4.227274871816631974e-01 0.000000000000000000e+00
4.710027980531641401e-01 -9.852357762092801147e-04 0.000000000000000000e+00 -1.377569025718205498e-01 1.203594423343855802e+00 0.000000000000000000e+00
5.770064559609130450e-01 -1.499189655623891278e-03 0.000000000000000000e+00 4.218242790757286143e-01 7.887090215169985097e-01 0.000000000000000000e+00
4.985313369652147886e-01 -1.785730975611347481e-03 0.000000000000000000e+00 -3.061411547039365466e-01 1.080075195368559227e+00 0.000000000000000000e+00
4.962492813612643938e-01 -3.290633337292425166e-03 0.000000000000000000e+00 3.098673744212356307e-01 1.086441955483803623e+00 0.000000000000000000e+00
5.805145831085334329e-01 -1.557061315221671457e-03 0.000000000000000000e+00 -4.192846060531303376e-01 7.793232638598280859e-01 0.000000000000000000e+00
4.711930517396055729e-01 3.158494635541887752e-03 0.000000000000000000e+00 1.325867196858693253e-01 1.203506868371670535e+00 0.000000000000000000e+00
7.119227045031751855e-01 -8.603669568891560149e-04 0.000000000000000000e+00 -3.775799335500562570e-01 4.190327194974000635e-01 0.000000000000000000e+00
5.038936554182418259e-01 5.466953027875677551e-03 0.000000000000000000e+00 1.569437071326158506e-01 1.094623881372572161e+00 0.000000000000000000e+00
5.688692539686557303e-01 2.566733636165186364e-03 0.000000000000000000e+00 -3.506584154673240139e-01 8.468659905380686581e-01 0.000000000000000000e+00
5.615094595663374655e-01 -3.418373711932178732e-03 0.000000000000000000e+00 3.419477142925682056e-01 8.722830028572552408e-01 0.000000000000000000e+00
5.053571526144046144e-01 1.917761954193348932e-03 0.000000000000000000e+00 -1.789514572020179939e-01 1.086734354719955498e+00 0.000000000000000000e+00
7.004088360336533370e-01 2.179923766994402295e-03 0.000000000000000000e+00 3.811493756265336152e-01 4.502179390442992424e-01 0.000000000000000000e+00
4.735611669931135137e-01 4.053825374883594269e-03 0.000000000000000000e+00 -1.236446942465716375e-01 1.196543568240917121e+00 0.000000000000000000e+00
6.131329397980889162e-01 2.396989330793724421e-03 0.000000000000000000e+00 4.212974391782862704e-01 6.793985916433999961e-01 0.000000000000000000e+00
4.868762901164247481e-01 -5.378709227600381865e-03 0.000000000000000000e+00 -2.468296489732138832e-01 1.132929131448857651e+00 0.000000000000000000e+00
5.209437120040369962e-01 4.246006277562915446e-03 0.000000000000000000e+00 3.522454213979633320e-01 9.933179469331580025e-01 0.000000000000000000e+00
5.410405297403060310e-01 1.792139945322849398e-03 0.000000000000000000e+00 -3.930689352140924742e-01 9.139598782396244347e-01 0.000000000000000000e+00
4.782471415798147385e-01 3.275372863044225414e-03 0.000000000000000000e+00 2.001464737674179539e-01 1.170542897527311332e+00 0.000000000000000000e+00
6.505466777827120239e-01 -2.484036305673994159e-03 0.000000000000000000e+00 -4.129428397714358656e-01 5.731859000506411839e-01 0.000000000000000000e+00
4.791893327476476894e-01 -5.727308999367386987e-03 0.000000000000000000e+00 1.196415114447491185e-01 1.178310694928087710e+00 0.000000000000000000e+00
6.643340826104324748e-01 1.531425286386872003e-03 0.000000000000000000e+00 -3.965868122046852240e-01 5.442676511927705407e-01 0.000000000000000000e+00
5.060177472393725395e-01 4.590310831885354229e-03 0.000000000000000000e+00 1.866180966481714165e-01 1.083322248201872284e+00 0.000000000000000000e+00
5.614539129781622728e-01 1.180491361882306332e-03 0.000000000000000000e+00 -3.453914799637586297e-01 8.711199667184764683e-01 0.000000000000000000e+00
5.572759746735173048e-01 -2.768798033815717853e-03 0.000000000000000000e+00 3.417338213914732914e-01 8.850546486906343269e-01 0.000000000000000000e+00
5.071064066425337025e-01 -1.912852915468684842e-03 0.000000000000000000e+00 -1.967499238595291355e-01 1.078171279048718123e+00 0.000000000000000000e+00
6.617756402639236590e-01 2.266999978768856339e-03 0.000000000000000000e+00 3.935239969224496592e-01 5.539549826694767365e-01 0.000000000000000000e+00
4.806329385028482726e-01 3.273846676165234875e-03 0.000000000000000000e+00 -1.138753830871493955e-01 1.174229694899953769e+00 0.000000000000000000e+00
6.575652538101570688e-01 -2.152644915735540346e-03 0.000000000000000000e+00 4.140570243626335856e-01 5.514062665007044561e-01 0.000000000000000000e+00
4.764555121346925048e-01 -3.257119882647828250e-03 0.000000000000000000e+00 -1.927241302292652114e-01 1.177739869312819820e+00 0.000000000000000000e+00
5.413570601830239859e-01 -3.989335224110251293e-03 0.000000000000000000e+00 3.986994730744725657e-01 9.104852991726199996e-01 0.000000000000000000e+00
5.202545089299742687e-01 -4.338313768090009022e-03 0.000000000000000000e+00 -3.528228778908230057e-01 9.953035822025786405e-01 0.000000000000000000e+00
4.830190901649793478e-01 -5.520780049270340717e-03 0.000000000000000000e+00 2.580142483971882839e-01 1.143181422799027791e+00 0.000000000000000000e+00
6.158059725195623724e-01 1.961693266745096961e-03 0.000000000000000000e+00 -4.264781614655601683e-01 6.680917883421535475e-01 0.000000000000000000e+00
4.728762162622888177e-01 -4.360679763962040448e-03 0.000000000000000000e+00 1.158044314250012974e-01 1.199595440882472275e+00 0.000000000000000000e+00
7.084719847033693618e-01 -2.515998020499819049e-04 0.000000000000000000e+00 -3.763067960036781123e-01 4.304692163009617989e-01 0.000000000000000000e+00
5.100538659399431740e-01 -4.247796766381064376e-03 0.000000000000000000e+00 1.919990434278121549e-01 1.069790351355595304e+00 0.000000000000000000e+00
5.529485014275239418e-01 -5.028097168206617507e-04 0.000000000000000000e+00 -3.149052093349765657e-01 9.078593879102256903e-01 0.000000000000000000e+00
5.946893211383345035e-01 -1.107959312064615842e-03 0.000000000000000000e+00 3.689310661755703658e-01 7.626929290324508948e-01 0.000000000000000000e+00
4.971658073930876887e-01 3.122685215777796716e-03 0.000000000000000000e+00 -1.132110081776120936e-01 1.121171539286450747e+00 0.000000000000000000e+00
8.019283747829885067e-01 -1.050026240945771058e-04 0.000000000000000000e+00 3.148732425317163908e-01 2.021960471930784875e-01 0.000000000000000000e+00
7.798231798153020256e-01 2.928323903351046564e-04 0.000000000000000000e+00 -3.190880959858690691e-01 2.714290184803443418e-01 0.000000000000000000e+00
5.605692673083115807e-01 -2.073091203862008000e-03 0.000000000000000000e+00 2.680225978909922535e-01 9.005018665814690237e-01 0.000000000000000000e+00
5.194027163139633974e-01 4.359059571347924898e-03 0.000000000000000000e+00 -7.423128688911290185e-02 1.055917879291757622e+00 0.000000000000000000e+00
6.215349422870992679e-01 1.695788103864625390e-03 0.000000000000000000e+00 -3.392691947440306111e-01 7.002286586656184530e-01 0.000000000000000000e+00
6.696518120335026580e-01 2.296580068150083989e-03 0.000000000000000000e+00 3.520454541323330133e-01 5.592797505891595744e-01 0.000000000000000000e+00
5.149654086852053503e-01 -1.641258612613072723e-04 0.000000000000000000e+00 9.859616041764215910e-02 1.067428130618464088e+00 0.000000000000000000e+00
5.604377104916863361e-01 2.262316095946274690e-03 0.000000000000000000e+00 -2.889579895759403216e-01 8.943888112780051802e-01 0.000000000000000000e+00
6.951910476048011045e-01 2.150731945481640373e-03 0.000000000000000000e+00 3.630082922322266370e-01 4.799001477831692508e-01 0.000000000000000000e+00
4.922511007425217078e-01 1.270985097683795598e-03 0.000000000000000000e+00 1.788821338063127653e-02 1.142280469829878964e+00 0.000000000000000000e+00
6.574156753738480408e-01 4.703929523921894507e-04 0.000000000000000000e+00 -3.785348604887800450e-01 5.768075664568814709e-01 0.000000000000000000e+00
5.472108198708076632e-01 3.238524474174149168e-03 0.000000000000000000e+00 2.761953548200541952e-01 9.373284930112206759e-01 0.000000000000000000e+00
5.167930195933148063e-01 -2.816654747689823282e-04 0.000000000000000000e+00 -1.735535698569281582e-01 1.052229005398976902e+00 0.000000000000000000e+00
8.017555192447975987e-01 -7.350913691056741930e-04 0.000000000000000000e+00 3.103513769307766346e-01 2.096882045632439129e-01 0.000000000000000000e+00
7.853462808835982578e-01 6.102639942574296372e-04 0.000000000000000000e+00 -3.089852123396870098e-01 2.658777591672012997e-01 0.000000000000000000e+00
