9.851358309899749255e-01 1.004516798475853906e-04 0.000000000000000000e+00 9.184546036368669564e-02 1.482131122605825913e-01 0.000000000000000000e+00
9.247385078278473891e-01 7.451509889476091129e-04 0.000000000000000000e+00 -3.356806635049019993e-02 1.530693479818501790e-01 0.000000000000000000e+00
8.174559498749038866e-01 6.681316828450101133e-05 0.000000000000000000e+00 -3.933677378089331378e-02 3.412418876656061473e-01 0.000000000000000000e+00
8.315212253066223136e-01 1.176673003308411746e-03 0.000000000000000000e+00 -2.813522538429349268e-02 3.150134606047661490e-01 0.000000000000000000e+00
9.070841139091234684e-01 -6.221449477485654304e-04 0.000000000000000000e+00 1.133432602844848813e-01 1.427252262865219556e-01 0.000000000000000000e+00
9.787065429831149910e-01 -2.894711025852682090e-04 0.000000000000000000e+00 -1.191113044971801177e-01 9.072516946273567751e-02 0.000000000000000000e+00
9.681232735158372682e-01 -4.871313076799103263e-04 0.000000000000000000e+00 1.649215312546428377e-02 1.311728691976427053e-01 0.000000000000000000e+00
9.487487042129045811e-01 4.655868779934837273e-04 0.000000000000000000e+00 2.444215933615823469e-02 1.299075172355568242e-01 0.000000000000000000e+00
9.534739870361741421e-01 3.479784948430364282e-04 0.000000000000000000e+00 -2.638242654832440026e-02 1.271395149775854660e-01 0.000000000000000000e+00
9.621129381079558396e-01 4.762944640660713141e-04 0.000000000000000000e+00 3.407521328155738854e-03 1.290385450264351919e-01 0.000000000000000000e+00
9.520179603773226695e-01 4.037795852593679849e-04 0.000000000000000000e+00 2.202955112841444713e-02 1.285709093922884905e-01 0.000000000000000000e+00
9.512236152940124478e-01 1.080622126294105215e-04 0.000000000000000000e+00 -2.071780134082505664e-02 1.291687127535759982e-01 0.000000000000000000e+00
9.628044521182834714e-01 1.721403820717856562e-04 0.000000000000000000e+00 -4.581768716455365473e-03 1.291878621618840761e-01 0.000000000000000000e+00
9.550061501290104671e-01 4.428627279273406134e-04 0.000000000000000000e+00 3.410581669910585367e-02 1.247721785461864408e-01 0.000000000000000000e+00
9.460730362287670392e-01 -6.765730567189490651e-05 0.000000000000000000e+00 -2.874659968496501294e-02 1.308661779983840145e-01 0.000000000000000000e+00
9.777093746679399455e-01 3.652009770949022618e-04 0.000000000000000000e+00 -3.968738519083100241e-02 1.416176395455802095e-01 0.000000000000000000e+00
-1.140435772864567987e+00 9.835267396456032034e-04 0.000000000000000000e+00 -2.284923330345079925e-02 2.365241432530397758e-01 0.000000000000000000e+00
8.749281896524152558e-01 -5.891873910906821055e-04 0.000000000000000000e+00 -1.237587416209100233e-01 2.010209973784225501e-01 0.000000000000000000e+00
8.015566584163711372e-01 -1.275275896098108236e-03 0.000000000000000000e+00 2.147703193923472531e-02 3.742946885847756588e-01 0.000000000000000000e+00
8.521502951874104781e-01 -3.528051987348444253e-04 0.000000000000000000e+00 1.207686534107564047e-01 2.496795340379921457e-01 0.000000000000000000e+00
6.575411590454605104e-01 8.007512528329452720e-04 0.000000000000000000e+00 9.984653586787708979e-02 6.823265024477173091e-01 0.000000000000000000e+00
6.724062307791622839e-01 1.312705044119377371e-03 0.000000000000000000e+00 -1.424805671433253540e-01 6.386597855358141507e-01 0.000000000000000000e+00
8.739035383982922678e-01 -3.067828536995043359e-04 0.000000000000000000e+00 1.953047567034261744e-01 1.357968956156758167e-01 0.000000000000000000e+00
1.025006114477970076e+00 2.285280807507885476e-04 0.000000000000000000e+00 1.326044570793772914e-01 4.590536204902363748e-02 0.000000000000000000e+00
-1.412945019733724550e+00 2.417828082683363966e-03 0.000000000000000000e+00 -9.811433343669570539e-02 6.359045354634911273e-01 0.000000000000000000e+00
-1.376783012590208966e+00 2.804153136651504549e-03 0.000000000000000000e+00 1.237960867649187113e-01 5.787726318843133821e-01 0.000000000000000000e+00
-1.275707973131916084e+00 1.599299116039714502e-03 0.000000000000000000e+00 1.056964497875449716e-01 4.314394227973318285e-01 0.000000000000000000e+00
-1.311110259689365787e+00 -1.392364964991368165e-03 0.000000000000000000e+00 -8.389755764994571985e-02 4.894009610093278395e-01 0.000000000000000000e+00
1.008752468134432423e+00 -8.778597489295259654e-04 0.000000000000000000e+00 -2.271533367124184410e-02 2.169816296244746201e-01 0.000000000000000000e+00
-1.131277823298414198e+00 2.747705760847503516e-04 0.000000000000000000e+00 -3.871820786047046326e-02 2.199131976130683508e-01 0.000000000000000000e+00
9.879036821850636363e-01 3.998909905990440583e-04 0.000000000000000000e+00 4.650674568456421298e-02 1.858296259632209180e-01 0.000000000000000000e+00
-1.248669248074072646e+00 1.675367081464294167e-03 0.000000000000000000e+00 -2.437025891453253532e-02 4.030089635034722617e-01 0.000000000000000000e+00
-1.382169543070472351e+00 -2.597076153463641346e-03 0.000000000000000000e+00 -1.260737231828064076e-01 5.861802339797033135e-01 0.000000000000000000e+00
-1.444343166554711066e+00 -2.647254551663168198e-03 0.000000000000000000e+00 7.832213882500368984e-02 6.832326195953484227e-01 0.000000000000000000e+00
-1.279729706038490900e+00 -2.179166825455602918e-04 0.000000000000000000e+00 1.944576276439947127e-01 4.060114675347999968e-01 0.000000000000000000e+00
-1.509786514733394203e+00 -3.205598003244797267e-03 0.000000000000000000e+00 1.587378124776671062e-01 7.622627280487348500e-01 0.000000000000000000e+00
-1.672392096184837973e+00 4.332901766396252130e-03 0.000000000000000000e+00 3.250555677957173845e-02 9.969065467961337745e-01 0.000000000000000000e+00
-1.609635630832905839e+00 3.142378736786383131e-04 0.000000000000000000e+00 -1.053062632521971076e-01 9.079845660423413456e-01 0.000000000000000000e+00
-1.303951449503651272e+00 -1.692117267058930452e-03 0.000000000000000000e+00 -2.085948162262212247e-01 4.389703384595244895e-01 0.000000000000000000e+00
-1.668559252085107580e+00 -4.788522018123183427e-03 0.000000000000000000e+00 1.198019688664716809e-01 9.851251187090932504e-01 0.000000000000000000e+00
-1.653756380652466440e+00 1.244925946773188519e-03 0.000000000000000000e+00 -1.310474620903896159e-01 9.639418867051366968e-01 0.000000000000000000e+00
-1.303521894531775471e+00 1.729293066102342586e-03 0.000000000000000000e+00 -1.845110614995642273e-01 4.489416389188349843e-01 0.000000000000000000e+00
-1.446866317444899686e+00 5.732276508348677080e-04 0.000000000000000000e+00 -1.212188319720387542e-01 6.805312805692096401e-01 0.000000000000000000e+00
-1.532448879355132521e+00 1.376341842440967356e-03 0.000000000000000000e+00 -1.904053191904244921e-02 8.094612580267424029e-01 0.000000000000000000e+00
-1.493643019041181796e+00 -3.130577680389531881e-03 0.000000000000000000e+00 8.299438405816966791e-02 7.517900780157902307e-01 0.000000000000000000e+00
-1.341255255313577255e+00 2.455703851169013796e-03 0.000000000000000000e+00 1.713128903126054092e-01 5.127110094100402193e-01 0.000000000000000000e+00
-1.788977331763046408e+00 2.632963552331103046e-03 0.000000000000000000e+00 9.867347702071052606e-02 1.144874579670087211e+00 0.000000000000000000e+00
-1.309384526781457225e+00 2.147432941119188556e-03 0.000000000000000000e+00 -2.435694404203865293e-01 4.297844583770277227e-01 0.000000000000000000e+00
-1.828324068288760706e+00 2.631003847772636628e-03 0.000000000000000000e+00 -5.466214147885684743e-02 1.198229963951653154e+00 0.000000000000000000e+00
-1.637017891092235944e+00 -2.795555575487253253e-03 0.000000000000000000e+00 1.675070402670176539e-01 9.357285904283165756e-01 0.000000000000000000e+00
-1.655272932902800198e+00 3.774704771713960350e-03 0.000000000000000000e+00 -1.587567810692953052e-01 9.618077087251672985e-01 0.000000000000000000e+00
-1.835638652818328831e+00 -2.479969840155128030e-03 0.000000000000000000e+00 5.867944821930239779e-02 1.207369245164762850e+00 0.000000000000000000e+00
-1.348669443748722330e+00 -2.053126030118063161e-04 0.000000000000000000e+00 2.460084611802855203e-01 4.933975608329174145e-01 0.000000000000000000e+00
-1.775849901188558677e+00 -2.677029412403539310e-03 0.000000000000000000e+00 -1.161906654523828381e-01 1.126251454599278556e+00 0.000000000000000000e+00
-2.096505116294114401e+00 -6.718621035201169378e-03 0.000000000000000000e+00 -3.497173217483856567e-03 1.533425597586123956e+00 0.000000000000000000e+00
-1.877836219190402112e+00 5.017103937133978245e-03 0.000000000000000000e+00 9.137182199517457359e-02 1.258994060517670377e+00 0.000000000000000000e+00
-1.553464663538944190e+00 -5.611942886080828474e-06 0.000000000000000000e+00 2.319833615267061222e-01 8.055843834073785903e-01 0.000000000000000000e+00
-1.584829324163155473e+00 -8.407757214997438333e-04 0.000000000000000000e+00 -2.245654496807652500e-01 8.516473891177336331e-01 0.000000000000000000e+00
-1.888049444850801839e+00 6.143087126363539624e-03 0.000000000000000000e+00 -7.438487486142178473e-02 1.273025162078668338e+00 0.000000000000000000e+00
1.063793797874111435e+00 -1.162170324195128772e-05 0.000000000000000000e+00 1.251293462153237890e-01 6.212278073104496312e-02 0.000000000000000000e+00
-2.263360212453401576e+00 9.759464986786106633e-04 0.000000000000000000e+00 -4.357624893309838821e-02 1.733956557731337167e+00 0.000000000000000000e+00
-2.161369079175178065e+00 2.059343721925462056e-03 0.000000000000000000e+00 -1.294695224985735749e-01 1.606909997716547966e+00 0.000000000000000000e+00
-1.927309224015400169e+00 -6.444362231290967635e-03 0.000000000000000000e+00 -2.275471079364887184e-01 1.304822236575136740e+00 0.000000000000000000e+00
-1.518882971043409746e+00 2.154944063290198386e-03 0.000000000000000000e+00 -3.036794683708167741e-01 7.305011295468182286e-01 0.000000000000000000e+00
-1.608484430313385616e+00 2.360585360094848151e-03 0.000000000000000000e+00 2.960360146997482733e-01 8.631776101717070215e-01 0.000000000000000000e+00
-1.977674489627827548e+00 5.952559799726947487e-03 0.000000000000000000e+00 2.112746316276808978e-01 1.371110674829298492e+00 0.000000000000000000e+00
-2.188026504517761595e+00 9.463703580053772768e-04 0.000000000000000000e+00 1.163916560821598722e-01 1.640134957622610079e+00 0.000000000000000000e+00
-2.266679912354206738e+00 2.823925914147477900e-03 0.000000000000000000e+00 3.283069019163550872e-02 1.738153651728464810e+00 0.000000000000000000e+00
-2.405397472604008602e+00 4.821394401284859188e-03 0.000000000000000000e+00 -9.460552796622215266e-02 1.900140392542723156e+00 0.000000000000000000e+00
-1.817971883647318876e+00 3.105483485265438104e-03 0.000000000000000000e+00 -2.915651234331300135e-01 1.149876337628487288e+00 0.000000000000000000e+00
-1.994657942251518712e+00 -1.114641705220964507e-03 0.000000000000000000e+00 2.529881243298182092e-01 1.385424579201216533e+00 0.000000000000000000e+00
-2.449378146182842109e+00 -7.700010252700201230e-03 0.000000000000000000e+00 5.613582803251690456e-02 1.953190574863381990e+00 0.000000000000000000e+00
-2.404728109980689421e+00 8.928595496632080186e-03 0.000000000000000000e+00 -1.202690199959096373e-01 1.897915568363237604e+00 0.000000000000000000e+00
-1.512567905635958443e+00 5.168516546063678385e-04 0.000000000000000000e+00 -3.367236658865268017e-01 7.062732871887942299e-01 0.000000000000000000e+00
-2.277318049503913588e+00 -4.625363146938676895e-03 0.000000000000000000e+00 1.779103627814904998e-01 1.742077341423241332e+00 0.000000000000000000e+00
-2.519708730883215786e+00 -7.634311768415613653e-03 0.000000000000000000e+00 -2.791780659515581686e-02 2.035684825364644901e+00 0.000000000000000000e+00
-2.127569192620128113e+00 7.216659485894907911e-03 0.000000000000000000e+00 -2.230487356768142138e-01 1.555297434020309622e+00 0.000000000000000000e+00
-1.799933452421809132e+00 3.600852154506256619e-03 0.000000000000000000e+00 3.069040236739733474e-01 1.121964338214219925e+00 0.000000000000000000e+00
-2.464049236937523535e+00 4.674244012221593671e-03 0.000000000000000000e+00 9.221056047683076629e-02 1.968956957243557238e+00 0.000000000000000000e+00
-2.530306585569100264e+00 -3.673148818123306292e-03 0.000000000000000000e+00 -1.454102330061095572e-01 2.042988108536899272e+00 0.000000000000000000e+00
-1.704480764662918091e+00 3.954061069736572454e-03 0.000000000000000000e+00 3.452539889813727170e-01 9.805709037672120099e-01 0.000000000000000000e+00
-2.674037228523973297e+00 -3.969338708017317724e-03 0.000000000000000000e+00 5.170976661823811771e-02 2.213100168189643391e+00 0.000000000000000000e+00
-2.325590744639005170e+00 -6.928941278945222049e-03 0.000000000000000000e+00 -2.219226813856008396e-01 1.794777394072017307e+00 0.000000000000000000e+00
-2.146271589832909665e+00 -7.712267380568044173e-03 0.000000000000000000e+00 2.585959561157120667e-01 1.572760430874077020e+00 0.000000000000000000e+00
-2.703612346245369835e+00 1.112834905612766767e-02 0.000000000000000000e+00 -5.768281400614472254e-03 2.247536234487681917e+00 0.000000000000000000e+00
-1.975414987418615986e+00 2.078768786673512725e-03 0.000000000000000000e+00 -2.998720526865025215e-01 1.351612542644636150e+00 0.000000000000000000e+00
-2.432143832053538901e+00 6.559229151044732031e-03 0.000000000000000000e+00 1.874289200164484526e-01 1.924738196270324497e+00 0.000000000000000000e+00
-2.627758972297499440e+00 1.049887485041922641e-02 0.000000000000000000e+00 -7.391355688395472023e-02 2.159381208912165118e+00 0.000000000000000000e+00
-1.486663579009979808e+00 -3.096100244294944584e-03 0.000000000000000000e+00 -3.538460058391113550e-01 6.575372514803823343e-01 0.000000000000000000e+00
-2.559722836293603088e+00 6.643363077104648406e-03 0.000000000000000000e+00 1.279573395803853542e-01 2.078280125340827844e+00 0.000000000000000000e+00
-2.650359992745709103e+00 -9.649482744182882876e-03 0.000000000000000000e+00 -1.831451035332661292e-01 2.178906140087448762e+00 0.000000000000000000e+00
-2.381107208128027786e+00 -2.911393658679706231e-04 0.000000000000000000e+00 2.508981880723277769e-01 1.857075624939802161e+00 0.000000000000000000e+00
-2.841662282564690223e+00 4.653275320827144484e-03 0.000000000000000000e+00 -8.870346426976570553e-02 2.402722490702013047e+00 0.000000000000000000e+00
-1.878344232163172700e+00 5.302167805465347189e-03 0.000000000000000000e+00 3.513742056208189468e-01 1.213084233068847606e+00 0.000000000000000000e+00
-2.921732561997372191e+00 6.090502904446348786e-03 0.000000000000000000e+00 -1.000156429684008474e-02 2.494603787111337123e+00 0.000000000000000000e+00
-1.581700532836564754e+00 3.059675675190605230e-03 0.000000000000000000e+00 -3.724798295764355505e-01 7.934660253140339847e-01 0.000000000000000000e+00
-2.888089511542387910e+00 -4.933552487604533909e-03 0.000000000000000000e+00 5.642703205802729327e-02 2.456107837659912363e+00 0.000000000000000000e+00
-2.205937532504298026e+00 7.923771892139670758e-03 0.000000000000000000e+00 -2.841092023385125565e-01 1.641404094790211765e+00 0.000000000000000000e+00
-2.739010531128606818e+00 1.136085938294616182e-02 0.000000000000000000e+00 1.510480116672378581e-01 2.282924005029428827e+00 0.000000000000000000e+00
-2.601845125995496666e+00 5.798096349329817656e-04 0.000000000000000000e+00 -2.017167295943352312e-01 2.121239821687098015e+00 0.000000000000000000e+00
-2.567635264350262236e+00 -9.741048159497237013e-03 0.000000000000000000e+00 2.040550523155154061e-01 2.081392074761016620e+00 0.000000000000000000e+00
-2.773499143664826416e+00 9.841387143845567453e-03 0.000000000000000000e+00 -1.264272476783234456e-01 2.323700190722221226e+00 0.000000000000000000e+00
-2.206645855103761100e+00 -3.896309605101087870e-03 0.000000000000000000e+00 2.900724738973223804e-01 1.641211597343314565e+00 0.000000000000000000e+00
-2.903324437790566037e+00 -3.143333690410948789e-03 0.000000000000000000e+00 -6.653342369025885827e-02 2.473016013654669276e+00 0.000000000000000000e+00
-1.667482682991342724e+00 2.499547232046456669e-03 0.000000000000000000e+00 3.736348918595748803e-01 9.178195000167572726e-01 0.000000000000000000e+00
-2.943677749307802571e+00 -1.699773873149471037e-03 0.000000000000000000e+00 1.703111697466591634e-03 2.519271432831311941e+00 0.000000000000000000e+00
-1.732702881128763472e+00 -3.667201721712846745e-03 0.000000000000000000e+00 -3.693410124045579668e-01 1.011038861043064729e+00 0.000000000000000000e+00
-2.894810740850644493e+00 -2.411463233876032231e-03 0.000000000000000000e+00 6.832762692196855947e-02 2.463376820279452595e+00 0.000000000000000000e+00
-2.247254860433230306e+00 5.319482616192514057e-03 0.000000000000000000e+00 -2.804913160069818501e-01 1.692201264742088984e+00 0.000000000000000000e+00
-2.755677561968937539e+00 3.321066125550733994e-03 0.000000000000000000e+00 1.448525394348794126e-01 2.302309381682404954e+00 0.000000000000000000e+00
-2.598519590080951680e+00 -1.756858479404641016e-03 0.000000000000000000e+00 -2.079372458208678942e-01 2.116790999412213381e+00 0.000000000000000000e+00
-2.604536909124169242e+00 -4.682467387069372267e-03 0.000000000000000000e+00 2.009651390204336141e-01 2.124430125388718338e+00 0.000000000000000000e+00
-2.750717090008951260e+00 7.278745063709804453e-03 0.000000000000000000e+00 -1.366217407652725035e-01 2.297167837691534764e+00 0.000000000000000000e+00
-2.244617234658170091e+00 -3.034861210083665550e-03 0.000000000000000000e+00 2.821593504257480234e-01 1.688723784936260186e+00 0.000000000000000000e+00
-2.892334104549855400e+00 1.057197943991953354e-03 0.000000000000000000e+00 -6.861554639909120401e-02 2.460577462342290467e+00 0.000000000000000000e+00
-1.717414972228074266e+00 -4.586430308695661762e-03 0.000000000000000000e+00 3.655276354538158357e-01 9.912315776288912472e-01 0.000000000000000000e+00
-2.939943355376500200e+00 -1.146107569105221657e-02 0.000000000000000000e+00 -1.064304418846154232e-02 2.515081431565232783e+00 0.000000000000000000e+00
-1.702353652385325766e+00 -3.638449645038573099e-03 0.000000000000000000e+00 -3.714813196541318918e-01 9.679585432779347354e-01 0.000000000000000000e+00
-2.893898370301747125e+00 1.543653795814309282e-03 0.000000000000000000e+00 6.965683017086443662e-02 2.462311272779225568e+00 0.000000000000000000e+00
-2.235579891253239193e+00 -6.961353305912722222e-03 0.000000000000000000e+00 -2.915727052655577300e-01 1.676167301061516346e+00 0.000000000000000000e+00
-2.753722349684020188e+00 -3.969263408911637842e-03 0.000000000000000000e+00 1.381599103313329302e-01 2.300493888058014580e+00 0.000000000000000000e+00
-2.598674252580037702e+00 7.620617696505460614e-03 0.000000000000000000e+00 -1.994159825069269365e-01 2.117802383052524107e+00 0.000000000000000000e+00
-2.596579275830949385e+00 -2.298608567106730227e-03 0.000000000000000000e+00 2.043553560796984025e-01 2.114894802243213245e+00 0.000000000000000000e+00
-2.755756857630598411e+00 1.129060311246676829e-02 0.000000000000000000e+00 -1.315886471468475094e-01 2.303220439842891487e+00 0.000000000000000000e+00
-2.237770641724772247e+00 -3.064098785976040670e-03 0.000000000000000000e+00 2.837585577862228314e-01 1.680155344318497779e+00 0.000000000000000000e+00
-2.894910047772080830e+00 9.802815590290336889e-03 0.000000000000000000e+00 -5.996937837379109210e-02 2.463724491773207959e+00 0.000000000000000000e+00
-1.707438603686981082e+00 3.156182159092579820e-03 0.000000000000000000e+00 3.709109245444583980e-01 9.752977070073181043e-01 0.000000000000000000e+00
-2.941018507939947568e+00 1.150632247612214110e-03 0.000000000000000000e+00 9.067432256061741525e-04 2.516286579266148404e+00 0.000000000000000000e+00
-1.706386525913220042e+00 -4.347037973320422299e-04 0.000000000000000000e+00 -3.694420424987425733e-01 9.743799153591183870e-01 0.000000000000000000e+00
-2.895133060967376437e+00 -7.480695626033088963e-03 0.000000000000000000e+00 6.178433184305658077e-02 2.463923220405295655e+00 0.000000000000000000e+00
-2.236911823817609779e+00 5.520771683472494584e-03 0.000000000000000000e+00 -2.820945382510886557e-01 1.679399858189572381e+00 0.000000000000000000e+00
-2.756171685525703019e+00 -8.973977152707472704e-03 0.000000000000000000e+00 1.333565736189498696e-01 2.303581975952868621e+00 0.000000000000000000e+00
-2.595742802201952415e+00 4.428983120717416150e-03 0.000000000000000000e+00 -2.027277800204498881e-01 2.114086701061628215e+00 0.000000000000000000e+00
-2.598279781561391388e+00 -6.592891659380768765e-03 0.000000000000000000e+00 2.002361682870054949e-01 2.117265730852842864e+00 0.000000000000000000e+00
-2.753552486983681824e+00 4.377701383295795612e-03 0.000000000000000000e+00 -1.377113014929201851e-01 2.300328372960226631e+00 0.000000000000000000e+00
-2.234306741311443467e+00 5.854152702912809175e-03 0.000000000000000000e+00 2.909330882754814773e-01 1.674729240890901139e+00 0.000000000000000000e+00
-2.893818639475129295e+00 -2.565721288354791407e-03 0.000000000000000000e+00 -7.023819424569077707e-02 2.462206311594514752e+00 0.000000000000000000e+00
-1.699707067210216804e+00 -7.336731599817195026e-04 0.000000000000000000e+00 3.691592347308809696e-01 9.651333120063452231e-01 0.000000000000000000e+00
-2.939461159185301931e+00 8.977257626694754022e-03 0.000000000000000000e+00 8.986326075910953948e-03 2.514537421385839799e+00 0.000000000000000000e+00
-1.721116423858904732e+00 -2.242190366149032776e-03 0.000000000000000000e+00 -3.691027448926255117e-01 9.950515092864221645e-01 0.000000000000000000e+00
-2.890939142273033280e+00 -5.270214256983984935e-03 0.000000000000000000e+00 6.571477487227951608e-02 2.459090698936424069e+00 0.000000000000000000e+00
-2.248447998641128986e+00 -3.902695390937183095e-03 0.000000000000000000e+00 -2.864910046551958356e-01 1.692639513599784262e+00 0.000000000000000000e+00
-2.746598344835248895e+00 9.559045091403081673e-03 0.000000000000000000e+00 1.521589184528480410e-01 2.291502321999797420e+00 0.000000000000000000e+00
-2.609214236904896289e+00 -1.402624671454438809e-03 0.000000000000000000e+00 -2.052739754895960833e-01 2.129424581286778473e+00 0.000000000000000000e+00
-2.600210069430578752e+00 1.399741008914490159e-03 0.000000000000000000e+00 2.078450507598840757e-01 2.118757862186572805e+00 0.000000000000000000e+00
-2.756777232308956549e+00 -2.478554313026515299e-04 0.000000000000000000e+00 -1.427261401223202109e-01 2.303694339212299269e+00 0.000000000000000000e+00
-2.253137718411309276e+00 4.019613045335858337e-03 0.000000000000000000e+00 2.866714758808722729e-01 1.698289286350107119e+00 0.000000000000000000e+00
-2.894515642295652391e+00 -1.169389531252305187e-02 0.000000000000000000e+00 -8.222138587272163901e-02 2.462646453899964172e+00 0.000000000000000000e+00
-1.756171371659486447e+00 -3.600293215268973723e-03 0.000000000000000000e+00 3.630650318706359347e-01 1.045588424373927516e+00 0.000000000000000000e+00
-2.945834595242311504e+00 -5.709803630168409916e-03 0.000000000000000000e+00 -1.081142881945153754e-02 2.521677116954427866e+00 0.000000000000000000e+00
-1.634561808674784178e+00 -5.980667495625938135e-04 0.000000000000000000e+00 -3.746002127910185719e-01 8.701297146115852810e-01 0.000000000000000000e+00
-2.910272134574641179e+00 4.514024888431861227e-03 0.000000000000000000e+00 6.389335171694285331e-02 2.480910506530615400e+00 0.000000000000000000e+00
-2.178481984404462501e+00 -5.728029699586231760e-03 0.000000000000000000e+00 -3.032718830097699825e-01 1.604363748851883820e+00 0.000000000000000000e+00
-2.787267725759572379e+00 2.048262685117499537e-03 0.000000000000000000e+00 1.314222981759378961e-01 2.339063164240237747e+00 0.000000000000000000e+00
-2.543509534384992499e+00 7.390536695264404710e-03 0.000000000000000000e+00 -2.115552113420413605e-01 2.052589710258385658e+00 0.000000000000000000e+00
-2.611817761754923861e+00 6.718930519512805732e-03 0.000000000000000000e+00 2.035354060291184042e-01 2.132611468833520263e+00 0.000000000000000000e+00
-2.722069163487014443e+00 -3.463090338946234192e-03 0.000000000000000000e+00 -1.452338512643319146e-01 2.263932148911668385e+00 0.000000000000000000e+00
-2.178476829351382982e+00 -4.485940307045883403e-03 0.000000000000000000e+00 2.897426249032647450e-01 1.606852631595331982e+00 0.000000000000000000e+00
-2.879491471991003859e+00 7.517809232467951436e-03 0.000000000000000000e+00 -4.734259476468080652e-02 2.446615418438874645e+00 0.000000000000000000e+00
-1.443966595336107162e+00 -2.433662436938446860e-03 0.000000000000000000e+00 3.668275984946156587e-01 5.810876331225586222e-01 0.000000000000000000e+00
-2.898803893128054199e+00 -7.112923553612135463e-03 0.000000000000000000e+00 2.371463553064127872e-02 2.468717548055572308e+00 0.000000000000000000e+00
-2.018982215590320095e+00 6.670926509512013942e-03 0.000000000000000000e+00 -3.188928704518947388e-01 1.402608353712039069e+00 0.000000000000000000e+00
-2.780682712432473558e+00 -3.699927744651998474e-05 0.000000000000000000e+00 1.164897917482379669e-01 2.332370093524322563e+00 0.000000000000000000e+00
-2.498720682728401421e+00 4.616941556110885914e-03 0.000000000000000000e+00 -2.159254703965090560e-01 1.999871307949530497e+00 0.000000000000000000e+00
-2.547978896500628920e+00 -6.171128933093163182e-03 0.000000000000000000e+00 2.006916497219808360e-01 2.058874897562545936e+00 0.000000000000000000e+00
-2.746597381331952192e+00 9.794917734667625553e-03 0.000000000000000000e+00 -1.186691238777423940e-01 2.293481203914121025e+00 0.000000000000000000e+00
-2.059009064460031624e+00 4.477335228807256817e-03 0.000000000000000000e+00 3.176669603703123346e-01 1.453286476944474881e+00 0.000000000000000000e+00
-2.883581103861887485e+00 -7.855643137090735292e-03 0.000000000000000000e+00 -4.060756678863471081e-02 2.451348540114777208e+00 0.000000000000000000e+00
-1.432144926548857278e+00 2.794404047761437498e-03 0.000000000000000000e+00 -3.645603821431914748e-01 5.628124631117287224e-01 0.000000000000000000e+00
-2.864104019918848998e+00 8.038127026928451602e-03 0.000000000000000000e+00 6.331249504135362527e-02 2.428893077364237651e+00 0.000000000000000000e+00
-2.203014367257024819e+00 -3.862600025018161909e-03 0.000000000000000000e+00 -2.887250110168851913e-01 1.637023717590962324e+00 0.000000000000000000e+00
-2.688266596675974007e+00 -6.267418101076366321e-03 0.000000000000000000e+00 1.460247484122206840e-01 2.225206059435777206e+00 0.000000000000000000e+00
-2.680748536068491727e+00 8.271795635032337668e-03 0.000000000000000000e+00 -1.889948377536437296e-01 2.213344739632235658e+00 0.000000000000000000e+00
-2.652415639107648104e+00 3.149388332519723055e-03 0.000000000000000000e+00 2.065800979295694118e-01 2.179162366568967002e+00 0.000000000000000000e+00
-2.742729393545843219e+00 6.803575966256067420e-03 0.000000000000000000e+00 -1.480004412000683889e-01 2.287352683843649093e+00 0.000000000000000000e+00
-2.342808238187793268e+00 8.171458358843940173e-03 0.000000000000000000e+00 2.729958649656251124e-01 1.808324549297913197e+00 0.000000000000000000e+00
-2.881394799186352884e+00 -1.127239233672933105e-02 0.000000000000000000e+00 -9.968856596558958727e-02 2.447203868498051715e+00 0.000000000000000000e+00
-1.942582530700691201e+00 -2.762446457970468838e-03 0.000000000000000000e+00 3.412043497434222861e-01 1.299557865830595738e+00 0.000000000000000000e+00
-2.952863462839872888e+00 9.597321638513931635e-03 0.000000000000000000e+00 -2.126190987235308805e-02 2.529511254102928319e+00 0.000000000000000000e+00
-1.249565606101083803e+00 -2.705815686995685469e-04 0.000000000000000000e+00 3.195671435342186673e-01 2.489809312136511688e-01 0.000000000000000000e+00
-1.212104267685429670e+00 -1.950561360786985318e-04 0.000000000000000000e+00 -2.979970569392156876e-01 1.804735390424575259e-01 0.000000000000000000e+00
-2.953570817096824896e+00 -1.866460204587583327e-03 0.000000000000000000e+00 2.672687343943552785e-02 2.530236317665235823e+00 0.000000000000000000e+00
-1.931706705568238647e+00 2.896935015628904209e-03 0.000000000000000000e+00 -3.427696354172823923e-01 1.285084434303730649e+00 0.000000000000000000e+00
-2.884403420382488648e+00 -5.001498591737773419e-03 0.000000000000000000e+00 8.409011967475266136e-02 2.451162946960085076e+00 0.000000000000000000e+00
-2.336730474055404461e+00 2.568881272868528409e-03 0.000000000000000000e+00 -2.660559127106652544e-01 1.802083137361912168e+00 0.000000000000000000e+00
-2.745899783281987805e+00 1.597308674690128827e-03 0.000000000000000000e+00 1.537635063376038280e-01 2.290581249058215363e+00 0.000000000000000000e+00
-2.644746236836612141e+00 3.051799864100368520e-03 0.000000000000000000e+00 -2.018059704017443612e-01 2.170774073685998840e+00 0.000000000000000000e+00
-2.669054347421238926e+00 4.865549913642464031e-03 0.000000000000000000e+00 2.013226484806845962e-01 2.198806543615090536e+00 0.000000000000000000e+00
-2.701875201281615624e+00 -6.161748305834754968e-03 0.000000000000000000e+00 -1.571983765578968684e-01 2.240035774880019037e+00 0.000000000000000000e+00
-2.240016656521726102e+00 3.680873991844770682e-03 0.000000000000000000e+00 2.836134786655831741e-01 1.682908044600896380e+00 0.000000000000000000e+00
-2.871432371233576308e+00 1.159409480639236878e-02 0.000000000000000000e+00 -5.501592460256525541e-02 2.437380392376817362e+00 0.000000000000000000e+00
-1.595064398069441225e+00 -1.718621752827144411e-03 0.000000000000000000e+00 3.718123125195769152e-01 8.136058464062138063e-01 0.000000000000000000e+00
-2.909319499041038704e+00 1.034683957213931860e-02 0.000000000000000000e+00 2.575732784380871387e-02 2.480545636391755515e+00 0.000000000000000000e+00
-1.910511104196000343e+00 2.840317513686945600e-03 0.000000000000000000e+00 -3.399727198250298565e-01 1.258333055024139391e+00 0.000000000000000000e+00
-2.817500913500716742e+00 -5.882117714164677991e-03 0.000000000000000000e+00 9.498056151692285676e-02 2.375132249144782826e+00 0.000000000000000000e+00
-2.422371648504942243e+00 -1.189747761368740303e-03 0.000000000000000000e+00 -2.399432000925489916e-01 1.907361891639341334e+00 0.000000000000000000e+00
-2.601616145018363468e+00 6.819337432893618489e-03 0.000000000000000000e+00 1.940079293921882497e-01 2.121707888322840851e+00 0.000000000000000000e+00
-2.683136941722021440e+00 -8.928770954907405688e-04 0.000000000000000000e+00 -1.364454965885048277e-01 2.219928920044594634e+00 0.000000000000000000e+00
-2.013483192401472444e+00 5.619497852216298606e-03 0.000000000000000000e+00 3.199705925160542530e-01 1.395402188039469804e+00 0.000000000000000000e+00
-2.844534185747941812e+00 8.074311327352007295e-03 0.000000000000000000e+00 -1.181879036416364978e-02 2.407588555067891711e+00 0.000000000000000000e+00
-1.718315795059851325e+00 4.828998948586435240e-03 0.000000000000000000e+00 -3.557377209597566980e-01 9.960427613503464173e-01 0.000000000000000000e+00
-2.764252263617971828e+00 -2.928567687604063940e-03 0.000000000000000000e+00 9.309443226597252652e-02 2.314743474462471973e+00 0.000000000000000000e+00
-2.430285606203174353e+00 -8.554260933230223296e-04 0.000000000000000000e+00 -2.241236299984586400e-01 1.918615820527728166e+00 0.000000000000000000e+00
-2.450696790291603477e+00 4.265101416359648456e-03 0.000000000000000000e+00 2.211342512145111905e-01 1.942989132718583090e+00 0.000000000000000000e+00
-2.753366373364611874e+00 -7.573989619021503916e-03 0.000000000000000000e+00 -1.068367573187818942e-01 2.301767371250956984e+00 0.000000000000000000e+00
-1.751878388846288770e+00 -2.121938954224432405e-03 0.000000000000000000e+00 3.535579240895919684e-01 1.042977249842577336e+00 0.000000000000000000e+00
-2.843235032637356774e+00 -5.541881510060533977e-03 0.000000000000000000e+00 1.072336311529581421e-02 2.406118756601343556e+00 0.000000000000000000e+00
-1.993831049831592317e+00 -4.960490889644245116e-03 0.000000000000000000e+00 -3.226893734025646499e-01 1.369829806817542073e+00 0.000000000000000000e+00
-2.686436659999394294e+00 -2.446546778218691709e-03 0.000000000000000000e+00 1.313041391012130521e-01 2.224021199748408950e+00 0.000000000000000000e+00
-2.591708242153562658e+00 5.600924575022647733e-03 0.000000000000000000e+00 -1.839500345223905597e-01 2.111141270616572641e+00 0.000000000000000000e+00
-2.403676180821976871e+00 7.253419959640440562e-03 0.000000000000000000e+00 2.471280243909725893e-01 1.884350378644258805e+00 0.000000000000000000e+00
-2.816407438571584265e+00 6.403811865355515248e-03 0.000000000000000000e+00 -8.967534999810383711e-02 2.374101244890235218e+00 0.000000000000000000e+00
-1.847530809134064089e+00 6.648097109812969863e-04 0.000000000000000000e+00 3.499904399062954141e-01 1.172813581316693998e+00 0.000000000000000000e+00
-2.901278373218103557e+00 8.425277379872517236e-03 0.000000000000000000e+00 1.368327442372307967e-04 2.471623018213936263e+00 0.000000000000000000e+00
-1.717092970574312094e+00 1.622838295772172090e-03 0.000000000000000000e+00 -3.634052949771751084e-01 9.915647043993884857e-01 0.000000000000000000e+00
-2.840951914089236752e+00 -7.240450875718056067e-03 0.000000000000000000e+00 7.376778620868190695e-02 2.402434246370570570e+00 0.000000000000000000e+00
-2.329331359551034097e+00 -2.559378308568970029e-03 0.000000000000000000e+00 -2.610064432695253789e-01 1.793980044439785981e+00 0.000000000000000000e+00
-2.635624001549925932e+00 5.210386577336544034e-03 0.000000000000000000e+00 1.774603464702928513e-01 2.162397889797793127e+00 0.000000000000000000e+00
-2.567389148785601982e+00 7.364298432121357818e-04 0.000000000000000000e+00 -1.216201061527075189e-01 2.087530180030904958e+00 0.000000000000000000e+00
-1.510379999414596330e+00 2.575527578182808253e-03 0.000000000000000000e+00 3.547300028618224910e-01 6.940462246469379926e-01 0.000000000000000000e+00
-2.640189684753256660e+00 6.209759669919934222e-03 0.000000000000000000e+00 8.380908366024142353e-02 2.173297215026043894e+00 0.000000000000000000e+00
-2.416559204606496536e+00 6.684104059309831092e-03 0.000000000000000000e+00 -1.833438418964450367e-01 1.906801646827332331e+00 0.000000000000000000e+00
-2.019647269273621148e+00 -3.280125080532877296e-03 0.000000000000000000e+00 2.906697548661519859e-01 1.409558313972371302e+00 0.000000000000000000e+00
-2.708441908877075033e+00 6.557169743274193774e-03 0.000000000000000000e+00 1.289734734051177500e-02 2.253009129265441057e+00 0.000000000000000000e+00
-2.099266248550411440e+00 -5.008136371055460501e-03 0.000000000000000000e+00 -2.793754348656515840e-01 1.511188482408929001e+00 0.000000000000000000e+00
-2.366201148374985852e+00 -2.521777251919890550e-03 0.000000000000000000e+00 2.030576840565522789e-01 1.845265088574559842e+00 0.000000000000000000e+00
-2.663094896755002772e+00 -8.604937536303036705e-03 0.000000000000000000e+00 -7.268826368787695280e-02 2.199989380610152701e+00 0.000000000000000000e+00
-1.619984615713896403e+00 1.950515623983260782e-03 0.000000000000000000e+00 -3.495393700411828508e-01 8.595684801223737459e-01 0.000000000000000000e+00
-2.554554198578507851e+00 -9.416854366465637893e-04 0.000000000000000000e+00 1.307982335140474572e-01 2.072110397222248324e+00 0.000000000000000000e+00
1.050704228220559866e+00 -8.751572937766289965e-05 0.000000000000000000e+00 -7.795904528095337627e-03 1.299841142333815758e-01 0.000000000000000000e+00
-2.542728437839114175e+00 7.810985074500204073e-03 0.000000000000000000e+00 -1.205832494195618054e-01 2.059035688538127573e+00 0.000000000000000000e+00
-1.507877976469789827e+00 -1.294879400167349426e-03 0.000000000000000000e+00 3.514126837977656903e-01 6.918718604785405457e-01 0.000000000000000000e+00
-2.617746258772545520e+00 9.338597209744073369e-03 0.000000000000000000e+00 9.139622850097074702e-02 2.147190645693481947e+00 0.000000000000000000e+00
-2.436478000531428378e+00 -5.129963773767981516e-03 0.000000000000000000e+00 -1.826716896799177037e-01 1.930291176916665297e+00 0.000000000000000000e+00
-1.941074629331375201e+00 -5.700535702023779017e-03 0.000000000000000000e+00 3.029887083194751085e-01 1.307074629851427972e+00 0.000000000000000000e+00
-2.694669479371611942e+00 -8.611425670990860773e-03 0.000000000000000000e+00 1.505875818463924334e-02 2.237270916129286746e+00 0.000000000000000000e+00
-2.185944472410003669e+00 3.305456501716458328e-03 0.000000000000000000e+00 -2.508187472183738276e-01 1.622490906026618163e+00 0.000000000000000000e+00
-2.278281782129983668e+00 -1.725353361495832183e-03 0.000000000000000000e+00 2.274030746911237244e-01 1.737469461958904393e+00 0.000000000000000000e+00
-2.680546131995352521e+00 -4.189077449563149980e-03 0.000000000000000000e+00 -4.634783879444009935e-02 2.220675792093960155e+00 0.000000000000000000e+00
-1.805673693476740338e+00 -4.593095033782216771e-03 0.000000000000000000e+00 -3.322149483887960608e-01 1.122418459070575025e+00 0.000000000000000000e+00
-2.488787283911286785e+00 8.722990133616090325e-03 0.000000000000000000e+00 1.651601025599517547e-01 1.993125043173510580e+00 0.000000000000000000e+00
-2.566667560923318270e+00 -5.722106872118451482e-03 0.000000000000000000e+00 -1.007552226881037738e-01 2.087814776993448973e+00 0.000000000000000000e+00
-1.479416195918562327e+00 -1.927594830626698855e-03 0.000000000000000000e+00 -3.491971874326255110e-01 6.486437434045633221e-01 0.000000000000000000e+00
-2.492058801119340750e+00 -5.359894518648579409e-03 0.000000000000000000e+00 1.315562776483353014e-01 1.999428598863657758e+00 0.000000000000000000e+00
-2.464439575603367683e+00 -6.255852177509541034e-03 0.000000000000000000e+00 -8.856852283945619575e-02 1.969590679851796367e+00 0.000000000000000000e+00
-1.839863475475206123e+00 8.073267711490930698e-05 0.000000000000000000e+00 -2.961721286846290546e-01 1.177502715494593843e+00 0.000000000000000000e+00
-2.082816401310149779e+00 5.688566912901288353e-03 0.000000000000000000e+00 2.435284383118299090e-01 1.497055792327372847e+00 0.000000000000000000e+00
-2.509047306774017105e+00 5.147745233843981083e-03 0.000000000000000000e+00 3.751349314040340610e-02 2.023151316571959235e+00 0.000000000000000000e+00
-2.312750189871676909e+00 -6.119761842894977377e-03 0.000000000000000000e+00 -1.721226467471570765e-01 1.784960158923068807e+00 0.000000000000000000e+00
-1.372724733951650622e+00 -1.561532331598188168e-03 0.000000000000000000e+00 3.295325453105277247e-01 4.846365446984818304e-01 0.000000000000000000e+00
-2.370620059533815827e+00 -1.964045112664895842e-03 0.000000000000000000e+00 1.413835152663719397e-01 1.856234098965971802e+00 0.000000000000000000e+00
-2.482040689686352053e+00 7.909697308104979285e-04 0.000000000000000000e+00 -5.214605907578753752e-02 1.991403165621571603e+00 0.000000000000000000e+00
-2.013127015436142031e+00 4.321993058707666868e-03 0.000000000000000000e+00 -2.515103230491902431e-01 1.408904372882861189e+00 0.000000000000000000e+00
-1.880294991266005633e+00 -9.156270761724177865e-04 0.000000000000000000e+00 2.848330069048768398e-01 1.232939173412257894e+00 0.000000000000000000e+00
-2.454881654541059888e+00 -8.795896834477685833e-03 0.000000000000000000e+00 7.267014707706025145e-02 1.959088929013456770e+00 0.000000000000000000e+00
-2.481344353588639695e+00 -1.876737538660827598e-03 0.000000000000000000e+00 -1.346313638229945930e-01 1.986719077452751669e+00 0.000000000000000000e+00
-1.382491503354030815e+00 7.106733535046380959e-04 0.000000000000000000e+00 3.395822374064344507e-01 4.947353859019563704e-01 0.000000000000000000e+00
-2.525826774484328574e+00 3.180551273540515103e-03 0.000000000000000000e+00 1.128947546100678434e-01 2.039847085969654472e+00 0.000000000000000000e+00
-2.609240796571291821e+00 8.970752586574329279e-03 0.000000000000000000e+00 -1.559133658782052567e-01 2.133659115293263575e+00 0.000000000000000000e+00
-2.165721841304353745e+00 1.672957639590882950e-04 0.000000000000000000e+00 2.851804152980921270e-01 1.592040620768977455e+00 0.000000000000000000e+00
-2.826222471374730816e+00 -4.246612665333075395e-03 0.000000000000000000e+00 -4.556407482074890936e-02 2.386467032221246676e+00 0.000000000000000000e+00
-1.487346741958908369e+00 1.433418183817472200e-03 0.000000000000000000e+00 -3.654141833167811049e-01 6.522806163789551803e-01 0.000000000000000000e+00
-2.791462631576950404e+00 -2.378340604449163953e-03 0.000000000000000000e+00 7.251651558305249878e-02 2.346395674029380540e+00 0.000000000000000000e+00
-2.338118910144238782e+00 1.657841692867589867e-03 0.000000000000000000e+00 -2.441411696354567340e-01 1.806841571914151068e+00 0.000000000000000000e+00
-2.504964230978464101e+00 7.720520401237079833e-03 0.000000000000000000e+00 2.052591686046855157e-01 2.008301683713543451e+00 0.000000000000000000e+00
-2.710829232638791275e+00 5.387811744501605493e-03 0.000000000000000000e+00 -1.073841613227545649e-01 2.253212148811211790e+00 0.000000000000000000e+00
-1.790201393067546665e+00 -7.174340571107842845e-04 0.000000000000000000e+00 3.472627505732973630e-01 1.097051623994353076e+00 0.000000000000000000e+00
-2.820668489553950664e+00 -6.700212185823995609e-03 0.000000000000000000e+00 1.012468301917390269e-02 2.380599920141342807e+00 0.000000000000000000e+00
-2.025544233857063059e+00 -2.456892300455870704e-03 0.000000000000000000e+00 -3.118697870211025736e-01 1.412463962666667960e+00 0.000000000000000000e+00
-2.635273459771175997e+00 -1.447824660787133677e-04 0.000000000000000000e+00 1.460405109241844912e-01 2.164339435233056275e+00 0.000000000000000000e+00
-2.718042365683285944e+00 4.761755900972733380e-03 0.000000000000000000e+00 -1.909115973192958005e-01 2.255935235320756238e+00 0.000000000000000000e+00
-2.710783575319998029e+00 9.896964858894935491e-03 0.000000000000000000e+00 2.051638518953721735e-01 2.246382458587936615e+00 0.000000000000000000e+00
-2.657210088374359458e+00 2.568536418539352217e-03 0.000000000000000000e+00 -1.476882623504476855e-01 2.189456924013593930e+00 0.000000000000000000e+00
-2.119045260001907405e+00 2.309630019950714708e-04 0.000000000000000000e+00 2.972740814468736725e-01 1.532284328972958853e+00 0.000000000000000000e+00
-2.844363570809295805e+00 5.088527006269313868e-03 0.000000000000000000e+00 -3.197942833426781206e-02 2.407206965024816903e+00 0.000000000000000000e+00
-1.510582621466532993e+00 -2.568375161253022565e-03 0.000000000000000000e+00 -3.692215527334279934e-01 6.867689600355839641e-01 0.000000000000000000e+00
-2.807183894990822548e+00 8.947342294899582674e-03 0.000000000000000000e+00 8.056237255014217502e-02 2.363983839234352402e+00 0.000000000000000000e+00
-2.321677441474806702e+00 4.888192594123180745e-03 0.000000000000000000e+00 -2.484685402648388886e-01 1.786619741280046192e+00 0.000000000000000000e+00
-2.548854235824010495e+00 -8.764656545349094885e-03 0.000000000000000000e+00 1.818422680538562819e-01 2.061655367312777987e+00 0.000000000000000000e+00
-2.686684857919328984e+00 -1.059780825456657638e-03 0.000000000000000000e+00 -1.230574881915087876e-01 2.224778500769419853e+00 0.000000000000000000e+00
-1.857662430983995083e+00 3.209743458962327489e-03 0.000000000000000000e+00 3.400889260115769197e-01 1.189108542272581337e+00 0.000000000000000000e+00
-2.818903955802358752e+00 -9.274372931491720040e-03 0.000000000000000000e+00 1.229626527327748464e-04 2.378632506212595032e+00 0.000000000000000000e+00
-1.978673644497278339e+00 2.230985579568432742e-03 0.000000000000000000e+00 -3.167232039383658382e-01 1.351930030551113493e+00 0.000000000000000000e+00
-2.648125924870570636e+00 -8.012267075305834485e-03 0.000000000000000000e+00 1.328756188381708392e-01 2.179981971549587172e+00 0.000000000000000000e+00
-2.649691846826249808e+00 4.920071410654369704e-03 0.000000000000000000e+00 -1.814680507946976329e-01 2.178269444719820314e+00 0.000000000000000000e+00
-2.487980025318999644e+00 7.294335311885252748e-03 0.000000000000000000e+00 2.373404128331092489e-01 1.984873370320703323e+00 0.000000000000000000e+00
-2.818762535282404613e+00 -2.032565113575468541e-03 0.000000000000000000e+00 -1.198550005978453875e-01 2.375434178497526361e+00 0.000000000000000000e+00
-2.120027253192516170e+00 3.094107021394988666e-03 0.000000000000000000e+00 3.136239298413612264e-01 1.530242787074714172e+00 0.000000000000000000e+00
-2.925370669109690347e+00 -1.458109494546222518e-03 0.000000000000000000e+00 -5.328598680538899901e-02 2.498144655185355223e+00 0.000000000000000000e+00
-1.564044880332144061e+00 -1.392050442628231088e-04 0.000000000000000000e+00 3.765427813000436497e-01 7.650514800567753682e-01 0.000000000000000000e+00
-2.951460276152667372e+00 5.926831538018210305e-03 0.000000000000000000e+00 1.577406406787146970e-02 2.527969617017605586e+00 0.000000000000000000e+00
-1.788964746041741272e+00 1.061903546804923715e-03 0.000000000000000000e+00 -3.617848677219925313e-01 1.090676586106479107e+00 0.000000000000000000e+00
-2.898057575290476695e+00 6.177868898917165952e-03 0.000000000000000000e+00 7.936470447077795254e-02 2.466716424278518893e+00 0.000000000000000000e+00
-2.259667033746958431e+00 -4.436638711279920072e-03 0.000000000000000000e+00 -2.866456699272001973e-01 1.706202853231991723e+00 0.000000000000000000e+00
-2.765494330742147788e+00 -8.559723097282232601e-03 0.000000000000000000e+00 1.341618217415490033e-01 2.314157219633108831e+00 0.000000000000000000e+00
-2.593730088836002423e+00 -8.841156641089947810e-04 0.000000000000000000e+00 -2.097168819779043902e-01 2.111075744193777304e+00 0.000000000000000000e+00
-2.619777282163632925e+00 5.575202205295587410e-03 0.000000000000000000e+00 2.061034196358872417e-01 2.141565546894394156e+00 0.000000000000000000e+00
-2.736673759223099189e+00 7.888403988224594598e-03 0.000000000000000000e+00 -1.388193604808068415e-01 2.281026626050498329e+00 0.000000000000000000e+00
-2.242764922850613019e+00 4.981651505541731875e-03 0.000000000000000000e+00 2.872611993384900364e-01 1.685630519589024212e+00 0.000000000000000000e+00
-2.886007855914466624e+00 -1.877935652363592681e-03 0.000000000000000000e+00 -6.997095122977325943e-02 2.453415097547267720e+00 0.000000000000000000e+00
-1.682352034422082143e+00 1.291167795595474233e-04 0.000000000000000000e+00 3.702094308657625232e-01 9.403057180814176075e-01 0.000000000000000000e+00
-2.931586873872665144e+00 9.902855927470227693e-03 0.000000000000000000e+00 1.303840896270687388e-02 2.505683313225553377e+00 0.000000000000000000e+00
-1.769463253425664906e+00 2.449871439390013256e-03 0.000000000000000000e+00 -3.608732981530907713e-01 1.064503359013806660e+00 0.000000000000000000e+00
-2.873587644163563937e+00 -6.545484905396178887e-03 0.000000000000000000e+00 7.171725553007385345e-02 2.439363921188582474e+00 0.000000000000000000e+00
-2.296565835945358902e+00 6.130446504602621305e-03 0.000000000000000000e+00 -2.671417719007193048e-01 1.753809096077891816e+00 0.000000000000000000e+00
-2.711589769331083311e+00 2.026526561024755146e-04 0.000000000000000000e+00 1.553991262279180718e-01 2.251275806005127222e+00 0.000000000000000000e+00
-2.679791455369322950e+00 -4.280998416402601037e-03 0.000000000000000000e+00 -2.036431414012458696e-01 2.210939372145718451e+00 0.000000000000000000e+00
-2.692095824959873873e+00 3.689961864208890496e-04 0.000000000000000000e+00 1.968648254744166937e-01 2.225676820492556995e+00 0.000000000000000000e+00
-2.680428920921653635e+00 8.715017674789410362e-03 0.000000000000000000e+00 -1.443245925792024376e-01 2.216345901121404616e+00 0.000000000000000000e+00
-2.189672425190777094e+00 5.070846539211047721e-03 0.000000000000000000e+00 2.911598708645477540e-01 1.620305879010451644e+00 0.000000000000000000e+00
-2.860054050577960361e+00 -7.424713363714863235e-03 0.000000000000000000e+00 -5.940881213837011926e-02 2.424421550589690888e+00 0.000000000000000000e+00
-1.349285254599789763e+00 -1.399614091802600657e-04 0.000000000000000000e+00 3.511752419447461415e-01 4.262143948562892581e-01 0.000000000000000000e+00
-2.870838649086981498e+00 6.961380854599907853e-03 0.000000000000000000e+00 4.695658349516998453e-02 2.436866194138961550e+00 0.000000000000000000e+00
-2.116433236730346223e+00 2.102489894116515989e-03 0.000000000000000000e+00 -3.008518606817255359e-01 1.528354358247288047e+00 0.000000000000000000e+00
-2.711920943120679439e+00 1.804220021023079587e-03 0.000000000000000000e+00 1.403083358208905285e-01 2.252646447540377572e+00 0.000000000000000000e+00
-2.602943548455058931e+00 5.150225157836033768e-03 0.000000000000000000e+00 -1.908346906969964341e-01 2.123530510062345833e+00 0.000000000000000000e+00
-2.495850114253151730e+00 -3.239982055224951973e-03 0.000000000000000000e+00 2.228618087171138906e-01 1.995755220255288176e+00 0.000000000000000000e+00
-2.800251770423028752e+00 -3.873071317290768811e-03 0.000000000000000000e+00 -1.212057091276474430e-01 2.354369395602942561e+00 0.000000000000000000e+00
-2.077768473210126920e+00 -1.853525676810005574e-03 0.000000000000000000e+00 3.150374496087432474e-01 1.477344812369097315e+00 0.000000000000000000e+00
-2.914133166782268969e+00 6.527754373157043655e-03 0.000000000000000000e+00 -3.675628930274589534e-02 2.485814525993020219e+00 0.000000000000000000e+00
-1.361372339682076493e+00 5.553450001407702653e-04 0.000000000000000000e+00 3.567834998959136250e-01 4.441748872226382039e-01 0.000000000000000000e+00
-2.923208084375682247e+00 -1.097164800447136823e-03 0.000000000000000000e+00 2.863073985894194762e-02 2.496118713203425266e+00 0.000000000000000000e+00
-1.981904611051429788e+00 -4.297614003513958170e-03 0.000000000000000000e+00 -3.360228126901652068e-01 1.351400498488941615e+00 0.000000000000000000e+00
-2.828508129994314224e+00 -6.001367430416335025e-03 0.000000000000000000e+00 9.887102740232028841e-02 2.387447428672784255e+00 0.000000000000000000e+00
-2.432572888572261505e+00 2.212062710542903043e-03 0.000000000000000000e+00 -2.387377569335700778e-01 1.919555684070670232e+00 0.000000000000000000e+00
-2.636994869515143058e+00 7.529541906697898024e-03 0.000000000000000000e+00 1.888032790319268128e-01 2.163027633145166106e+00 0.000000000000000000e+00
-2.637578199642191645e+00 9.377763146101773806e-03 0.000000000000000000e+00 -1.280869058897258772e-01 2.168148622187226593e+00 0.000000000000000000e+00
-1.906458682898365620e+00 4.542769963507834602e-03 0.000000000000000000e+00 3.307005329314315345e-01 1.255551887731849003e+00 0.000000000000000000e+00
-2.798578064529036347e+00 1.037609416091346201e-02 0.000000000000000000e+00 1.490766586704506125e-02 2.355561743786403817e+00 0.000000000000000000e+00
-1.991237677985485677e+00 5.718078326509022646e-03 0.000000000000000000e+00 -3.090020565149351750e-01 1.369700021837582549e+00 0.000000000000000000e+00
-2.606652273891797655e+00 -2.020758652665405330e-03 0.000000000000000000e+00 1.471430166347446056e-01 2.131280955252927267e+00 0.000000000000000000e+00
1.053388795073463280e+00 1.300830119247598123e-04 0.000000000000000000e+00 -3.048616066854571705e-02 1.281834323105726647e-01 0.000000000000000000e+00
-2.562830562014583258e+00 -5.829884968777260257e-03 0.000000000000000000e+00 -1.377285545092517549e-01 2.081262315087245796e+00 0.000000000000000000e+00
-1.665087733903037881e+00 -2.621783041281963017e-03 0.000000000000000000e+00 3.469135001659544582e-01 9.248935988441233658e-01 0.000000000000000000e+00
-2.683840852064316884e+00 5.767694866025782630e-03 0.000000000000000000e+00 6.198617544609300034e-02 2.224071721906454968e+00 0.000000000000000000e+00
-2.329054101903901053e+00 2.565934622614438054e-03 0.000000000000000000e+00 -2.166085243283879525e-01 1.799555468012585591e+00 0.000000000000000000e+00
-2.178173470207374063e+00 3.174961978941945318e-03 0.000000000000000000e+00 2.612721886945401639e-01 1.611362545754926767e+00 0.000000000000000000e+00
-2.712037843066849252e+00 -2.695557756931990512e-03 0.000000000000000000e+00 -2.630931486402393604e-02 2.256993753288191407e+00 0.000000000000000000e+00
-1.904215013065471362e+00 1.332568245051683059e-03 0.000000000000000000e+00 -3.154521335648869940e-01 1.256556963713382657e+00 0.000000000000000000e+00
-2.489721260909566247e+00 -2.761208955126118192e-03 0.000000000000000000e+00 1.629366622670723463e-01 1.994386315869575377e+00 0.000000000000000000e+00
-2.592622829709681831e+00 -6.435193812404677027e-03 0.000000000000000000e+00 -1.034358559301891411e-01 2.117677219998795213e+00 0.000000000000000000e+00
-1.351605398584950546e+00 3.675656955363197642e-04 0.000000000000000000e+00 -3.377509725589281642e-01 4.411734005298580397e-01 0.000000000000000000e+00
-2.563819385765745196e+00 5.402306273116903174e-03 0.000000000000000000e+00 1.189989053753575526e-01 2.083561127348948716e+00 0.000000000000000000e+00
-2.579364777750507098e+00 -7.119299466338463445e-03 0.000000000000000000e+00 -1.693422920040703328e-01 2.098090062485529650e+00 0.000000000000000000e+00
-2.099177733848648142e+00 1.259797629631246446e-03 0.000000000000000000e+00 2.945899728059637734e-01 1.508185642553906192e+00 0.000000000000000000e+00
-2.804864870698243529e+00 5.537436624380706607e-03 0.000000000000000000e+00 -2.056111110828023891e-02 2.362631073827186512e+00 0.000000000000000000e+00
-1.731192283590584857e+00 -4.345270585727031148e-03 0.000000000000000000e+00 -3.556796789391787339e-01 1.013864776804615175e+00 0.000000000000000000e+00
-2.705130147254250161e+00 -1.731026244910727208e-03 0.000000000000000000e+00 1.073379337897742147e-01 2.246697909284706363e+00 0.000000000000000000e+00
-2.496425778566287779e+00 -1.598903212654781414e-03 0.000000000000000000e+00 -1.994016223385380315e-01 1.998907803186999566e+00 0.000000000000000000e+00
-2.309060863257452745e+00 7.233408215475592429e-03 0.000000000000000000e+00 2.555076225417864388e-01 1.770531847779622137e+00 0.000000000000000000e+00
-2.788808953612846864e+00 1.065592577416278781e-02 0.000000000000000000e+00 -5.800692013840674788e-02 2.343812449738124748e+00 0.000000000000000000e+00
-1.336381996500221936e+00 1.288169182575191760e-03 0.000000000000000000e+00 3.451095564251241976e-01 4.068779155313368423e-01 0.000000000000000000e+00
-2.801585979297595230e+00 -7.856759967294721370e-03 0.000000000000000000e+00 4.889639608546558769e-02 2.358503710646651541e+00 0.000000000000000000e+00
-2.251707286378100470e+00 -3.498018837214997290e-03 0.000000000000000000e+00 -2.662391420776636930e-01 1.699892133361843083e+00 0.000000000000000000e+00
-2.534550955512495651e+00 -8.841934184738216990e-04 0.000000000000000000e+00 1.848617855791033215e-01 2.044743249826837861e+00 0.000000000000000000e+00
-2.672294188086823397e+00 7.873472336389051446e-03 0.000000000000000000e+00 -1.103837458728685050e-01 2.208971961901157410e+00 0.000000000000000000e+00
-1.753120057556081246e+00 1.653967395037033578e-03 0.000000000000000000e+00 3.495998411266517669e-01 1.046016574730925353e+00 0.000000000000000000e+00
-2.786091195611054339e+00 4.703232646703428554e-04 0.000000000000000000e+00 2.741811296272018278e-02 2.341262781394086279e+00 0.000000000000000000e+00
-2.127902556439045245e+00 2.949354603763984506e-03 0.000000000000000000e+00 -2.824408133027156431e-01 1.546028304125964148e+00 0.000000000000000000e+00
-2.529872869941311109e+00 1.608321934275708243e-03 0.000000000000000000e+00 1.768765048322812339e-01 2.040008229102421300e+00 0.000000000000000000e+00
-2.634869578050107908e+00 -3.279029321061721625e-03 0.000000000000000000e+00 -1.155671698422283400e-01 2.165721576095502421e+00 0.000000000000000000e+00
-1.585410291345195066e+00 -4.013096416721260648e-03 0.000000000000000000e+00 3.551779181317233913e-01 8.068556954062893194e-01 0.000000000000000000e+00
-2.716069467721574870e+00 -6.497452670638413641e-03 0.000000000000000000e+00 5.183819328690246475e-02 2.261161713915370797e+00 0.000000000000000000e+00
-2.314315732730876984e+00 2.128231626878682170e-03 0.000000000000000000e+00 -2.287188862380966081e-01 1.780461209043330939e+00 0.000000000000000000e+00
-2.284308632268695405e+00 7.318282059915123816e-03 0.000000000000000000e+00 2.440619287108780344e-01 1.742467827413441750e+00 0.000000000000000000e+00
-2.723060421036938905e+00 -3.028122673489562142e-03 0.000000000000000000e+00 -5.362085698886676077e-02 2.269089603263618748e+00 0.000000000000000000e+00
-1.642045889319338148e+00 1.977242952004659715e-03 0.000000000000000000e+00 -3.529767611045715459e-01 8.898545398451078725e-01 0.000000000000000000e+00
-2.624729055249967580e+00 -4.423555773022454229e-03 0.000000000000000000e+00 1.150047939027969146e-01 2.154086007090455723e+00 0.000000000000000000e+00
-2.557321174117100249e+00 -1.568972982398990357e-03 0.000000000000000000e+00 -1.742611715775078673e-01 2.072125191973436031e+00 0.000000000000000000e+00
-2.159602944580162109e+00 -9.745664331494707788e-04 0.000000000000000000e+00 2.808895428737589461e-01 1.585304687729264916e+00 0.000000000000000000e+00
-2.802701476988571194e+00 -8.766470465881096019e-03 0.000000000000000000e+00 -4.392658470544756610e-02 2.359869882814483510e+00 0.000000000000000000e+00
-1.620403608022322306e+00 -1.312516081170898245e-03 0.000000000000000000e+00 -3.632637024274036897e-01 8.544789263661192180e-01 0.000000000000000000e+00
-2.733396705726083731e+00 5.827315996534319920e-03 0.000000000000000000e+00 1.000623019817327986e-01 2.279315000716642281e+00 0.000000000000000000e+00
-2.441484627290360976e+00 9.253492180915812160e-03 0.000000000000000000e+00 -2.056799805512310453e-01 1.933883196984144348e+00 0.000000000000000000e+00
-2.360904111168782293e+00 -1.226776435332373183e-03 0.000000000000000000e+00 2.343927444057549159e-01 1.835257678160874928e+00 0.000000000000000000e+00
-2.767359488680265045e+00 -7.206822619607991531e-03 0.000000000000000000e+00 -8.328019545411913249e-02 2.318666164087438641e+00 0.000000000000000000e+00
-1.443387501352183078e+00 2.375309052117281772e-03 0.000000000000000000e+00 3.624256378492026753e-01 5.829158655014472501e-01 0.000000000000000000e+00
-2.798570738383536316e+00 -1.018488008197196426e-02 0.000000000000000000e+00 4.153505291669180172e-02 2.355235202122282434e+00 0.000000000000000000e+00
-2.230068078100126971e+00 -2.914053959870660168e-03 0.000000000000000000e+00 -2.692237377909147966e-01 1.673222171331508301e+00 0.000000000000000000e+00
-2.530892929997518692e+00 -7.543100055905499479e-03 0.000000000000000000e+00 1.781829345401101938e-01 2.041094643898322403e+00 0.000000000000000000e+00
-2.667713744366890793e+00 9.018853676475285797e-03 0.000000000000000000e+00 -1.078268066327121855e-01 2.203851816153254539e+00 0.000000000000000000e+00
-1.719927251559865145e+00 -1.819225424494815002e-03 0.000000000000000000e+00 3.502754681544306692e-01 1.000210162337620945e+00 0.000000000000000000e+00
-2.774758140377858506e+00 -4.591011754249651328e-03 0.000000000000000000e+00 2.896661340686788877e-02 2.328381084095415332e+00 0.000000000000000000e+00
-2.169035460669064719e+00 5.893783380742666222e-03 0.000000000000000000e+00 -2.697075396198113095e-01 1.598806774603327430e+00 0.000000000000000000e+00
-2.489912448073932971e+00 -3.939292642840763747e-03 0.000000000000000000e+00 1.836353817769370567e-01 1.992814013085274283e+00 0.000000000000000000e+00
-2.665113379593352150e+00 -6.322036787438589656e-03 0.000000000000000000e+00 -1.088318158216372983e-01 2.200811446394229431e+00 0.000000000000000000e+00
-1.535043421250110285e+00 -8.580859002243357986e-04 0.000000000000000000e+00 3.593492344643551273e-01 7.295590694697717815e-01 0.000000000000000000e+00
-2.728247343309651018e+00 2.819654130452570184e-03 0.000000000000000000e+00 6.107891724267407174e-02 2.274817285274824297e+00 0.000000000000000000e+00
-2.311652198702656147e+00 -2.281440456257263771e-03 0.000000000000000000e+00 -2.359574069605247237e-01 1.776332571473024036e+00 0.000000000000000000e+00
-2.323545165780480648e+00 1.754741386730415686e-03 0.000000000000000000e+00 2.323218435591602460e-01 1.791020928804512025e+00 0.000000000000000000e+00
-2.725256021345672242e+00 9.725749960352452622e-03 0.000000000000000000e+00 -5.293782503418528740e-02 2.271628522104190750e+00 0.000000000000000000e+00
-1.507330876313375256e+00 -5.186037828793389065e-04 0.000000000000000000e+00 -3.597725919656257210e-01 6.867292760899921245e-01 0.000000000000000000e+00
-2.669328876281796159e+00 -4.755455894148552520e-03 0.000000000000000000e+00 9.697175488779194441e-02 2.206195553576423940e+00 0.000000000000000000e+00
-2.480103416907963876e+00 -5.435051647329554314e-03 0.000000000000000000e+00 -1.934452370578398916e-01 1.980416338073665017e+00 0.000000000000000000e+00
-2.171609340834545598e+00 -9.408181388952385760e-04 0.000000000000000000e+00 2.721909505609381164e-01 1.601526781228937324e+00 0.000000000000000000e+00
-2.771474065167370604e+00 1.501292802016981898e-03 0.000000000000000000e+00 -3.175024653550939657e-02 2.324610379431463869e+00 0.000000000000000000e+00
-1.725676039702643383e+00 2.630886939672786445e-03 0.000000000000000000e+00 -3.488189522024304212e-01 1.008651497021694654e+00 0.000000000000000000e+00
-2.660985208750624054e+00 -2.241092521219636979e-03 0.000000000000000000e+00 1.153082221284268682e-01 2.195737976616064735e+00 0.000000000000000000e+00
-2.538990289388201926e+00 9.170738625352874845e-03 0.000000000000000000e+00 -1.746988020858240009e-01 2.050818820350096772e+00 0.000000000000000000e+00
-2.223407855135987710e+00 4.232860348501822634e-03 0.000000000000000000e+00 2.720951697830061300e-01 1.664678764649663467e+00 0.000000000000000000e+00
-2.801101177628751326e+00 -1.485107004034820488e-03 0.000000000000000000e+00 -5.071002984994507634e-02 2.357905277454272142e+00 0.000000000000000000e+00
-1.452289720677550910e+00 2.728456700863613436e-03 0.000000000000000000e+00 -3.612425921327186429e-01 5.982771252495227010e-01 0.000000000000000000e+00
-2.769520650759787372e+00 2.632958381415453387e-03 0.000000000000000000e+00 7.924818662413520010e-02 2.321256492886132783e+00 0.000000000000000000e+00
-2.359545482450678744e+00 1.284986862054998680e-03 0.000000000000000000e+00 -2.351090369603484886e-01 1.833552170353666799e+00 0.000000000000000000e+00
-2.446725277390641384e+00 -5.411284649953329584e-03 0.000000000000000000e+00 2.076504550719827646e-01 1.939820901990511270e+00 0.000000000000000000e+00
-2.732177962983248776e+00 -1.688717572057046867e-03 0.000000000000000000e+00 -9.799640800288382525e-02 2.278009420483041225e+00 0.000000000000000000e+00
-1.637954009432048164e+00 1.372893608731631104e-03 0.000000000000000000e+00 3.624115832460922393e-01 8.801805207914569218e-01 0.000000000000000000e+00
-2.805424801688202407e+00 -6.958124678470511970e-03 0.000000000000000000e+00 2.825477313969038118e-02 2.363191889128240408e+00 0.000000000000000000e+00
-2.146871697810901924e+00 1.246328345886591610e-03 0.000000000000000000e+00 -2.836510742715201427e-01 1.569172981076284223e+00 0.000000000000000000e+00
-2.567020986168247809e+00 -5.170951893550981490e-03 0.000000000000000000e+00 1.656940768512796258e-01 2.084081270573530542e+00 0.000000000000000000e+00
-2.609384618652473620e+00 -1.424255244009881016e-03 0.000000000000000000e+00 -1.202337280708407202e-01 2.136121022499934519e+00 0.000000000000000000e+00
-1.598594113642996195e+00 1.028906794602069911e-03 0.000000000000000000e+00 3.556897612922534369e-01 8.259670517348590701e-01 0.000000000000000000e+00
-2.699754693301844810e+00 4.065953986973829676e-03 0.000000000000000000e+00 6.296815042440681576e-02 2.242242170220689168e+00 0.000000000000000000e+00
-2.329430755682635024e+00 -3.810174252678731610e-03 0.000000000000000000e+00 -2.259419549615749312e-01 1.798862081016916026e+00 0.000000000000000000e+00
-2.231347978226977169e+00 -9.605455452875513722e-04 0.000000000000000000e+00 2.487017185577052869e-01 1.677944111422603246e+00 0.000000000000000000e+00
-2.722075024314630554e+00 5.062480937657978450e-03 0.000000000000000000e+00 -3.324448645592530116e-02 2.268360988672204925e+00 0.000000000000000000e+00
-1.778780142312553991e+00 3.301811960691324217e-03 0.000000000000000000e+00 -3.362090136077224845e-01 1.085136570616664020e+00 0.000000000000000000e+00
-2.567463559521734773e+00 9.629846185933016445e-03 0.000000000000000000e+00 1.480112186540579744e-01 2.085939567610504142e+00 0.000000000000000000e+00
1.066861799948969569e+00 -3.019942245027532838e-04 0.000000000000000000e+00 -1.100587734105450688e-01 9.106480403129363355e-02 0.000000000000000000e+00
-2.429494279309299731e+00 4.001884882232718127e-03 0.000000000000000000e+00 -8.514605657376284054e-02 1.928870438342378923e+00 0.000000000000000000e+00
-1.856976442577472408e+00 1.817578210392307991e-03 0.000000000000000000e+00 -2.864015638522966478e-01 1.202281601206837136e+00 0.000000000000000000e+00
-1.990445761319461937e+00 8.023765469464885780e-04 0.000000000000000000e+00 2.576234683320056673e-01 1.379284294312048242e+00 0.000000000000000000e+00
-2.460204148953663239e+00 7.088180775178545834e-03 0.000000000000000000e+00 6.696231297662444404e-02 1.965509015935798853e+00 0.000000000000000000e+00
-2.397215558163671822e+00 2.074732878304952344e-03 0.000000000000000000e+00 -1.298645911894495963e-01 1.888438580812196177e+00 0.000000000000000000e+00
-1.477008704526825866e+00 2.828520672444451850e-03 0.000000000000000000e+00 -3.360749503277566941e-01 6.518046606723930658e-01 0.000000000000000000e+00
-2.290686964121117608e+00 -3.866107691265573132e-03 0.000000000000000000e+00 1.738351286718027855e-01 1.758482339306774112e+00 0.000000000000000000e+00
-2.517972693743816937e+00 6.111405587843954379e-03 0.000000000000000000e+00 -2.071260078768046020e-02 2.033765103417000564e+00 0.000000000000000000e+00
-2.109067155742355482e+00 -3.417793148699714567e-03 0.000000000000000000e+00 -2.359862114113476239e-01 1.530650474634641656e+00 0.000000000000000000e+00
-1.825337273401810290e+00 -4.936969354512897590e-03 0.000000000000000000e+00 2.968382438290328440e-01 1.158264507050404291e+00 0.000000000000000000e+00
-2.468945030975870480e+00 -4.499112599866750446e-03 0.000000000000000000e+00 8.081413184153986295e-02 1.975185735605690329e+00 0.000000000000000000e+00
-2.495356554557351281e+00 6.105367932530886277e-03 0.000000000000000000e+00 -1.319881063850460445e-01 2.003253605314317731e+00 0.000000000000000000e+00
-1.511743004490453401e+00 -2.343629808425735928e-03 0.000000000000000000e+00 3.482357982275821051e-01 6.994449360097332313e-01 0.000000000000000000e+00
-2.580380537695203813e+00 -1.013787605711799489e-02 0.000000000000000000e+00 8.261241201595889705e-02 2.104479478329318809e+00 0.000000000000000000e+00
-2.469977811064664408e+00 3.160778160542804249e-03 0.000000000000000000e+00 -1.600292350941154851e-01 1.971555829834863438e+00 0.000000000000000000e+00
-1.817888640952039836e+00 -9.563555411920346416e-04 0.000000000000000000e+00 3.257697742914319461e-01 1.140568664785545305e+00 0.000000000000000000e+00
-2.672001948001024640e+00 -2.656683064342774125e-04 0.000000000000000000e+00 4.307342418396482853e-02 2.210963819389971885e+00 0.000000000000000000e+00
-2.284514932644833962e+00 -2.752798856546410933e-03 0.000000000000000000e+00 -2.271479669627924358e-01 1.744992009072835470e+00 0.000000000000000000e+00
-2.153932968302455286e+00 4.138113582902169796e-04 0.000000000000000000e+00 2.599057737871299789e-01 1.581938613512367642e+00 0.000000000000000000e+00
-2.689706914238042756e+00 3.721706234187091566e-03 0.000000000000000000e+00 -1.148974666215525631e-02 2.231613719636749593e+00 0.000000000000000000e+00
-1.996852914001114865e+00 1.236673878916193930e-03 0.000000000000000000e+00 -2.938209248183212274e-01 1.380141229536436809e+00 0.000000000000000000e+00
-2.391861946405396289e+00 -6.037864501205678081e-03 0.000000000000000000e+00 1.869412842037494471e-01 1.877332722621124050e+00 0.000000000000000000e+00
-2.636147210839912436e+00 -4.741420749579561278e-03 0.000000000000000000e+00 -7.436308358882076641e-02 2.169001306295749387e+00 0.000000000000000000e+00
-1.627302327448592711e+00 1.357033415012203967e-03 0.000000000000000000e+00 -3.469115626549804654e-01 8.711664728873611541e-01 0.000000000000000000e+00
-2.515825532343818338e+00 -5.478382735639024045e-03 0.000000000000000000e+00 1.354857178574034315e-01 2.026854103273443286e+00 0.000000000000000000e+00
-2.467637432638957407e+00 1.142950610963894276e-03 0.000000000000000000e+00 -8.622747441623737630e-02 1.973426786292803436e+00 0.000000000000000000e+00
-1.804678898092866302e+00 -7.756426296998304715e-04 0.000000000000000000e+00 -3.046210116428733627e-01 1.128907171710866741e+00 0.000000000000000000e+00
-2.127691801965030827e+00 4.518818817293102086e-03 0.000000000000000000e+00 2.320633666918775484e-01 1.554138052657442426e+00 0.000000000000000000e+00
-2.521765218379154572e+00 5.512912045917237047e-03 0.000000000000000000e+00 2.538289799403310731e-02 2.038112083885436299e+00 0.000000000000000000e+00
-2.274814730973493848e+00 7.505752171538825762e-03 0.000000000000000000e+00 -1.771262543464748873e-01 1.739187695046468418e+00 0.000000000000000000e+00
-1.528603201104163034e+00 1.650061915127391809e-03 0.000000000000000000e+00 3.375102993517855587e-01 7.302373823349831428e-01 0.000000000000000000e+00
-2.410419156709380673e+00 2.768236629228475187e-04 0.000000000000000000e+00 1.253723773824167442e-01 1.904272910795495211e+00 0.000000000000000000e+00
-2.441122654200686526e+00 5.431626986689769981e-03 0.000000000000000000e+00 -5.908138569805911067e-02 1.943459330660254558e+00 0.000000000000000000e+00
-1.996913052516092524e+00 -3.687749586995185680e-03 0.000000000000000000e+00 -2.541191431852690696e-01 1.388080654413434534e+00 0.000000000000000000e+00
-1.787465381773576834e+00 -2.283171341447204350e-03 0.000000000000000000e+00 2.966150620873710952e-01 1.108192184540989444e+00 0.000000000000000000e+00
-2.386463194151638767e+00 -4.803622528516529600e-03 0.000000000000000000e+00 1.023115829018699796e-01 1.877483241650685919e+00 0.000000000000000000e+00
-2.362061153885814946e+00 -1.993655692394853685e-03 0.000000000000000000e+00 -5.022740152464325730e-02 1.850852610672211185e+00 0.000000000000000000e+00
-2.121867801217034888e+00 2.454261978892674501e-03 0.000000000000000000e+00 -1.866859511902213276e-01 1.553115272084409471e+00 0.000000000000000000e+00
-1.466147983267347854e+00 2.728424684518429913e-04 0.000000000000000000e+00 -3.202954823383873384e-01 6.428638327280109532e-01 0.000000000000000000e+00
-1.953089414584807226e+00 -5.534805898632196713e-03 0.000000000000000000e+00 2.379496849415386472e-01 1.335706073930344129e+00 0.000000000000000000e+00
