8.951406141096533986e-01 7.089779828205883261e-05 0.000000000000000000e+00 -1.524794817861563068e-01 1.316196495170308678e-01 0.000000000000000000e+00
8.695321447650652402e-01 -3.258561362815722007e-04 0.000000000000000000e+00 1.594593689072310305e-01 1.868730476442759525e-01 0.000000000000000000e+00
-1.422187473100238408e+00 1.286139671459437042e-03 0.000000000000000000e+00 -8.732695743760071627e-02 6.506733644181634801e-01 0.000000000000000000e+00
-1.335053387232034261e+00 -1.682804185256688012e-04 0.000000000000000000e+00 1.400350252386024508e-01 5.127734320510188848e-01 0.000000000000000000e+00
-1.428795750612337212e+00 -1.968381414452786277e-04 0.000000000000000000e+00 1.651977321452972533e-02 6.656300696697468045e-01 0.000000000000000000e+00
-1.472078731257168593e+00 -3.177349452638585786e-03 0.000000000000000000e+00 1.740315505812046748e-01 7.053021113684905252e-01 0.000000000000000000e+00
-1.668597151885283347e+00 4.316015813278416269e-03 0.000000000000000000e+00 4.652318750871622943e-02 9.913402967931778109e-01 0.000000000000000000e+00
-1.624976446502543359e+00 1.299353535103575652e-03 0.000000000000000000e+00 -9.453284912838891274e-02 9.297742939018622810e-01 0.000000000000000000e+00
-1.326266709116542319e+00 2.007048278345804296e-03 0.000000000000000000e+00 -2.064702647224912757e-01 4.758782935094112432e-01 0.000000000000000000e+00
-1.681844450094625021e+00 3.575502184047285592e-03 0.000000000000000000e+00 1.218231341727570027e-01 1.002505185102957608e+00 0.000000000000000000e+00
-1.633689678078037222e+00 -3.633676170373110331e-03 0.000000000000000000e+00 -1.497588814305878535e-01 9.342515644721471890e-01 0.000000000000000000e+00
1.024074480014490085e+00 1.155824855058717581e-04 0.000000000000000000e+00 5.185972292276917577e-03 1.419570562220762722e-01 0.000000000000000000e+00
-1.724182216592021089e+00 -3.094706146109318240e-03 0.000000000000000000e+00 1.214780036783228157e-01 1.058347344844816629e+00 0.000000000000000000e+00
-1.537081143794284177e+00 -6.691317488848602668e-04 0.000000000000000000e+00 -2.051968746565064616e-01 7.897887423350653524e-01 0.000000000000000000e+00
-1.823492006573083746e+00 5.592021143878766511e-03 0.000000000000000000e+00 3.179347812186830019e-02 1.192897791267819585e+00 0.000000000000000000e+00
-1.341704729777642990e+00 2.171457652145515442e-03 0.000000000000000000e+00 2.412545178686247571e-01 4.844800239098601136e-01 0.000000000000000000e+00
-1.784990121089784054e+00 -2.544946282750801259e-03 0.000000000000000000e+00 -8.378899871832656832e-02 1.140920868651698061e+00 0.000000000000000000e+00
-1.571993366183614516e+00 -3.197388688932677192e-03 0.000000000000000000e+00 1.742547334153328187e-01 8.456711252964212999e-01 0.000000000000000000e+00
-1.719822285185650834e+00 -1.526930144799196198e-03 0.000000000000000000e+00 -9.278579940918423030e-02 1.055541134118860525e+00 0.000000000000000000e+00
-1.452017159024973969e+00 -2.426356275257540024e-03 0.000000000000000000e+00 2.025264686481211829e-01 6.684535823918800190e-01 0.000000000000000000e+00
-1.739336264838789559e+00 3.122719857048795143e-04 0.000000000000000000e+00 -1.835103908087728358e-02 1.084846659753933684e+00 0.000000000000000000e+00
-1.312560157843888575e+00 2.352408082095403669e-04 0.000000000000000000e+00 -2.238417962364582792e-01 4.456050941688427525e-01 0.000000000000000000e+00
-1.722767928238313484e+00 -2.401697509208267078e-03 0.000000000000000000e+00 6.598592175866603571e-02 1.061403557934379238e+00 0.000000000000000000e+00
-1.561746180262983952e+00 4.036198866281086317e-03 0.000000000000000000e+00 -1.692433251335412614e-01 8.325399027918405359e-01 0.000000000000000000e+00
-1.852102486564849215e+00 -2.935106271804391320e-03 0.000000000000000000e+00 7.024133124762893532e-02 1.227713506980180558e+00 0.000000000000000000e+00
-1.430419257341315031e+00 1.407941186066956341e-03 0.000000000000000000e+00 2.452612221693425965e-01 6.214791614359267413e-01 0.000000000000000000e+00
-1.728518690087271992e+00 4.934820813089033087e-03 0.000000000000000000e+00 -1.536715148507224737e-01 1.059865993107713678e+00 0.000000000000000000e+00
-1.897728909543085596e+00 5.711039555304719961e-03 0.000000000000000000e+00 2.203374994793592251e-02 1.287197425752820923e+00 0.000000000000000000e+00
-1.664888590084078857e+00 2.538398169890102724e-03 0.000000000000000000e+00 1.897328262033975421e-01 9.691334835987894802e-01 0.000000000000000000e+00
-1.519338092878610214e+00 9.291153984889582995e-05 0.000000000000000000e+00 -2.313406905212554432e-01 7.571794382386664024e-01 0.000000000000000000e+00
-1.871062629387308274e+00 -3.216022212389202384e-04 0.000000000000000000e+00 -6.271465046283576650e-02 1.252167388849063645e+00 0.000000000000000000e+00
-1.659724403921523539e+00 -1.444376603190265784e-03 0.000000000000000000e+00 1.504467584805405100e-01 9.690978777414502865e-01 0.000000000000000000e+00
-1.644082157901003427e+00 3.582583706386664735e-03 0.000000000000000000e+00 -1.568122333726957862e-01 9.470955977051305208e-01 0.000000000000000000e+00
-1.834426513852409180e+00 1.727409932071578835e-03 0.000000000000000000e+00 6.926929523670644073e-02 1.205261391969560503e+00 0.000000000000000000e+00
-1.337479890558344486e+00 9.661035813985086040e-04 0.000000000000000000e+00 2.476083774945163074e-01 4.743461416737391190e-01 0.000000000000000000e+00
-1.777060350023090596e+00 5.040708870242943326e-03 0.000000000000000000e+00 -1.139928397276080974e-01 1.128050301986710302e+00 0.000000000000000000e+00
-2.000754566452461525e+00 -5.792625953597023425e-03 0.000000000000000000e+00 2.239672897095459914e-02 1.415710418738664433e+00 0.000000000000000000e+00
-1.904878225429058158e+00 1.451999024952567181e-03 0.000000000000000000e+00 1.181659125791178072e-01 1.290970256302120145e+00 0.000000000000000000e+00
-1.694448495996432991e+00 -1.865378453197494291e-03 0.000000000000000000e+00 2.110386313353024568e-01 1.004501154465020862e+00 0.000000000000000000e+00
-1.247878112950535412e+00 -5.670034513510537055e-04 0.000000000000000000e+00 2.561449664159423101e-01 3.105464561586960270e-01 0.000000000000000000e+00
-1.642707351046693631e+00 1.030268835189463578e-04 0.000000000000000000e+00 -2.275012243518721999e-01 9.307590689403990591e-01 0.000000000000000000e+00
-1.878432595598665600e+00 -5.700525503674162831e-03 0.000000000000000000e+00 -1.373024217118573864e-01 1.255576319446749967e+00 0.000000000000000000e+00
-1.989277748347172636e+00 -5.688843100857474133e-03 0.000000000000000000e+00 -4.509197510789179908e-02 1.400956255203777978e+00 0.000000000000000000e+00
-1.400301638296782780e+00 1.550982482201694601e-04 0.000000000000000000e+00 -1.307893492536683633e-01 6.116435060246803168e-01 0.000000000000000000e+00
-1.504912041787200838e+00 3.682288790037851686e-03 0.000000000000000000e+00 2.442060111658484953e-02 7.715235545045525667e-01 0.000000000000000000e+00
-1.313680627134475420e+00 1.201259757608335969e-03 0.000000000000000000e+00 1.654659290441639896e-01 4.721621092001213604e-01 0.000000000000000000e+00
-1.342924145473606057e+00 -1.264971602981885060e-03 0.000000000000000000e+00 7.128075028402752755e-02 5.383001769146642523e-01 0.000000000000000000e+00
-1.076458253196134862e+00 -1.989403660800333554e-04 0.000000000000000000e+00 1.157247793282604464e-01 7.413246738524720270e-02 0.000000000000000000e+00
-1.099391638951745076e+00 4.347934202116668367e-04 0.000000000000000000e+00 -1.268733597577160754e-01 1.180066514226346119e-01 0.000000000000000000e+00
-1.345182965168896239e+00 -1.236937679956411074e-03 0.000000000000000000e+00 -7.068968080745056948e-02 5.416842444449694316e-01 0.000000000000000000e+00
-1.294064682743345074e+00 8.936119830880145248e-04 0.000000000000000000e+00 -1.722221244203875901e-01 4.388429942865825772e-01 0.000000000000000000e+00
-1.500746207318083059e+00 -3.689565966872958985e-03 0.000000000000000000e+00 -4.946033011901967980e-02 7.645699456684096340e-01 0.000000000000000000e+00
-1.457468677238189514e+00 2.347511741709728400e-03 0.000000000000000000e+00 9.855064437410607225e-02 6.991762436062950448e-01 0.000000000000000000e+00
-1.213278546974233318e+00 1.040363580711856084e-04 0.000000000000000000e+00 1.851046248229112900e-01 2.972311233362656679e-01 0.000000000000000000e+00
-1.344200421497595777e+00 -2.683542977511171532e-03 0.000000000000000000e+00 6.854934845541021948e-02 5.405256012599679583e-01 0.000000000000000000e+00
-1.065311990158870126e+00 -1.255442601857919682e-04 0.000000000000000000e+00 1.081027337267209121e-01 5.265891685233563269e-02 0.000000000000000000e+00
-1.105286454532631968e+00 -6.283571850019967556e-05 0.000000000000000000e+00 -1.288832972381775410e-01 1.292427728551379662e-01 0.000000000000000000e+00
-1.348353995844448150e+00 1.974670606785123433e-03 0.000000000000000000e+00 -6.568067031984936577e-02 5.469468412190987561e-01 0.000000000000000000e+00
-1.145755807567955475e+00 -8.430968203095299315e-04 0.000000000000000000e+00 1.751260341721252445e-01 1.726775724511745991e-01 0.000000000000000000e+00
-1.071307007488635943e+00 -9.683824485347475915e-05 0.000000000000000000e+00 -1.258274967370950348e-01 3.044965825873965914e-02 0.000000000000000000e+00
-1.183310925784071266e+00 9.296499245344206491e-04 0.000000000000000000e+00 2.406120265458842195e-02 3.032610064965594043e-01 0.000000000000000000e+00
9.239525734003746216e-01 3.557795739076528158e-04 0.000000000000000000e+00 1.192750262060700284e-01 1.032623921296298153e-01 0.000000000000000000e+00
9.679017663588295184e-01 -2.968292865278455853e-04 0.000000000000000000e+00 -1.144724515448514862e-01 6.587199159764126066e-02 0.000000000000000000e+00
9.760384403382238450e-01 -2.292725647592623421e-04 0.000000000000000000e+00 1.358252093571107599e-01 4.597800677981827427e-02 0.000000000000000000e+00
9.444916149139733763e-01 -2.383680213522537108e-04 0.000000000000000000e+00 -1.170068949241430400e-01 6.776028105924937484e-02 0.000000000000000000e+00
8.410212844493495377e-01 1.187859398463558033e-03 0.000000000000000000e+00 5.624857877235835135e-02 2.928401057135546770e-01 0.000000000000000000e+00
-1.072773629823356778e+00 4.700710151876413660e-04 0.000000000000000000e+00 5.479814071649164592e-02 1.197895798330260997e-01 0.000000000000000000e+00
-1.033114550721265790e+00 5.074453781654729261e-05 0.000000000000000000e+00 -5.933582225555110445e-02 4.355882556843948539e-02 0.000000000000000000e+00
-1.144333044529392218e+00 3.133210561256840471e-04 0.000000000000000000e+00 -2.429806467756668448e-02 2.425070978543552858e-01 0.000000000000000000e+00
9.922711289722354611e-01 7.236505552658586277e-04 0.000000000000000000e+00 1.707522373431906992e-01 1.658047063273351829e-01 0.000000000000000000e+00
9.069062201760684783e-01 4.507930092919523041e-04 0.000000000000000000e+00 -8.207811442280435466e-02 1.630496213488721868e-01 0.000000000000000000e+00
9.025880096450232815e-01 6.680637789559197223e-05 0.000000000000000000e+00 3.597724021132621408e-02 1.858932075655634064e-01 0.000000000000000000e+00
8.441887109744889983e-01 5.418146397144643980e-04 0.000000000000000000e+00 -2.394560801688466745e-01 1.675020943751968638e-01 0.000000000000000000e+00
6.792033267659549622e-01 1.567988596767194015e-03 0.000000000000000000e+00 -2.572936769371304555e-01 5.843557992366625875e-01 0.000000000000000000e+00
6.055348899076218316e-01 -3.859029471329228182e-03 0.000000000000000000e+00 -8.738358544363232505e-02 8.142235001585167442e-01 0.000000000000000000e+00
6.121737618457013808e-01 -1.130814265165248217e-03 0.000000000000000000e+00 1.295688138843109072e-01 7.913158998644889142e-01 0.000000000000000000e+00
7.053329284391591791e-01 -2.511758243362886486e-04 0.000000000000000000e+00 2.709835614022134687e-01 5.114234909510295690e-01 0.000000000000000000e+00
8.251954021464154021e-01 9.428024740497109070e-04 0.000000000000000000e+00 2.556853490406976182e-01 2.061779325995298784e-01 0.000000000000000000e+00
8.426225415417424314e-01 -3.893625274868899727e-04 0.000000000000000000e+00 -1.785596728991785953e-01 2.350418246672955624e-01 0.000000000000000000e+00
7.130237894340378801e-01 9.140523115795783776e-04 0.000000000000000000e+00 2.891228981494187167e-02 5.608310759769403742e-01 0.000000000000000000e+00
-1.081418671656465103e+00 4.942401715599429668e-04 0.000000000000000000e+00 -6.293689893796969304e-02 1.307963902756923980e-01 0.000000000000000000e+00
-1.016796632846894477e+00 1.933748003875628224e-04 0.000000000000000000e+00 -1.959398316243677815e-02 5.156750517909943626e-02 0.000000000000000000e+00
-1.122235973000059062e+00 3.521220799111339853e-04 0.000000000000000000e+00 -1.926265595888131121e-02 2.082426098046297469e-01 0.000000000000000000e+00
9.998985498621973944e-01 5.902001310633415293e-04 0.000000000000000000e+00 -6.172934500096433075e-02 3.023595973788480995e-01 0.000000000000000000e+00
-1.144041903594763987e+00 -9.944567337517896954e-04 0.000000000000000000e+00 8.668871882371506632e-02 2.272972920413920961e-01 0.000000000000000000e+00
-1.146724546178187865e+00 3.188189417452583913e-04 0.000000000000000000e+00 1.182233248692080158e-01 2.173857043710517023e-01 0.000000000000000000e+00
8.694416937667008849e-01 -6.429096117837385712e-04 0.000000000000000000e+00 -2.041980142309431923e-01 1.368773055358910584e-01 0.000000000000000000e+00
6.322124601640034536e-01 -3.656093994388197668e-03 0.000000000000000000e+00 2.683874721908827490e-02 7.508426534627605786e-01 0.000000000000000000e+00
8.089057326058636255e-01 -1.180609359837865233e-03 0.000000000000000000e+00 -1.835803126365372351e-01 3.100449525547224749e-01 0.000000000000000000e+00
7.054925471736163134e-01 1.933129257964550339e-03 0.000000000000000000e+00 -1.013723154216357274e-02 5.783206129364106829e-01 0.000000000000000000e+00
7.926923310901883291e-01 1.577882887636760387e-03 0.000000000000000000e+00 1.792640397233204452e-01 3.494057580617741521e-01 0.000000000000000000e+00
6.843515246049558520e-01 1.602893815223415449e-03 0.000000000000000000e+00 1.416602054992853188e-01 6.103357313712207688e-01 0.000000000000000000e+00
6.542872811146411838e-01 -8.076623329047859928e-04 0.000000000000000000e+00 -2.782413432434068315e-02 6.968492644114423484e-01 0.000000000000000000e+00
7.096208928112666126e-01 1.905956048266981440e-03 0.000000000000000000e+00 -1.757848654305797231e-01 5.413365804713289320e-01 0.000000000000000000e+00
8.053018182781408463e-01 -1.270624269692248497e-03 0.000000000000000000e+00 -1.680069881600720905e-01 3.268042203596325246e-01 0.000000000000000000e+00
7.551555070090547606e-01 -3.572380823641304465e-04 0.000000000000000000e+00 1.306136116135943603e-01 4.517311948900534224e-01 0.000000000000000000e+00
-9.724875542082103141e-01 -9.733542568400857986e-05 0.000000000000000000e+00 5.355234664895706931e-02 4.089967814780437472e-02 0.000000000000000000e+00
7.654529190125725080e-01 -1.407185853690479452e-03 0.000000000000000000e+00 -1.362951241841700023e-01 4.274072198503761078e-01 0.000000000000000000e+00
8.322842335808722236e-01 -1.218964062015133812e-03 0.000000000000000000e+00 1.706308405380238535e-01 2.645617051587543789e-01 0.000000000000000000e+00
6.976735349806055808e-01 -1.378765380301298377e-03 0.000000000000000000e+00 -2.602762967865827615e-01 5.362443079034617810e-01 0.000000000000000000e+00
6.076968408879828143e-01 1.471064131666380281e-03 0.000000000000000000e+00 -8.080328154202146007e-02 8.093225050502343976e-01 0.000000000000000000e+00
6.246375399905460535e-01 -2.774705314409679421e-03 0.000000000000000000e+00 1.610718474510067777e-01 7.532197924442591841e-01 0.000000000000000000e+00
7.659120802635657199e-01 -5.597856985461583442e-04 0.000000000000000000e+00 2.707987624624528245e-01 3.564657025107048627e-01 0.000000000000000000e+00
6.455051537650361437e-01 -2.640499407677653933e-03 0.000000000000000000e+00 3.134130602246820718e-01 6.467170231025698435e-01 0.000000000000000000e+00
5.675118745727625313e-01 -1.726124917838149989e-04 0.000000000000000000e+00 2.096987610473051711e-01 8.961115337350291643e-01 0.000000000000000000e+00
5.390191394907362099e-01 -1.330082770948409722e-03 0.000000000000000000e+00 3.035583935287529400e-02 1.000251575911846658e+00 0.000000000000000000e+00
5.550267445647494302e-01 -4.012204232317510832e-03 0.000000000000000000e+00 -1.577858497318904152e-01 9.418825768468535031e-01 0.000000000000000000e+00
6.171606317371025607e-01 3.202664564035551803e-04 0.000000000000000000e+00 -2.940559796903979839e-01 7.323199759883542992e-01 0.000000000000000000e+00
7.338657671141138872e-01 2.045094887299796910e-03 0.000000000000000000e+00 -2.969261915812942965e-01 4.217630190410858182e-01 0.000000000000000000e+00
6.757258645705842559e-01 2.830234554855588173e-03 0.000000000000000000e+00 -2.721415761283610957e-01 5.865267757764194290e-01 0.000000000000000000e+00
6.134837202812547519e-01 -1.362479638873509424e-04 0.000000000000000000e+00 -1.691917422053184905e-01 7.803790916639098407e-01 0.000000000000000000e+00
5.905095697055555704e-01 -4.290697921663061409e-03 0.000000000000000000e+00 -8.229027710431300463e-03 8.581621151259613001e-01 0.000000000000000000e+00
6.082485577453606851e-01 6.178751943103914963e-04 0.000000000000000000e+00 1.504723518067540011e-01 7.978664499345957672e-01 0.000000000000000000e+00
6.677929764789247713e-01 2.341328293787177037e-03 0.000000000000000000e+00 2.608374431507231583e-01 6.119483454878684725e-01 0.000000000000000000e+00
7.350072995644916229e-01 -4.447933290625740322e-04 0.000000000000000000e+00 2.936571471089640673e-01 4.210411024279768766e-01 0.000000000000000000e+00
6.290802772212232830e-01 1.541512372491494337e-03 0.000000000000000000e+00 2.986441280652162300e-01 6.979394856408409620e-01 0.000000000000000000e+00
5.629942282484403648e-01 3.820086058853516126e-03 0.000000000000000000e+00 1.837871294950267076e-01 9.144778673271766190e-01 0.000000000000000000e+00
5.399976905632926094e-01 4.489495818200793173e-03 0.000000000000000000e+00 7.295457467378434549e-03 9.978060796585236369e-01 0.000000000000000000e+00
5.566140442110730779e-01 4.099893638338823060e-03 0.000000000000000000e+00 -1.714328894845152662e-01 9.349616023124038833e-01 0.000000000000000000e+00
6.186557801918541877e-01 -2.029346820761608432e-03 0.000000000000000000e+00 -2.899976337601231635e-01 7.298485954961705380e-01 0.000000000000000000e+00
7.234947301185099544e-01 -8.565476975141983473e-04 0.000000000000000000e+00 -3.001528833785275241e-01 4.470150169126686501e-01 0.000000000000000000e+00
6.882176409500777581e-01 1.677277912894653989e-03 0.000000000000000000e+00 -2.802330774795942503e-01 5.504317725416346674e-01 0.000000000000000000e+00
6.212618908738758439e-01 2.785356245307828854e-03 0.000000000000000000e+00 -1.966168422596920595e-01 7.535196022253165538e-01 0.000000000000000000e+00
5.912904091346241620e-01 2.204529606736515407e-03 0.000000000000000000e+00 -4.883880501876769475e-02 8.547721597837476537e-01 0.000000000000000000e+00
5.999976970003824128e-01 2.589061064100317208e-03 0.000000000000000000e+00 1.134418024726601970e-01 8.255386280166776558e-01 0.000000000000000000e+00
6.471926177287953275e-01 1.008017224209443487e-03 0.000000000000000000e+00 2.402629114565332236e-01 6.729583258242844979e-01 0.000000000000000000e+00
7.195885714366760944e-01 2.622661386932380323e-04 0.000000000000000000e+00 2.905429933005782006e-01 4.635025532891808298e-01 0.000000000000000000e+00
6.712970350141000964e-01 -1.767687764138608716e-03 0.000000000000000000e+00 3.101124409272796312e-01 5.791756848550092540e-01 0.000000000000000000e+00
5.971296276144635318e-01 1.599030418687023836e-03 0.000000000000000000e+00 2.581375779618689803e-01 8.002037224509934710e-01 0.000000000000000000e+00
5.534487067520221792e-01 4.821826806727779607e-04 0.000000000000000000e+00 1.327539272154354966e-01 9.502628227919338588e-01 0.000000000000000000e+00
5.430372976619971537e-01 2.121982197092751529e-03 0.000000000000000000e+00 -3.123117239812326501e-02 9.886226119015029123e-01 0.000000000000000000e+00
5.640768092285610713e-01 3.234062537532222514e-03 0.000000000000000000e+00 -1.867166780140229743e-01 9.108330456675347575e-01 0.000000000000000000e+00
6.211607421479605762e-01 -2.707203049262123934e-03 0.000000000000000000e+00 -2.853907942369522943e-01 7.248516276617600340e-01 0.000000000000000000e+00
6.999359061549557115e-01 1.654336663394914263e-03 0.000000000000000000e+00 -3.057176230649345516e-01 5.057232486256250104e-01 0.000000000000000000e+00
6.953163935696264897e-01 -1.736075588041976342e-03 0.000000000000000000e+00 -2.841372750355871668e-01 5.300788993939722360e-01 0.000000000000000000e+00
6.302719225357280575e-01 3.142435281290193241e-03 0.000000000000000000e+00 -2.210505916966156170e-01 7.231290891462579529e-01 0.000000000000000000e+00
5.941632867390397310e-01 1.216896363363731762e-03 0.000000000000000000e+00 -9.117448978477554755e-02 8.436826162887450797e-01 0.000000000000000000e+00
-9.401532761075989120e-01 8.824899430406090632e-05 0.000000000000000000e+00 1.118873827501326024e-01 3.046340031007903348e-02 0.000000000000000000e+00
5.911878130355506800e-01 -2.336903234116946733e-03 0.000000000000000000e+00 6.591527791808508840e-02 8.538966253745379209e-01 0.000000000000000000e+00
6.232131668338951602e-01 2.651246549909426920e-03 0.000000000000000000e+00 1.990851416060956669e-01 7.477864606582582674e-01 0.000000000000000000e+00
6.818645295423055863e-01 -2.757539592074767509e-03 0.000000000000000000e+00 2.805420836502282023e-01 5.666677099505674775e-01 0.000000000000000000e+00
7.120834403956328718e-01 1.661116837942278740e-04 0.000000000000000000e+00 3.011903087073696250e-01 4.764655620668208358e-01 0.000000000000000000e+00
6.287225265743693337e-01 1.831622332621453582e-03 0.000000000000000000e+00 2.932153999963601487e-01 7.012036600096147598e-01 0.000000000000000000e+00
5.685531733437105828e-01 3.077598146123846495e-03 0.000000000000000000e+00 1.938966860264330072e-01 8.967114632436048449e-01 0.000000000000000000e+00
5.433246343209607865e-01 3.613272099819190945e-03 0.000000000000000000e+00 3.826465898776673646e-02 9.875271967530523387e-01 0.000000000000000000e+00
5.510626061795536046e-01 3.791373618186920716e-03 0.000000000000000000e+00 -1.281716826531009157e-01 9.576591805654590672e-01 0.000000000000000000e+00
5.933655122335441678e-01 2.047050687484071319e-03 0.000000000000000000e+00 -2.579076242075322156e-01 8.106607084158984344e-01 0.000000000000000000e+00
6.700892923522550060e-01 2.094260943258595062e-03 0.000000000000000000e+00 -3.110892338238332999e-01 5.818726281511035214e-01 0.000000000000000000e+00
7.238825652011514622e-01 7.153096963624385428e-04 0.000000000000000000e+00 -2.901502162005597518e-01 4.525617702366491191e-01 0.000000000000000000e+00
6.452585580900919160e-01 1.953521816500080818e-03 0.000000000000000000e+00 -2.387946920699529352e-01 6.784663651851070565e-01 0.000000000000000000e+00
5.988776742419349430e-01 -1.332059873340702295e-03 0.000000000000000000e+00 -1.039577436792737397e-01 8.297443822151081561e-01 0.000000000000000000e+00
5.934143617921061598e-01 -7.925104069287057518e-04 0.000000000000000000e+00 6.384453109816366767e-02 8.481698312472758516e-01 0.000000000000000000e+00
6.291251686854197889e-01 -2.868318802624578688e-03 0.000000000000000000e+00 2.120283217970073131e-01 7.288060975322450119e-01 0.000000000000000000e+00
7.040280185959750803e-01 -1.683376743077509129e-03 0.000000000000000000e+00 2.856592587715305331e-01 5.067436390103305932e-01 0.000000000000000000e+00
7.134573925603241440e-01 1.265696529956493802e-03 0.000000000000000000e+00 3.044809491876813157e-01 4.707293619223306691e-01 0.000000000000000000e+00
6.108293670721602897e-01 -1.131207238588569433e-03 0.000000000000000000e+00 2.855535992293816161e-01 7.529798604064497081e-01 0.000000000000000000e+00
5.544463558786236757e-01 -2.127982338829597676e-03 0.000000000000000000e+00 1.574210507175665963e-01 9.436299152162048731e-01 0.000000000000000000e+00
5.402589311626047053e-01 4.074776052869242410e-03 0.000000000000000000e+00 -2.785365528416118217e-02 9.966995165882539531e-01 0.000000000000000000e+00
5.649242933233893371e-01 1.167289805951611179e-03 0.000000000000000000e+00 -1.974255480990322331e-01 9.061974870593455522e-01 0.000000000000000000e+00
6.342291313926775587e-01 -1.104252879849033919e-03 0.000000000000000000e+00 -3.019852121074591000e-01 6.825366529264168536e-01 0.000000000000000000e+00
7.399593796237698973e-01 -1.632639452799420753e-03 0.000000000000000000e+00 -2.896190831652611930e-01 4.108152425765614346e-01 0.000000000000000000e+00
6.598518961342166866e-01 -1.927992540070474353e-03 0.000000000000000000e+00 -2.518008359359982795e-01 6.360459534163472872e-01 0.000000000000000000e+00
6.039930695293111995e-01 -2.416557846477082605e-03 0.000000000000000000e+00 -1.267706237521328827e-01 8.130896503992629532e-01 0.000000000000000000e+00
5.924968590416076486e-01 3.932531608109284676e-03 0.000000000000000000e+00 3.882421346646108828e-02 8.520723026896797059e-01 0.000000000000000000e+00
6.242611660970922571e-01 -7.234786928932107446e-04 0.000000000000000000e+00 1.971716714280124516e-01 7.455822327474668221e-01 0.000000000000000000e+00
6.978748285390028450e-01 -2.560158828147014384e-03 0.000000000000000000e+00 2.829906280714253874e-01 5.240890286468210535e-01 0.000000000000000000e+00
7.264139582191402322e-01 -7.107877324508977274e-04 0.000000000000000000e+00 3.021404306288600905e-01 4.379241976223294253e-01 0.000000000000000000e+00
6.075464759900508493e-01 1.308830651927309421e-03 0.000000000000000000e+00 2.842461146916879233e-01 7.624874547028845928e-01 0.000000000000000000e+00
5.492884207765411642e-01 2.734690844229959502e-03 0.000000000000000000e+00 1.350252434988817307e-01 9.618187078557418612e-01 0.000000000000000000e+00
5.396286047742310243e-01 4.634339967556171808e-03 0.000000000000000000e+00 -6.529459453143526826e-02 9.967616490967151632e-01 0.000000000000000000e+00
5.773095982315048502e-01 8.438880876242144113e-04 0.000000000000000000e+00 -2.384155384069037154e-01 8.611932321494777387e-01 0.000000000000000000e+00
6.719657860374211866e-01 4.673576110543302409e-05 0.000000000000000000e+00 -3.172231818809212456e-01 5.735263894383025862e-01 0.000000000000000000e+00
7.793158702012923378e-01 -6.371227956128164630e-04 0.000000000000000000e+00 -2.561155231742696659e-01 3.327960839702908125e-01 0.000000000000000000e+00
6.182872448274623345e-01 2.423597493320679003e-04 0.000000000000000000e+00 -5.945656488468210876e-02 7.840352336192286664e-01 0.000000000000000000e+00
6.826574218393639537e-01 1.715968036544803649e-03 0.000000000000000000e+00 2.282889482483637655e-01 5.876999446930324389e-01 0.000000000000000000e+00
7.212949247607329806e-01 5.625336274427020049e-04 0.000000000000000000e+00 -2.429299346089166534e-01 4.859358950585241921e-01 0.000000000000000000e+00
6.295712763341148044e-01 2.479403977041569861e-03 0.000000000000000000e+00 7.389512944375478676e-02 7.542993740536864111e-01 0.000000000000000000e+00
8.267071636183034311e-01 9.748048573947560094e-06 0.000000000000000000e+00 -1.664540463423161143e-01 2.797711863359894080e-01 0.000000000000000000e+00
8.038049603503520935e-01 -3.678078696856476593e-04 0.000000000000000000e+00 1.602585117578641249e-01 3.339854412523322047e-01 0.000000000000000000e+00
7.998390520263922721e-01 -6.855607122227339034e-04 0.000000000000000000e+00 2.059831924034026263e-01 3.173726816092851677e-01 0.000000000000000000e+00
6.514122928042898053e-01 2.276427631378259708e-03 0.000000000000000000e+00 -2.014912780558125172e-01 6.748970173203577838e-01 0.000000000000000000e+00
6.146859839387661673e-01 2.550355185732808283e-03 0.000000000000000000e+00 7.157902136660912462e-02 7.922008649285134929e-01 0.000000000000000000e+00
7.441803759603015100e-01 3.233924744279522562e-04 0.000000000000000000e+00 2.642641121420192807e-01 4.168818373828536705e-01 0.000000000000000000e+00
8.865682081587522578e-01 2.103811336264262664e-04 0.000000000000000000e+00 2.034090541935507090e-01 7.223304188838819417e-02 0.000000000000000000e+00
8.656315081515570942e-01 7.977713956163617892e-04 0.000000000000000000e+00 -1.141675498033749570e-01 2.254282972340966584e-01 0.000000000000000000e+00
8.658060913814299431e-01 4.633580067410457415e-04 0.000000000000000000e+00 1.139326608076648012e-01 2.251944714835454331e-01 0.000000000000000000e+00
8.993674868901808672e-01 -1.089430683688419636e-04 0.000000000000000000e+00 -1.885658182933500904e-01 4.780504491776953191e-02 0.000000000000000000e+00
7.224483757776964943e-01 -1.999982844131721962e-03 0.000000000000000000e+00 -2.674118571770823793e-01 4.699820926924643816e-01 0.000000000000000000e+00
6.129322150745070141e-01 -3.910956665586784627e-03 0.000000000000000000e+00 -9.940697793481943767e-02 7.936858159543037639e-01 0.000000000000000000e+00
6.222792580851163047e-01 -2.122972582339306431e-03 0.000000000000000000e+00 1.477921429187952773e-01 7.619899846674367261e-01 0.000000000000000000e+00
7.648873154478639247e-01 9.610069383212634965e-04 0.000000000000000000e+00 2.690029907623389116e-01 3.604994721523942514e-01 0.000000000000000000e+00
6.656862218367423090e-01 -1.427542222185232412e-03 0.000000000000000000e+00 3.159762737139657496e-01 5.910528303770687941e-01 0.000000000000000000e+00
5.797118851019644747e-01 3.335369920388053452e-03 0.000000000000000000e+00 2.340796190125978837e-01 8.556324810304832829e-01 0.000000000000000000e+00
5.420335118817007913e-01 4.354149609259422293e-03 0.000000000000000000e+00 6.557441612430327249e-02 9.897971203450306454e-01 0.000000000000000000e+00
5.474058905600518443e-01 1.284178726596570640e-03 0.000000000000000000e+00 -1.222784982949647464e-01 9.689377371204239697e-01 0.000000000000000000e+00
5.966162619723354155e-01 3.075388642626271721e-03 0.000000000000000000e+00 -2.727997593359867690e-01 7.967336292084943317e-01 0.000000000000000000e+00
7.012493897656719710e-01 -1.443571529425747429e-03 0.000000000000000000e+00 -3.103200183860826966e-01 4.994244702189519769e-01 0.000000000000000000e+00
7.334607428256392225e-01 1.588805489975693690e-03 0.000000000000000000e+00 -2.830017608310476662e-01 4.322877543560064151e-01 0.000000000000000000e+00
6.315720678576298708e-01 -2.231058358454838901e-03 0.000000000000000000e+00 -1.973562379073683370e-01 7.266121539933509954e-01 0.000000000000000000e+00
5.955098005653880477e-01 -1.958399028873666903e-03 0.000000000000000000e+00 -1.519226336810344802e-02 8.449130380796319173e-01 0.000000000000000000e+00
6.212143004697951998e-01 1.823138579824745698e-03 0.000000000000000000e+00 1.721625287375623259e-01 7.596142358233135550e-01 0.000000000000000000e+00
7.141110316226511046e-01 1.714033621518833150e-03 0.000000000000000000e+00 2.778452060419699943e-01 4.852508484532007671e-01 0.000000000000000000e+00
7.548979002744595768e-01 -1.163934134678249604e-03 0.000000000000000000e+00 2.956069929089432113e-01 3.664111766465054654e-01 0.000000000000000000e+00
5.608768047606025320e-01 -2.183432388945747912e-03 0.000000000000000000e+00 2.459318542505898320e-01 9.058865874539134833e-01 0.000000000000000000e+00
5.251065396391820794e-01 3.073118048626976261e-03 0.000000000000000000e+00 -4.485135120747547888e-02 1.040533806545592910e+00 0.000000000000000000e+00
5.899975885587392943e-01 3.531390677812040572e-03 0.000000000000000000e+00 -3.008385914657809579e-01 8.052225955315014394e-01 0.000000000000000000e+00
7.844118666042507737e-01 7.675629768932688141e-04 0.000000000000000000e+00 3.104706682540750995e-01 2.670444312048499969e-01 0.000000000000000000e+00
8.045645526895046640e-01 -9.495433633874630908e-05 0.000000000000000000e+00 -3.097575364514248975e-01 2.004099370458991836e-01 0.000000000000000000e+00
5.071360837989342674e-01 -1.798448487934109150e-03 0.000000000000000000e+00 1.469602637979064985e-01 1.085978361918241930e+00 0.000000000000000000e+00
5.638776427128540103e-01 1.768814414135918764e-03 0.000000000000000000e+00 -3.276045983078185730e-01 8.707686216752565933e-01 0.000000000000000000e+00
6.000814051497704860e-01 3.265451152684333870e-03 0.000000000000000000e+00 3.606455727174625592e-01 7.509786374419189503e-01 0.000000000000000000e+00
4.991375034104200692e-01 -2.190395512619219137e-03 0.000000000000000000e+00 -8.331871879155741678e-02 1.117597367974301648e+00 0.000000000000000000e+00
7.454945562949193416e-01 -6.909162244348636753e-04 0.000000000000000000e+00 -3.255692875219474702e-01 3.672408182075398431e-01 0.000000000000000000e+00
6.506524903000310278e-01 2.822402472278507865e-03 0.000000000000000000e+00 3.284756623463904734e-01 6.251259114084020130e-01 0.000000000000000000e+00
5.420831816633887579e-01 1.120281622875419526e-03 0.000000000000000000e+00 1.604285139227076828e-01 9.788149493397761969e-01 0.000000000000000000e+00
5.348816547724820625e-01 -4.083894387161648466e-03 0.000000000000000000e+00 -1.107976229758579345e-01 1.006621465074456934e+00 0.000000000000000000e+00
6.205702784648268189e-01 -2.477934630396496501e-03 0.000000000000000000e+00 -3.160382303864590070e-01 7.136625462481855919e-01 0.000000000000000000e+00
7.684095645007826825e-01 -9.461437291044070413e-04 0.000000000000000000e+00 3.176537158754824119e-01 3.080146505949837299e-01 0.000000000000000000e+00
8.489763596551442859e-01 -4.247483566659094462e-04 0.000000000000000000e+00 -2.667654784957844694e-01 9.528500769416080318e-02 0.000000000000000000e+00
4.869785992720286338e-01 2.276027415151635203e-03 0.000000000000000000e+00 4.643251473787289585e-02 1.158307136784238356e+00 0.000000000000000000e+00
6.628814933735580617e-01 8.816452095679067763e-04 0.000000000000000000e+00 -3.845928901706469061e-01 5.569974036702085574e-01 0.000000000000000000e+00
5.294917357909051381e-01 -1.994703727607096983e-03 0.000000000000000000e+00 2.521660287168480119e-01 9.971578606118158827e-01 0.000000000000000000e+00
-9.481545830491719951e-01 -1.398206031807060386e-04 0.000000000000000000e+00 -3.969889403709209175e-02 9.500549102168509563e-02 0.000000000000000000e+00
5.268792120374621302e-01 -1.971548281626614441e-06 0.000000000000000000e+00 -2.396953608767357635e-01 1.008175234276202925e+00 0.000000000000000000e+00
6.749194804561399197e-01 1.678220110789817657e-03 0.000000000000000000e+00 3.812743825662199271e-01 5.245670700848370505e-01 0.000000000000000000e+00
4.848037935593303982e-01 -5.076266217708630055e-03 0.000000000000000000e+00 -4.636568089000223103e-02 1.165245939102056205e+00 0.000000000000000000e+00
7.921702005273248970e-01 -6.519527597586771087e-04 0.000000000000000000e+00 3.282847092181058191e-01 2.174581385474465556e-01 0.000000000000000000e+00
7.773422650304884218e-01 -1.269815246184535090e-03 0.000000000000000000e+00 -3.312472261776757687e-01 2.646640289822546621e-01 0.000000000000000000e+00
5.129900522176455979e-01 -1.413026251974827674e-03 0.000000000000000000e+00 1.721184055577086036e-01 1.064133895166486710e+00 0.000000000000000000e+00
5.514521223839756736e-01 -5.132079262742316947e-04 0.000000000000000000e+00 -2.980938394744563347e-01 9.179574914909413019e-01 0.000000000000000000e+00
6.271893208018005650e-01 -3.810967292299739708e-04 0.000000000000000000e+00 3.769250934206109793e-01 6.644173445529972799e-01 0.000000000000000000e+00
4.950093722898462056e-01 2.414683195944525296e-03 0.000000000000000000e+00 -5.072066849729510440e-02 1.132534827130414978e+00 0.000000000000000000e+00
7.119203266790259388e-01 -1.225475856783434306e-03 0.000000000000000000e+00 -3.517876878131603879e-01 4.409022225557145402e-01 0.000000000000000000e+00
5.847711373664701284e-01 4.009673805161879934e-03 0.000000000000000000e+00 3.015965482524152197e-01 8.197701917766885282e-01 0.000000000000000000e+00
5.170902946120683463e-01 1.877357289846759078e-03 0.000000000000000000e+00 -1.304859844782474063e-02 1.065447055458493386e+00 0.000000000000000000e+00
5.944224849154466916e-01 -3.686957715346652828e-03 0.000000000000000000e+00 -3.134073742691726450e-01 7.878526303778206064e-01 0.000000000000000000e+00
6.957593527127672317e-01 1.402214398603034845e-03 0.000000000000000000e+00 3.547545547419941880e-01 4.844242003685687581e-01 0.000000000000000000e+00
5.024422323424941883e-01 -5.238313638331208721e-03 0.000000000000000000e+00 7.691378960995250147e-02 1.107653991937231019e+00 0.000000000000000000e+00
5.917594393388712071e-01 3.025208788781678579e-03 0.000000000000000000e+00 -3.536248065054937162e-01 7.783732678431245500e-01 0.000000000000000000e+00
5.864210545551151732e-01 -3.484574134775271503e-03 0.000000000000000000e+00 3.490562127150509397e-01 7.959211227010101197e-01 0.000000000000000000e+00
5.035180187281107500e-01 2.859453797988147430e-03 0.000000000000000000e+00 -8.263641553376085969e-02 1.103952231992209043e+00 0.000000000000000000e+00
7.009305334328391757e-01 3.808342064473904665e-04 0.000000000000000000e+00 -3.525808810483488376e-01 4.714512037556641277e-01 0.000000000000000000e+00
6.004042172345764872e-01 4.171056757806441972e-04 0.000000000000000000e+00 3.194427396509643691e-01 7.685198077198227562e-01 0.000000000000000000e+00
5.195473293244688984e-01 1.855785904627449759e-03 0.000000000000000000e+00 3.373844670111673938e-02 1.057590775511229708e+00 0.000000000000000000e+00
5.696999237668125549e-01 3.107706104480189267e-03 0.000000000000000000e+00 -2.834263814863497988e-01 8.692569317327712985e-01 0.000000000000000000e+00
7.646384998727600024e-01 -1.027607476275156292e-03 0.000000000000000000e+00 3.280358000696750320e-01 3.085235687379647151e-01 0.000000000000000000e+00
8.364174571422177129e-01 2.045074148165356527e-04 0.000000000000000000e+00 -2.837357205180022213e-01 1.170653235242806456e-01 0.000000000000000000e+00
4.791895882053244238e-01 -2.944715421648295365e-03 0.000000000000000000e+00 9.240816699583613916e-03 1.184408157609474044e+00 0.000000000000000000e+00
7.572310364817802508e-01 -8.292047439413131188e-04 0.000000000000000000e+00 -3.302584004372923765e-01 3.285765112757994544e-01 0.000000000000000000e+00
5.808869451971755415e-01 2.688781496607237434e-03 0.000000000000000000e+00 2.899614020426878325e-01 8.350121592591004394e-01 0.000000000000000000e+00
5.202808121924211715e-01 2.268427381851940636e-03 0.000000000000000000e+00 -6.889132434734370966e-03 1.055899459790584194e+00 0.000000000000000000e+00
5.826087159807209481e-01 2.791495228199569224e-03 0.000000000000000000e+00 -2.999520208416655009e-01 8.265557988730882766e-01 0.000000000000000000e+00
7.480541710928946264e-01 1.469787371406799589e-03 0.000000000000000000e+00 3.346182295294315989e-01 3.515107550295619721e-01 0.000000000000000000e+00
4.819253346441423336e-01 -2.981285099930418292e-03 0.000000000000000000e+00 6.260462025739993094e-03 1.175521119087423516e+00 0.000000000000000000e+00
7.395474170977108797e-01 1.065938845463674980e-03 0.000000000000000000e+00 -3.419642808787932697e-01 3.696078175309658875e-01 0.000000000000000000e+00
5.747910889935790024e-01 -2.401592717554345939e-03 0.000000000000000000e+00 2.931902483786754110e-01 8.513395056523029858e-01 0.000000000000000000e+00
5.185138575744226985e-01 -3.087648265792768999e-03 0.000000000000000000e+00 -2.240785995520237078e-02 1.060982585185521687e+00 0.000000000000000000e+00
5.966994314477571670e-01 1.146406022403432395e-03 0.000000000000000000e+00 -3.194036549865179042e-01 7.790111098248712063e-01 0.000000000000000000e+00
6.968687219587603732e-01 -2.279559584979207881e-03 0.000000000000000000e+00 3.556635496296890464e-01 4.806184806608472249e-01 0.000000000000000000e+00
5.037183165446845745e-01 5.461667257204105147e-03 0.000000000000000000e+00 7.008210510038734298e-02 1.104131862889937477e+00 0.000000000000000000e+00
5.912293138126305525e-01 -2.907143278928425983e-03 0.000000000000000000e+00 -3.452965714967201616e-01 7.836378104189928306e-01 0.000000000000000000e+00
5.904119337587725447e-01 -1.503921449330088839e-03 0.000000000000000000e+00 3.503493341656859217e-01 7.837773533498832990e-01 0.000000000000000000e+00
5.030020308343216007e-01 2.189819596826971491e-03 0.000000000000000000e+00 -7.673258157360056397e-02 1.105994392234464829e+00 0.000000000000000000e+00
6.962135907124999967e-01 1.241248762738001582e-03 0.000000000000000000e+00 -3.556070561395989760e-01 4.825188055829822131e-01 0.000000000000000000e+00
5.952683092012516219e-01 -7.590558199096547262e-04 0.000000000000000000e+00 3.183636016348364017e-01 7.834949715853221086e-01 0.000000000000000000e+00
5.179352492802822283e-01 5.499462937281112199e-04 0.000000000000000000e+00 1.961017499706897357e-02 1.062808025024571723e+00 0.000000000000000000e+00
5.782848969248897131e-01 2.689173975437913165e-04 0.000000000000000000e+00 -2.966527387533576809e-01 8.401204357216869312e-01 0.000000000000000000e+00
7.290915167935224650e-01 3.704758560496060858e-04 0.000000000000000000e+00 3.459836602050455623e-01 3.964587234522824466e-01 0.000000000000000000e+00
4.869582387035873428e-01 -4.373683528121865421e-03 0.000000000000000000e+00 2.396620289216878572e-02 1.159009899491870499e+00 0.000000000000000000e+00
6.883094108443927883e-01 -1.950415629967210823e-03 0.000000000000000000e+00 -3.716243702917351177e-01 4.931051035566579865e-01 0.000000000000000000e+00
5.414375776175807120e-01 -2.968429953909617822e-04 0.000000000000000000e+00 2.615283043802019147e-01 9.587151505259235984e-01 0.000000000000000000e+00
5.202975347626523916e-01 -5.031187262950157640e-04 0.000000000000000000e+00 -1.812391934979216690e-01 1.040221830854990204e+00 0.000000000000000000e+00
8.084432472971834205e-01 -8.273156201716188284e-04 0.000000000000000000e+00 3.035130695377996624e-01 1.959085721688682002e-01 0.000000000000000000e+00
7.873830189208401720e-01 1.772523280567945420e-04 0.000000000000000000e+00 -3.003283968973230467e-01 2.694368830624387368e-01 0.000000000000000000e+00
6.616206441900688295e-01 2.130120273358654826e-03 0.000000000000000000e+00 3.255596998458317737e-01 5.968482751853931845e-01 0.000000000000000000e+00
5.537835525278791415e-01 4.006972739288544583e-03 0.000000000000000000e+00 1.890547815383334385e-01 9.396848875599064232e-01 0.000000000000000000e+00
5.323294835468408426e-01 1.244165019982662428e-03 0.000000000000000000e+00 -5.425770639027016617e-02 1.018761833389760785e+00 0.000000000000000000e+00
5.842899339361951050e-01 -1.356022861629217757e-04 0.000000000000000000e+00 -2.709565871075995114e-01 8.317921398006924427e-01 0.000000000000000000e+00
7.533523129836700027e-01 -1.527380984167454187e-03 0.000000000000000000e+00 -2.911689122926728324e-01 3.741039961966867722e-01 0.000000000000000000e+00
6.870600665535726570e-01 -2.477577853008467584e-03 0.000000000000000000e+00 -2.712664521693798347e-01 5.578678106350620780e-01 0.000000000000000000e+00
6.145788073908386995e-01 -1.387920602144305723e-03 0.000000000000000000e+00 -1.639664049774809396e-01 7.786403191236795918e-01 0.000000000000000000e+00
5.922650412369721007e-01 4.214962562507888408e-03 0.000000000000000000e+00 3.989553529739963550e-03 8.535575638844661306e-01 0.000000000000000000e+00
6.179984577601935758e-01 6.705709771285565599e-04 0.000000000000000000e+00 1.753055307668015539e-01 7.672526090878919458e-01 0.000000000000000000e+00
6.938623695037182681e-01 1.871458826340216845e-03 0.000000000000000000e+00 2.754524738570731657e-01 5.383736029315734362e-01 0.000000000000000000e+00
7.464627751324555138e-01 -8.607481988614530677e-04 0.000000000000000000e+00 2.956510385353171566e-01 3.891388206318706633e-01 0.000000000000000000e+00
5.861922656669951159e-01 -3.578576939149940087e-03 0.000000000000000000e+00 2.759945151311562483e-01 8.247474871409616881e-01 0.000000000000000000e+00
5.344469358369521306e-01 7.544534437007028964e-04 0.000000000000000000e+00 6.554423143272471164e-02 1.011893556628293389e+00 0.000000000000000000e+00
5.490530268942719339e-01 2.849988119643993845e-03 0.000000000000000000e+00 -1.758334839839547636e-01 9.558849459306979490e-01 0.000000000000000000e+00
6.422926244295799059e-01 -2.126301419298117640e-04 0.000000000000000000e+00 -3.211093289232667125e-01 6.517079137215160412e-01 0.000000000000000000e+00
8.145160335875164526e-01 7.547545680335466904e-04 0.000000000000000000e+00 2.817258982450260296e-01 2.064691572898994520e-01 0.000000000000000000e+00
8.075734286255122907e-01 -5.730707852937997823e-05 0.000000000000000000e+00 -2.595529351210465463e-01 2.537351532412714938e-01 0.000000000000000000e+00
6.486484738235096525e-01 -2.106707603293557669e-03 0.000000000000000000e+00 -2.173283891901255926e-01 6.769998585623369092e-01 0.000000000000000000e+00
5.999376453218725480e-01 -8.964548320846924684e-04 0.000000000000000000e+00 -1.569651023902275677e-02 8.333220485007155620e-01 0.000000000000000000e+00
6.353687823694051939e-01 -8.341171381404900373e-04 0.000000000000000000e+00 1.961482710957478393e-01 7.172013211721934844e-01 0.000000000000000000e+00
7.750945196421488159e-01 -1.651597673053759735e-03 0.000000000000000000e+00 2.724475094943712983e-01 3.308979193851426803e-01 0.000000000000000000e+00
5.849053840345224131e-01 -1.576673883975514973e-03 0.000000000000000000e+00 2.785299066588265982e-01 8.275458222886586945e-01 0.000000000000000000e+00
5.306533751831035151e-01 1.229906970045780909e-03 0.000000000000000000e+00 4.831514453848945179e-02 1.023988201000901377e+00 0.000000000000000000e+00
5.545382432112426763e-01 1.493146501817474176e-03 0.000000000000000000e+00 -2.075132178412702200e-01 9.336416897998690567e-01 0.000000000000000000e+00
6.798486249165585082e-01 -1.718193387343261436e-03 0.000000000000000000e+00 -3.277038351553225315e-01 5.462457176365540512e-01 0.000000000000000000e+00
7.745964393938298276e-01 -5.369148720451863768e-04 0.000000000000000000e+00 3.067814391064535573e-01 3.008184025266650297e-01 0.000000000000000000e+00
8.469305850224839727e-01 -1.059784751188098083e-04 0.000000000000000000e+00 -2.676163662684505340e-01 1.039682393380151060e-01 0.000000000000000000e+00
4.957738993183008480e-01 -2.546134179307489240e-03 0.000000000000000000e+00 9.607815509933144427e-02 1.127172394848517722e+00 0.000000000000000000e+00
6.040530086575088831e-01 1.721403757628546093e-03 0.000000000000000000e+00 -3.746078105972949768e-01 7.325582711277807135e-01 0.000000000000000000e+00
5.500030645656877049e-01 2.033638971659222638e-03 0.000000000000000000e+00 3.045134911890067242e-01 9.201675159782338742e-01 0.000000000000000000e+00
5.133271549567663961e-01 -3.086740392032594465e-03 0.000000000000000000e+00 -1.890205501802693644e-01 1.060201675962259449e+00 0.000000000000000000e+00
7.079773888756093481e-01 -9.484705390265081928e-04 0.000000000000000000e+00 3.763892336520539006e-01 4.318577273052941479e-01 0.000000000000000000e+00
4.739606678607500290e-01 -3.213226791087795547e-03 0.000000000000000000e+00 -1.004011025586347139e-01 1.197412107295702244e+00 0.000000000000000000e+00
6.244374923066853267e-01 -5.990969409952247998e-04 0.000000000000000000e+00 4.244645899807799605e-01 6.433885118140966197e-01 0.000000000000000000e+00
4.832220696840071605e-01 -4.302131268772041786e-03 0.000000000000000000e+00 -2.368169616391509469e-01 1.147127538055506157e+00 0.000000000000000000e+00
5.203087231190490769e-01 -2.437933301163895672e-03 0.000000000000000000e+00 3.664639939118581324e-01 9.902255370878527696e-01 0.000000000000000000e+00
5.392359178138403930e-01 2.230833841550830532e-03 0.000000000000000000e+00 -3.940988286447137390e-01 9.191840067262715408e-01 0.000000000000000000e+00
4.758501349298429606e-01 -7.136890519925144505e-04 0.000000000000000000e+00 2.015375758504557302e-01 1.178315469711119334e+00 0.000000000000000000e+00
6.593034708563834112e-01 -1.293509140629176685e-03 0.000000000000000000e+00 -4.114916548328522161e-01 5.481357453880069119e-01 0.000000000000000000e+00
4.801931036269094233e-01 9.234919731065556470e-04 0.000000000000000000e+00 1.054022111987839294e-01 1.176489971165252557e+00 0.000000000000000000e+00
6.643650742949598342e-01 2.646317850682547435e-03 0.000000000000000000e+00 -3.964076345463706241e-01 5.442923532689017962e-01 0.000000000000000000e+00
5.072078907861304886e-01 5.860192235906214013e-04 0.000000000000000000e+00 1.959577380370796651e-01 1.078005576741733806e+00 0.000000000000000000e+00
5.583826359341834689e-01 -1.096507559020328329e-03 0.000000000000000000e+00 -3.355684066450476122e-01 8.841134530306012929e-01 0.000000000000000000e+00
5.659400791002273667e-01 1.486730664868109696e-03 0.000000000000000000e+00 3.458206704166681966e-01 8.575610820036894122e-01 0.000000000000000000e+00
5.036757595163350310e-01 2.235772939861312494e-03 0.000000000000000000e+00 -1.846730499206015175e-01 1.091050119926837869e+00 0.000000000000000000e+00
6.764844129224126812e-01 -1.474104853416540080e-03 0.000000000000000000e+00 3.935417705031887259e-01 5.108290565589537202e-01 0.000000000000000000e+00
4.777189269909825065e-01 -2.683896211432923104e-03 0.000000000000000000e+00 -1.113632051280601665e-01 1.184038332123161785e+00 0.000000000000000000e+00
6.312524957078630150e-01 -2.613029457788720780e-03 0.000000000000000000e+00 4.224306575568345101e-01 6.242498084276120185e-01 0.000000000000000000e+00
4.815593284661057183e-01 -4.977805047783586193e-03 0.000000000000000000e+00 -2.153902183271040882e-01 1.156804257040661366e+00 0.000000000000000000e+00
5.350523216114904113e-01 9.781273150059053342e-04 0.000000000000000000e+00 3.798285505097782622e-01 9.383086111763758730e-01 0.000000000000000000e+00
-9.363719616459944550e-01 -2.453937915681070141e-04 0.000000000000000000e+00 -7.628172548688250121e-02 9.556982948986014748e-02 0.000000000000000000e+00
5.251648980420923207e-01 5.273330402345119579e-04 0.000000000000000000e+00 -3.673774847068642657e-01 9.744252277986700239e-01 0.000000000000000000e+00
4.834083454337683716e-01 -2.946124316173505397e-03 0.000000000000000000e+00 2.463115725680597168e-01 1.144543207028505538e+00 0.000000000000000000e+00
6.167050545635559544e-01 1.878610034791712222e-03 0.000000000000000000e+00 -4.244530114677965704e-01 6.666683510561839388e-01 0.000000000000000000e+00
4.748497779272753960e-01 -4.971056299576614990e-03 0.000000000000000000e+00 1.252199039089593458e-01 1.192072364940454543e+00 0.000000000000000000e+00
6.905465144998537141e-01 -1.933400403166354517e-03 0.000000000000000000e+00 -3.862858653879677195e-01 4.751158386643986598e-01 0.000000000000000000e+00
5.038907756181882913e-01 3.957548809508737789e-04 0.000000000000000000e+00 1.753244805764516689e-01 1.091931430335101760e+00 0.000000000000000000e+00
5.675069740687312958e-01 -2.230027319147365530e-03 0.000000000000000000e+00 -3.448234715608435863e-01 8.533009155752895314e-01 0.000000000000000000e+00
5.586368079631256478e-01 -4.260132434881917611e-03 0.000000000000000000e+00 3.423332235958261860e-01 8.807089053448701188e-01 0.000000000000000000e+00
5.060208422896097513e-01 1.686910080685825875e-03 0.000000000000000000e+00 -1.900164743177641113e-01 1.082775611439635632e+00 0.000000000000000000e+00
6.774983860947767500e-01 -1.634612181735332209e-03 0.000000000000000000e+00 3.921695284892217082e-01 5.089013565409740147e-01 0.000000000000000000e+00
4.776768829362569302e-01 1.958905295994317966e-03 0.000000000000000000e+00 -1.105099512337622270e-01 1.184267980449552393e+00 0.000000000000000000e+00
6.439609420358896053e-01 7.381175955462702248e-04 0.000000000000000000e+00 4.172178497934008190e-01 5.898030137604099998e-01 0.000000000000000000e+00
4.781465346706512687e-01 2.035981636879716575e-03 0.000000000000000000e+00 -2.169254555624384184e-01 1.167906604597261699e+00 0.000000000000000000e+00
5.343938019795835270e-01 -3.049878867752414853e-03 0.000000000000000000e+00 3.878629415041884299e-01 9.370723243273794134e-01 0.000000000000000000e+00
-9.332610736967736909e-01 -4.475017789924802189e-04 0.000000000000000000e+00 -9.020179322414072220e-02 9.012422781010759332e-02 0.000000000000000000e+00
5.247404880188774046e-01 2.427845313791544488e-04 0.000000000000000000e+00 -3.684024922814487235e-01 9.753884052884804756e-01 0.000000000000000000e+00
4.820369975923151085e-01 -1.260147530504530586e-03 0.000000000000000000e+00 2.398034989032320485e-01 1.150488219594248518e+00 0.000000000000000000e+00
6.235568318687567668e-01 2.186665714252871220e-03 0.000000000000000000e+00 -4.250576973760009647e-01 6.456395090431608086e-01 0.000000000000000000e+00
4.752797569650676901e-01 5.584696948497357150e-03 0.000000000000000000e+00 1.023372352333848934e-01 1.192810673353319029e+00 0.000000000000000000e+00
6.990601986634339404e-01 -1.396804108772307755e-03 0.000000000000000000e+00 -3.810289566819392570e-01 4.543139792792537657e-01 0.000000000000000000e+00
5.087365035787796419e-01 2.744822451504943736e-03 0.000000000000000000e+00 1.815776255491455826e-01 1.075733936514908340e+00 0.000000000000000000e+00
5.560606205042646355e-01 3.125169847298110704e-03 0.000000000000000000e+00 -3.307834970046897305e-01 8.928319456675226640e-01 0.000000000000000000e+00
5.800534568356757736e-01 -9.405258735184357510e-04 0.000000000000000000e+00 3.591365235754634400e-01 8.101591987851728405e-01 0.000000000000000000e+00
5.000073386628680616e-01 1.678242688684055892e-03 0.000000000000000000e+00 -1.424858968353198696e-01 1.108874341223528015e+00 0.000000000000000000e+00
7.434877327636593147e-01 1.612003967370671288e-03 0.000000000000000000e+00 3.599584035929039305e-01 3.398997611916706463e-01 0.000000000000000000e+00
4.650638572566117013e-01 3.482944870899004793e-03 0.000000000000000000e+00 -1.567667444878987071e-01 1.221270412603363331e+00 0.000000000000000000e+00
5.484511698806862068e-01 2.319536338967358169e-03 0.000000000000000000e+00 4.074848959844826202e-01 8.842963384963060669e-01 0.000000000000000000e+00
5.171334677920712553e-01 1.948155473484001164e-03 0.000000000000000000e+00 -3.738945175425631429e-01 9.976630274624854744e-01 0.000000000000000000e+00
4.730116068391904127e-01 3.191102123406363601e-03 0.000000000000000000e+00 2.118615800927933779e-01 1.185987304845565804e+00 0.000000000000000000e+00
