-9.971714077206659255e-01 6.593855532960516785e-05 0.000000000000000000e+00 -4.523646349454645693e-02 1.374148636284254835e-02 0.000000000000000000e+00
-1.140984164242854870e+00 9.746775207991401069e-04 0.000000000000000000e+00 -3.188622063737592272e-02 2.363415132386812167e-01 0.000000000000000000e+00
1.008019724218379043e+00 -9.975257367106952437e-04 0.000000000000000000e+00 2.520569214761153240e-02 2.252295779634429507e-01 0.000000000000000000e+00
-1.258284088086088826e+00 1.466524202395260573e-05 0.000000000000000000e+00 -2.617868105685260214e-03 4.181685188872932835e-01 0.000000000000000000e+00
-1.682538738902455755e+00 1.962962452328249896e-03 0.000000000000000000e+00 1.305274028578041201e-01 1.002326277203272165e+00 0.000000000000000000e+00
-1.626928254479477642e+00 7.685319367913417965e-04 0.000000000000000000e+00 -1.584263028099200110e-01 9.236810581541392562e-01 0.000000000000000000e+00
-1.853944543072996387e+00 -4.527126266325495751e-03 0.000000000000000000e+00 6.510504837078401330e-02 1.230340747406101887e+00 0.000000000000000000e+00
-1.440642275311479370e+00 -1.645596285704405484e-03 0.000000000000000000e+00 2.421165531259661385e-01 6.381193687624762134e-01 0.000000000000000000e+00
-1.725352375060185794e+00 -1.943870656116730711e-04 0.000000000000000000e+00 -1.574726565829338010e-01 1.055130348546124530e+00 0.000000000000000000e+00
-1.895944076721701510e+00 3.150970059756855179e-03 0.000000000000000000e+00 2.127594993345247737e-02 1.284955521751621976e+00 0.000000000000000000e+00
-1.657852399189572168e+00 5.955645011790945687e-04 0.000000000000000000e+00 1.907380455943603337e-01 9.594533894206191960e-01 0.000000000000000000e+00
-1.532957615862305500e+00 2.652511379038329127e-03 0.000000000000000000e+00 -2.265787828012625904e-01 7.780614863390852287e-01 0.000000000000000000e+00
-1.873794457372059963e+00 3.782577211150425778e-03 0.000000000000000000e+00 -5.488296469784675891e-02 1.255996413783666332e+00 0.000000000000000000e+00
-1.692863735061250985e+00 4.891217857749464992e-03 0.000000000000000000e+00 1.489544870719120007e-01 1.013471760571217573e+00 0.000000000000000000e+00
-1.580886670026407703e+00 1.444434953671984347e-03 0.000000000000000000e+00 -1.927962717419874350e-01 8.539493387029957194e-01 0.000000000000000000e+00
-1.832252318344788300e+00 3.747510895335957187e-03 0.000000000000000000e+00 3.448533646732811209e-02 1.203990912734225205e+00 0.000000000000000000e+00
-1.380985848302980656e+00 -2.112784765574918927e-03 0.000000000000000000e+00 2.391940847872353060e-01 5.479558172606154853e-01 0.000000000000000000e+00
-1.774871184941706703e+00 -1.581761988363399041e-03 0.000000000000000000e+00 -1.010227396197296013e-01 1.126445300549824280e+00 0.000000000000000000e+00
-1.250455652620605207e+00 -3.634741948928647826e-04 0.000000000000000000e+00 -1.929817129152252009e-01 3.576907179703329720e-01 0.000000000000000000e+00
-1.443452619859427077e+00 6.356571745979701718e-04 0.000000000000000000e+00 -9.195915859564121608e-02 6.802677752030605873e-01 0.000000000000000000e+00
-1.446787011675087609e+00 -9.718590937208360439e-04 0.000000000000000000e+00 8.887361916707067766e-02 6.853948826340857670e-01 0.000000000000000000e+00
-1.211446972363819707e+00 1.162825505997861809e-03 0.000000000000000000e+00 1.891363628947443920e-01 2.913544587273753650e-01 0.000000000000000000e+00
1.022705404185566547e+00 3.358912902222194663e-04 0.000000000000000000e+00 -1.268217633856254800e-01 7.039268942525472861e-02 0.000000000000000000e+00
7.120736718690643396e-01 -2.415835500561919896e-03 0.000000000000000000e+00 -3.070571893185145007e-02 5.628442579508445842e-01 0.000000000000000000e+00
8.233611959877562558e-01 -6.055284870473132131e-04 0.000000000000000000e+00 1.806497098201985119e-01 2.785572635350829773e-01 0.000000000000000000e+00
6.622260992524189316e-01 3.165742808854166840e-03 0.000000000000000000e+00 -2.291196381724831532e-01 6.385380432587880462e-01 0.000000000000000000e+00
6.054343742284147289e-01 7.796651356995899351e-04 0.000000000000000000e+00 4.067180935604652880e-03 8.191770242693124926e-01 0.000000000000000000e+00
6.684200205702681696e-01 1.650767733928688689e-03 0.000000000000000000e+00 2.318963998673689852e-01 6.219130135040968899e-01 0.000000000000000000e+00
8.137482215395953622e-01 1.001735915774190546e-04 0.000000000000000000e+00 -1.940383405751440749e-01 2.922169442530668793e-01 0.000000000000000000e+00
7.206283544088802895e-01 7.818533672842532464e-04 0.000000000000000000e+00 -1.152156725173024976e-01 5.324104671706599845e-01 0.000000000000000000e+00
7.068713812029709942e-01 -3.252817203902641160e-04 0.000000000000000000e+00 7.103327173403622963e-02 5.709168189373121649e-01 0.000000000000000000e+00
7.929790318570664187e-01 -1.692965991367194334e-03 0.000000000000000000e+00 1.892534403057656855e-01 3.434333281896395085e-01 0.000000000000000000e+00
6.456756592267189898e-01 1.675828997292960754e-03 0.000000000000000000e+00 4.914428896932668267e-02 7.165565693992951291e-01 0.000000000000000000e+00
7.049198856968278415e-01 1.146118449274894854e-03 0.000000000000000000e+00 -1.898961414266194248e-01 5.477162088389231354e-01 0.000000000000000000e+00
8.024095924602165919e-01 8.524285984879858592e-04 0.000000000000000000e+00 2.236236456679529527e-01 2.988011889507386498e-01 0.000000000000000000e+00
7.808782161750353890e-01 -1.246828726284403450e-03 0.000000000000000000e+00 2.903532455453436967e-01 2.989261068854314196e-01 0.000000000000000000e+00
8.605365318709636835e-01 -1.560113504409923676e-06 0.000000000000000000e+00 -2.486332954532662898e-01 8.237812577985823004e-02 0.000000000000000000e+00
5.134750791526752067e-01 -4.208133452967749433e-03 0.000000000000000000e+00 1.608285759937141401e-01 1.064354297997436971e+00 0.000000000000000000e+00
5.516508962288648732e-01 1.294663694249545156e-03 0.000000000000000000e+00 -2.925978767284401760e-01 9.191242823536265316e-01 0.000000000000000000e+00
6.467655965273548802e-01 -7.962484836568405402e-04 0.000000000000000000e+00 3.774371875561737810e-01 6.079752056189542397e-01 0.000000000000000000e+00
4.946287791538028777e-01 -5.082777253761017536e-03 0.000000000000000000e+00 -1.320642499575744137e-02 1.134726905667390762e+00 0.000000000000000000e+00
6.799980352161365538e-01 -3.824495650727949628e-04 0.000000000000000000e+00 -3.684903156469797603e-01 5.191750570138164989e-01 0.000000000000000000e+00
5.608350398209582810e-01 1.854038211671418801e-05 0.000000000000000000e+00 2.906610859936846758e-01 8.926754788004274133e-01 0.000000000000000000e+00
5.137931212168034278e-01 3.465805478898228119e-03 0.000000000000000000e+00 -1.098115113609922922e-01 1.069864000298549112e+00 0.000000000000000000e+00
6.823805827728512963e-01 7.314080361585087106e-04 0.000000000000000000e+00 -3.525883353567556555e-01 5.234536014897135381e-01 0.000000000000000000e+00
6.220411906951375247e-01 1.052921326264577920e-03 0.000000000000000000e+00 3.333875389545908341e-01 7.016241293737870421e-01 0.000000000000000000e+00
5.222323212640090917e-01 6.926634356134234172e-04 0.000000000000000000e+00 7.704607203275831706e-02 1.047258391834225311e+00 0.000000000000000000e+00
5.571053708890595368e-01 -2.159861964889046165e-03 0.000000000000000000e+00 -2.469983085983719628e-01 9.165061703564896245e-01 0.000000000000000000e+00
8.550597424392082369e-01 -2.920465078026257023e-04 0.000000000000000000e+00 2.508912897363665406e-01 1.049989742753760363e-01 0.000000000000000000e+00
7.983877435839366044e-01 7.093104691430355060e-04 0.000000000000000000e+00 -2.580230524127763991e-01 2.806786630557752127e-01 0.000000000000000000e+00
6.271994218967229529e-01 -4.157200247569313792e-04 0.000000000000000000e+00 -1.515237353356236327e-01 7.486631081007204536e-01 0.000000000000000000e+00
6.169770548454232006e-01 1.601122078984228841e-03 0.000000000000000000e+00 1.096260669891268025e-01 7.819565147690961116e-01 0.000000000000000000e+00
7.481859305274844996e-01 -1.935953189908595599e-03 0.000000000000000000e+00 2.694412023523320987e-01 4.032921295342961621e-01 0.000000000000000000e+00
7.691677024261562856e-01 -4.940096650119653147e-04 0.000000000000000000e+00 2.928455239193571424e-01 3.295749362553790363e-01 0.000000000000000000e+00
5.277862742986650924e-01 -4.265054713607543610e-03 0.000000000000000000e+00 1.915765425576816949e-01 1.015623829036021775e+00 0.000000000000000000e+00
-9.391009307203918022e-01 1.891457372286306201e-04 0.000000000000000000e+00 9.425791537280422960e-02 7.045931136434444020e-02 0.000000000000000000e+00
5.344883900938446342e-01 -1.044209940725658332e-03 0.000000000000000000e+00 -2.105983061855100369e-01 9.917795949351930762e-01 0.000000000000000000e+00
8.296006289459691985e-01 -2.240719457789678952e-04 0.000000000000000000e+00 2.805042688549458929e-01 1.539241103915605091e-01 0.000000000000000000e+00
7.934575100501988221e-01 -9.985025739079223406e-05 0.000000000000000000e+00 -2.775076136925204717e-01 2.756848006324461586e-01 0.000000000000000000e+00
7.218954920205282733e-01 -2.110777563905154655e-03 0.000000000000000000e+00 -2.734214826919793562e-01 4.679141331422818628e-01 0.000000000000000000e+00
6.170056235872499739e-01 -1.934688780548044114e-03 0.000000000000000000e+00 -1.429204302031304441e-01 7.764864208317110439e-01 0.000000000000000000e+00
6.035992945911924368e-01 -2.324050771514670974e-03 0.000000000000000000e+00 7.763079749321891154e-02 8.202651105197629189e-01 0.000000000000000000e+00
6.749261317288681727e-01 2.192095010993962926e-04 0.000000000000000000e+00 2.513184771269432738e-01 5.977870093702517540e-01 0.000000000000000000e+00
8.494225293074209038e-01 -7.136987476823409768e-04 0.000000000000000000e+00 2.348143414643127369e-01 1.569355458629450584e-01 0.000000000000000000e+00
9.128500533760290914e-01 -7.035073331400302360e-04 0.000000000000000000e+00 -1.162471015293201418e-02 1.730949323908655413e-01 0.000000000000000000e+00
7.735263082788847999e-01 6.395076618483858718e-04 0.000000000000000000e+00 3.493021737147840311e-02 4.304345175508264010e-01 0.000000000000000000e+00
8.499356641180300098e-01 6.522779368631462411e-04 0.000000000000000000e+00 -7.394391128804833624e-02 2.715874588279048596e-01 0.000000000000000000e+00
9.092808376902106193e-01 -2.284569538802544431e-04 0.000000000000000000e+00 1.115971547971424394e-01 1.397994880282635854e-01 0.000000000000000000e+00
9.755553810009902627e-01 2.400449083315122950e-04 0.000000000000000000e+00 -1.101230663080034200e-01 9.024752049605083704e-02 0.000000000000000000e+00
9.746854874631801779e-01 6.969997361216181010e-04 0.000000000000000000e+00 -1.099750802479284445e-02 1.402245772734169726e-01 0.000000000000000000e+00
-1.411772067662769414e+00 7.942349409331868337e-04 0.000000000000000000e+00 -2.845625832130939392e-02 6.411354534959123885e-01 0.000000000000000000e+00
-1.352502008341027517e+00 2.417564151666315442e-03 0.000000000000000000e+00 -1.315936885053830552e-01 5.411112138735543198e-01 0.000000000000000000e+00
-1.412368493218535415e+00 -3.864216128635219408e-04 0.000000000000000000e+00 9.605726415114843042e-02 6.353919327521130311e-01 0.000000000000000000e+00
7.695295266564439185e-01 -2.623662679956394487e-04 0.000000000000000000e+00 -3.962025843895296967e-02 4.383413044229835798e-01 0.000000000000000000e+00
8.834328498457960643e-01 -2.885331624747371117e-04 0.000000000000000000e+00 1.432250442845322547e-01 1.686000366208391110e-01 0.000000000000000000e+00
-1.099845593249764830e+00 6.806572949303573566e-04 0.000000000000000000e+00 9.413042069295021741e-02 1.463193569992127518e-01 0.000000000000000000e+00
-1.369334059131603443e+00 -2.658274862095128758e-03 0.000000000000000000e+00 -1.389798407709207373e-01 5.643032743215232738e-01 0.000000000000000000e+00
-1.482810387541146468e+00 -8.833292590114984189e-04 0.000000000000000000e+00 4.234810559682060382e-02 7.401485724195053795e-01 0.000000000000000000e+00
-1.141840484506640330e+00 4.521163595158327053e-04 0.000000000000000000e+00 1.647743246217315549e-01 1.742571330424187437e-01 0.000000000000000000e+00
-1.476715431423634151e+00 -2.822958760692068775e-04 0.000000000000000000e+00 -4.592634013717328267e-02 7.314595551397555795e-01 0.000000000000000000e+00
-1.352373766586223436e+00 2.178091194278699086e-03 0.000000000000000000e+00 1.437980357047570767e-01 5.378039823154421306e-01 0.000000000000000000e+00
-1.337545689008529104e+00 2.173333563299011117e-03 0.000000000000000000e+00 7.708925463996812999e-02 5.296034480424537394e-01 0.000000000000000000e+00
-1.125158200926332563e+00 1.750973176702190492e-04 0.000000000000000000e+00 -1.343902207793897241e-01 1.661687290883118173e-01 0.000000000000000000e+00
-1.348605375266187512e+00 3.058148076405045601e-04 0.000000000000000000e+00 -6.785490020159887226e-02 5.470460642712628996e-01 0.000000000000000000e+00
-1.290115447647554703e+00 -2.089289348373540335e-03 0.000000000000000000e+00 -1.742632553165907039e-01 4.317454696144297221e-01 0.000000000000000000e+00
-1.500060480564358700e+00 8.802411321243083786e-04 0.000000000000000000e+00 -4.929897721888595874e-02 7.636266588566597013e-01 0.000000000000000000e+00
-1.462699698773527235e+00 -1.591220050294717137e-03 0.000000000000000000e+00 9.271319720210763338e-02 7.073396136663736566e-01 0.000000000000000000e+00
-1.213844602743711976e+00 2.510796168969219727e-04 0.000000000000000000e+00 1.842948663718581015e-01 2.987483595605545661e-01 0.000000000000000000e+00
-1.408962640701079128e+00 2.742513453964437464e-03 0.000000000000000000e+00 2.028325481524470217e-02 6.374625803377176325e-01 0.000000000000000000e+00
-1.013166157246888188e+00 8.329590366414697843e-05 0.000000000000000000e+00 -2.081598161378081166e-02 4.785110045451174132e-02 0.000000000000000000e+00
-1.416252140634443046e+00 1.632709091374733718e-03 0.000000000000000000e+00 -7.931581472439795666e-02 6.432440572047611882e-01 0.000000000000000000e+00
-1.222790278655302654e+00 6.927993234799078096e-04 0.000000000000000000e+00 1.623110312443430403e-01 3.265153767943238527e-01 0.000000000000000000e+00
-1.437271874325977805e+00 2.772353968836680123e-03 0.000000000000000000e+00 4.384160666474005985e-02 6.763582175864872870e-01 0.000000000000000000e+00
-1.525619748676336984e+00 2.621632151026832142e-03 0.000000000000000000e+00 1.662087195937835271e-01 7.828978598905563802e-01 0.000000000000000000e+00
-1.701444983618157547e+00 -8.528476034914776044e-04 0.000000000000000000e+00 -4.447495237112880639e-03 1.035590087273588145e+00 0.000000000000000000e+00
-1.508658986578386596e+00 3.166433409227779883e-04 0.000000000000000000e+00 -1.713472275516716437e-01 7.579351047292555155e-01 0.000000000000000000e+00
-1.132338125871585000e+00 -4.300455091416147124e-04 0.000000000000000000e+00 -3.293036899981206800e-02 2.225424909308909294e-01 0.000000000000000000e+00
7.163676280899426985e-01 -1.160628792899332917e-03 0.000000000000000000e+00 -6.897315439420595440e-02 5.498414476804636131e-01 0.000000000000000000e+00
7.713702175414427487e-01 -1.530085753405975016e-03 0.000000000000000000e+00 1.654220453922135570e-01 4.037353952503192622e-01 0.000000000000000000e+00
8.174494432503098817e-01 6.326449559095701641e-04 0.000000000000000000e+00 2.008913542897621807e-01 2.786576971229184352e-01 0.000000000000000000e+00
9.098195763569267847e-01 7.807084524029828804e-05 0.000000000000000000e+00 1.767872261553757873e-01 2.122549105063577940e-02 0.000000000000000000e+00
8.474028024717527030e-01 -7.308638570190581496e-04 0.000000000000000000e+00 -1.523643087821875963e-01 2.422734134328953237e-01 0.000000000000000000e+00
7.767279907646369441e-01 1.140929059222257902e-03 0.000000000000000000e+00 -7.731160556576235909e-02 4.181605177850631350e-01 0.000000000000000000e+00
8.090936695447826787e-01 1.299170410169988785e-03 0.000000000000000000e+00 1.238295132629816664e-01 3.379755825754398035e-01 0.000000000000000000e+00
7.244200133772420447e-01 1.221647906263693614e-03 0.000000000000000000e+00 2.679275255899926309e-02 5.357275350760116739e-01 0.000000000000000000e+00
7.717779372075651567e-01 -2.045672755520306155e-03 0.000000000000000000e+00 -1.193224889977522740e-01 4.187957454049148209e-01 0.000000000000000000e+00
7.860106865678532229e-01 9.525823838448244096e-04 0.000000000000000000e+00 -1.038356304016224696e-01 3.927565527220441832e-01 0.000000000000000000e+00
7.714170495453307463e-01 -1.117812375989015675e-03 0.000000000000000000e+00 7.354072085979304618e-02 4.299696996312774022e-01 0.000000000000000000e+00
8.171340077432711624e-01 9.769039301738141612e-04 0.000000000000000000e+00 1.456002669593852439e-01 3.118191762677819390e-01 0.000000000000000000e+00
8.673271355762361967e-01 1.747511348940008168e-04 0.000000000000000000e+00 -8.498697518899286929e-02 2.347127347065619540e-01 0.000000000000000000e+00
8.871156861401798821e-01 -2.787380836105988590e-04 0.000000000000000000e+00 -4.119675725104044893e-04 2.149104327198705089e-01 0.000000000000000000e+00
8.792045219819093482e-01 9.622807620855416272e-04 0.000000000000000000e+00 9.364873397586373494e-02 2.084941624870434995e-01 0.000000000000000000e+00
8.370230283967063922e-01 -7.627922905296038308e-04 0.000000000000000000e+00 -2.461663240520136631e-01 1.813824759493231076e-01 0.000000000000000000e+00
6.962578652438667914e-01 -2.070392987584329311e-03 0.000000000000000000e+00 -2.654745555578567617e-01 5.372746487200622534e-01 0.000000000000000000e+00
6.091864555980874840e-01 1.672394635627811460e-03 0.000000000000000000e+00 -1.172057626887878512e-01 8.009821318037215754e-01 0.000000000000000000e+00
-9.600878626879761901e-01 -1.708583139663944102e-04 0.000000000000000000e+00 5.491849287013914060e-02 6.425062523124455693e-02 0.000000000000000000e+00
6.068947238521086307e-01 1.001642418981832372e-03 0.000000000000000000e+00 1.010599538716630275e-01 8.091306246097508259e-01 0.000000000000000000e+00
6.871537657279567224e-01 2.749082026669094798e-03 0.000000000000000000e+00 2.596160737111774530e-01 5.631345449168672079e-01 0.000000000000000000e+00
8.417345173190672325e-01 -8.173644380178764213e-05 0.000000000000000000e+00 2.418632623414704308e-01 1.721108616247166156e-01 0.000000000000000000e+00
8.945911488148301505e-01 -8.895021631020582492e-04 0.000000000000000000e+00 -5.633276449995733293e-02 1.943481804841670768e-01 0.000000000000000000e+00
9.208854925892593357e-01 2.930645193608130889e-04 0.000000000000000000e+00 8.948530324805384351e-02 1.349567101359424592e-01 0.000000000000000000e+00
9.653434381360782579e-01 2.553916906459284628e-04 0.000000000000000000e+00 -8.508640122771735093e-02 9.874261688202240483e-02 0.000000000000000000e+00
9.906417432393892497e-01 1.184025112429608166e-04 0.000000000000000000e+00 -7.625309382059385077e-02 2.026725898960878014e-01 0.000000000000000000e+00
-1.172282703830271000e+00 1.364171313196891125e-03 0.000000000000000000e+00 3.252778457177868399e-02 2.853316646619212249e-01 0.000000000000000000e+00
-1.173912710127563486e+00 3.410306754479197969e-04 0.000000000000000000e+00 -2.564338626215253991e-02 2.885635854381738419e-01 0.000000000000000000e+00
-1.414789196248923631e+00 2.034416563638119513e-03 0.000000000000000000e+00 -8.052698068929456388e-02 6.410066574140678153e-01 0.000000000000000000e+00
-1.227109116994766547e+00 9.323034199058416460e-04 0.000000000000000000e+00 1.619791505726443093e-01 3.339816986686208189e-01 0.000000000000000000e+00
-1.437371537156205914e+00 -1.688919390631802610e-03 0.000000000000000000e+00 4.070415938916784049e-02 6.766926850457481990e-01 0.000000000000000000e+00
-1.530928127612674050e+00 2.010682610320176089e-03 0.000000000000000000e+00 1.647574780577746312e-01 7.906244883434240256e-01 0.000000000000000000e+00
-1.703390715002199407e+00 -3.345474261122510957e-04 0.000000000000000000e+00 -8.821993862590049931e-03 1.038109273842330982e+00 0.000000000000000000e+00
-1.491682094399492842e+00 2.396550480661712584e-03 0.000000000000000000e+00 -1.773898870719469167e-01 7.324722029088291952e-01 0.000000000000000000e+00
1.013933465290748348e+00 7.586021977542940992e-04 0.000000000000000000e+00 -6.824213179070673374e-02 1.633611881097616070e-01 0.000000000000000000e+00
1.003345801512360858e+00 -1.403509867540804652e-03 0.000000000000000000e+00 4.555794482704531023e-02 3.123541763016644546e-01 0.000000000000000000e+00
9.850968859607165395e-01 1.709865072926253118e-04 0.000000000000000000e+00 1.402187205344988530e-01 1.035987964548925611e-01 0.000000000000000000e+00
9.027678275051855827e-01 -1.867015469062503763e-04 0.000000000000000000e+00 -1.163141969847937690e-01 1.490452404969881406e-01 0.000000000000000000e+00
8.565191659922245515e-01 -1.024580798840025141e-03 0.000000000000000000e+00 -2.917108724758072508e-02 2.677071124906418298e-01 0.000000000000000000e+00
1.019283364161892358e+00 -2.669714203209184403e-04 0.000000000000000000e+00 1.102834880661983097e-01 1.080008551369714409e-01 0.000000000000000000e+00
-1.506911159552056567e+00 2.396977006743464950e-03 0.000000000000000000e+00 1.752480906848603026e-01 7.545761752737876193e-01 0.000000000000000000e+00
-1.706003271638642627e+00 -3.991454744562413642e-03 0.000000000000000000e+00 -3.241218064855081946e-03 1.041566148175465445e+00 0.000000000000000000e+00
-1.505390907242643017e+00 9.801986229552063501e-04 0.000000000000000000e+00 -1.741097233736907390e-01 7.526889456049126181e-01 0.000000000000000000e+00
1.015689090814789530e+00 5.156888440123140720e-04 0.000000000000000000e+00 -1.109479094842211189e-01 1.264613007472971118e-01 0.000000000000000000e+00
9.179592456132098510e-01 -3.889019236449366666e-04 0.000000000000000000e+00 3.314678571427752407e-02 1.626948200586943449e-01 0.000000000000000000e+00
9.965706214774405769e-01 1.372124003133367437e-03 0.000000000000000000e+00 -1.357875568795688381e-01 3.139224128394003666e-01 0.000000000000000000e+00
-1.236770801792347552e+00 1.316540319838880799e-03 0.000000000000000000e+00 -7.750277429152907516e-02 3.779506414731934605e-01 0.000000000000000000e+00
-1.254245671631300407e+00 1.852174484337984484e-03 0.000000000000000000e+00 5.864223112021577783e-02 4.079353964742196137e-01 0.000000000000000000e+00
1.017536518921345445e+00 -1.188943968391661596e-04 0.000000000000000000e+00 4.228305246067368128e-02 1.547272942750844704e-01 0.000000000000000000e+00
-1.588891817927641892e+00 3.090037717936436334e-03 0.000000000000000000e+00 1.595783226961575152e-01 8.717481528917341294e-01 0.000000000000000000e+00
-1.710413352712968571e+00 -4.013771772794716419e-03 0.000000000000000000e+00 -7.938857180759839594e-02 1.044323648978734642e+00 0.000000000000000000e+00
-1.320627757638154653e+00 7.826046791892804499e-04 0.000000000000000000e+00 2.224793108371723449e-01 4.594672188163807514e-01 0.000000000000000000e+00
-1.731920508925014035e+00 -5.018660232361388251e-03 0.000000000000000000e+00 2.054609899665932327e-02 1.075180564056512189e+00 0.000000000000000000e+00
-1.487247022352882642e+00 -2.856077737316154580e-04 0.000000000000000000e+00 -1.920182011105398545e-01 7.224230901715260611e-01 0.000000000000000000e+00
-1.735115219423992938e+00 4.453594812329209063e-04 0.000000000000000000e+00 9.848200766544726314e-02 1.075019084174257955e+00 0.000000000000000000e+00
-1.529114932051937714e+00 -3.568301444297795888e-03 0.000000000000000000e+00 -2.011303935489568151e-01 7.796063396812615842e-01 0.000000000000000000e+00
-1.793478119734346787e+00 -4.932816499553221296e-03 0.000000000000000000e+00 4.972701216820361869e-02 1.153836635844897707e+00 0.000000000000000000e+00
-1.276739110433036339e+00 3.675222005739692266e-04 0.000000000000000000e+00 -2.362122636328016501e-01 3.779993283555339589e-01 0.000000000000000000e+00
-1.809416087133469908e+00 1.456688851083111358e-03 0.000000000000000000e+00 -2.005072512103037163e-02 1.175155800397844397e+00 0.000000000000000000e+00
-1.454714993607550078e+00 2.432161912567530615e-03 0.000000000000000000e+00 2.226840334671196242e-01 6.659959874222356468e-01 0.000000000000000000e+00
-1.759153234914258235e+00 -4.125658190808359493e-03 0.000000000000000000e+00 -8.917131219292337430e-02 1.107100297618729412e+00 0.000000000000000000e+00
-1.533324641547406220e+00 1.501882046586272557e-03 0.000000000000000000e+00 1.869988694588369804e-01 7.890277547627209120e-01 0.000000000000000000e+00
-1.733933939056288676e+00 5.019227449564768462e-03 0.000000000000000000e+00 -6.364374150816766440e-02 1.076114663098193258e+00 0.000000000000000000e+00
-1.365982598879518672e+00 -5.148251074675869177e-04 0.000000000000000000e+00 2.215229913515098514e-01 5.320669296427716910e-01 0.000000000000000000e+00
-1.749235263777082938e+00 4.204575547088855447e-03 0.000000000000000000e+00 -3.516294826794996720e-04 1.097849806523783833e+00 0.000000000000000000e+00
-1.337362052201552576e+00 -2.018456450818318509e-03 0.000000000000000000e+00 -2.251763774643696925e-01 4.852140979549912081e-01 0.000000000000000000e+00
-1.735471332570700964e+00 -4.099042680664122078e-03 0.000000000000000000e+00 5.932510897690752155e-02 1.078359571563540786e+00 0.000000000000000000e+00
-1.526846345632244528e+00 1.643647515535830205e-03 0.000000000000000000e+00 -1.867501243243217257e-01 7.799799479888513964e-01 0.000000000000000000e+00
-1.755384463846503706e+00 -2.520917084584135825e-03 0.000000000000000000e+00 8.542494567768237068e-02 1.102502934766334430e+00 0.000000000000000000e+00
-1.471753968849240479e+00 2.891866314180362163e-03 0.000000000000000000e+00 -2.155917106808403760e-01 6.932581253427135826e-01 0.000000000000000000e+00
-1.805276259703055386e+00 -5.643354959809662036e-03 0.000000000000000000e+00 2.476005362571847765e-02 1.169776245598879827e+00 0.000000000000000000e+00
-1.211218213054122028e+00 -4.172085376259196616e-04 0.000000000000000000e+00 2.252221615394458532e-01 2.640010929075078394e-01 0.000000000000000000e+00
-1.798446460122679724e+00 -3.170627385480717306e-03 0.000000000000000000e+00 -4.471553869129733794e-02 1.160416685704352080e+00 0.000000000000000000e+00
-1.504776173096673553e+00 -2.894094069700786642e-03 0.000000000000000000e+00 2.059851069973890891e-01 7.437231458869921763e-01 0.000000000000000000e+00
-1.745006875796089263e+00 4.060045106352994093e-03 0.000000000000000000e+00 -9.003714251107043653e-02 1.088651810497681005e+00 0.000000000000000000e+00
-1.508404714087267173e+00 3.078100182483944902e-04 0.000000000000000000e+00 1.897478170904642047e-01 7.531801172246133103e-01 0.000000000000000000e+00
-1.735458061287687981e+00 -3.217582647485672798e-03 0.000000000000000000e+00 -4.655009255880124264e-02 1.078967279104859456e+00 0.000000000000000000e+00
-1.173894923372331478e+00 3.920070028849420574e-04 0.000000000000000000e+00 2.055660530530031838e-01 2.040936178672437262e-01 0.000000000000000000e+00
-1.738026447806426233e+00 -1.520864537070967804e-03 0.000000000000000000e+00 3.605317458952953663e-02 1.082704604564772133e+00 0.000000000000000000e+00
-1.490771351671817957e+00 -3.058687715008400615e-03 0.000000000000000000e+00 -1.961572810514359277e-01 7.263697541465514718e-01 0.000000000000000000e+00
-1.734788964675189948e+00 5.629041042596281963e-05 0.000000000000000000e+00 9.276484156658956759e-02 1.075102886810960001e+00 0.000000000000000000e+00
-1.534150486442831696e+00 3.062083303143572910e-03 0.000000000000000000e+00 -1.938378694885962705e-01 7.885416377670957377e-01 0.000000000000000000e+00
-1.783861450188785946e+00 5.098188425027117693e-03 0.000000000000000000e+00 6.533220724734642437e-02 1.140682655343389307e+00 0.000000000000000000e+00
-1.341453399223171861e+00 9.849784256021742318e-04 0.000000000000000000e+00 -2.363691517363747663e-01 4.864815999523741663e-01 0.000000000000000000e+00
-1.810012897392743181e+00 -4.655735317966001874e-03 0.000000000000000000e+00 -9.868709603860222057e-03 1.176056921641481789e+00 0.000000000000000000e+00
-1.395927640987868035e+00 8.162910368484724288e-04 0.000000000000000000e+00 2.319313365702836416e-01 5.741690441280640211e-01 0.000000000000000000e+00
-1.773947967195522946e+00 -1.610608189949278013e-03 0.000000000000000000e+00 -7.316754243399523072e-02 1.127407811158039674e+00 0.000000000000000000e+00
-1.539522295610603830e+00 -7.471864357769990653e-05 0.000000000000000000e+00 1.906317871051778079e-01 7.968602697826183690e-01 0.000000000000000000e+00
-1.733076571440834046e+00 7.139122289742186322e-04 0.000000000000000000e+00 -8.622747547100864662e-02 1.073414344168384105e+00 0.000000000000000000e+00
-1.472466091535850286e+00 -2.796599717290362830e-03 0.000000000000000000e+00 1.998127399357706446e-01 6.990010725823189164e-01 0.000000000000000000e+00
-1.742882555141426870e+00 -1.778672781554379179e-03 0.000000000000000000e+00 -3.567026150012352070e-02 1.089025084732407445e+00 0.000000000000000000e+00
-1.113862812458842555e+00 -4.534408861889939815e-04 0.000000000000000000e+00 1.733578649944886585e-01 9.144580243412189779e-02 0.000000000000000000e+00
-1.157276899358365529e+00 7.945585056230194780e-04 0.000000000000000000e+00 -1.990335805644749545e-01 1.732877918331127975e-01 0.000000000000000000e+00
-1.741883348942580678e+00 2.162491995039893256e-03 0.000000000000000000e+00 3.935363362112620500e-02 1.087601478204456740e+00 0.000000000000000000e+00
-1.479902581563608210e+00 -1.811827512362779169e-03 0.000000000000000000e+00 -2.001381657409016523e-01 7.096469295884202388e-01 0.000000000000000000e+00
-1.734825125556923364e+00 5.731988263682347151e-04 0.000000000000000000e+00 8.810670475126430867e-02 1.075542487870576824e+00 0.000000000000000000e+00
-1.534802244151636241e+00 1.843096970353284934e-03 0.000000000000000000e+00 -1.923225112687880212e-01 7.898268918465300992e-01 0.000000000000000000e+00
-1.777400625241239762e+00 -5.181173984187967957e-03 0.000000000000000000e+00 6.416404461451616359e-02 1.132420851863476408e+00 0.000000000000000000e+00
-1.381457138481220204e+00 2.249744172864392641e-03 0.000000000000000000e+00 -2.322821653947685638e-01 5.516615471945669480e-01 0.000000000000000000e+00
-1.809225315961234370e+00 1.223989784815726276e-03 0.000000000000000000e+00 4.684074578398624011e-03 1.175074601967722288e+00 0.000000000000000000e+00
-1.347076545103690570e+00 1.631442635670405511e-03 0.000000000000000000e+00 2.367983291566463644e-01 4.953353724583836049e-01 0.000000000000000000e+00
-1.782964582790096175e+00 2.237946808080919225e-03 0.000000000000000000e+00 -6.021111042121476964e-02 1.139802220957102818e+00 0.000000000000000000e+00
-1.528861894918635889e+00 3.166254471823545802e-03 0.000000000000000000e+00 1.983619019283616169e-01 7.799594387179934474e-01 0.000000000000000000e+00
-1.735956062169230929e+00 -4.672276877463181488e-03 0.000000000000000000e+00 -9.373318136957461966e-02 1.076550365124899766e+00 0.000000000000000000e+00
-1.492165402596491663e+00 -2.518061821751564622e-03 0.000000000000000000e+00 1.940369502590121309e-01 7.289342407226687692e-01 0.000000000000000000e+00
-1.739568577146083150e+00 1.739412578714329138e-03 0.000000000000000000e+00 -3.893201141510221897e-02 1.084609991374320792e+00 0.000000000000000000e+00
-1.161086795741340438e+00 -4.662335678817970674e-04 0.000000000000000000e+00 2.005943143869929612e-01 1.804628622548807571e-01 0.000000000000000000e+00
-1.105141493793507568e+00 -2.051223708848500318e-05 0.000000000000000000e+00 -1.662648553656270733e-01 7.478273496212677063e-02 0.000000000000000000e+00
-1.740881253746741297e+00 -2.208499763136391805e-03 0.000000000000000000e+00 3.433162902486423806e-02 1.086471021521731473e+00 0.000000000000000000e+00
-1.481063636939194073e+00 4.653749928199887170e-04 0.000000000000000000e+00 -1.980451457039955621e-01 7.119055599354680020e-01 0.000000000000000000e+00
-1.733070300865237279e+00 -1.498273411355326157e-03 0.000000000000000000e+00 8.857664280131033463e-02 1.073216282456796122e+00 0.000000000000000000e+00
-1.538718040921124075e+00 -2.379856512577526069e-03 0.000000000000000000e+00 -1.932712348534219582e-01 7.950989143211927290e-01 0.000000000000000000e+00
-1.777735664520550207e+00 -2.490293307210535850e-03 0.000000000000000000e+00 6.710064875010547658e-02 1.132675921386876672e+00 0.000000000000000000e+00
-1.377946306776101304e+00 -1.985096762434277601e-03 0.000000000000000000e+00 -2.346379429431346975e-01 5.451901853754645977e-01 0.000000000000000000e+00
-1.810483006724531219e+00 -5.153585546449448648e-03 0.000000000000000000e+00 -1.822350426173799734e-03 1.176701089001783274e+00 0.000000000000000000e+00
-1.363129118690883601e+00 -6.817353184878291450e-04 0.000000000000000000e+00 2.350415098476749953e-01 5.217327382130758640e-01 0.000000000000000000e+00
-1.780269907705571697e+00 -4.495718858296859910e-03 0.000000000000000000e+00 -6.906223553297968776e-02 1.135832198325029907e+00 0.000000000000000000e+00
-1.537104698838891448e+00 2.071699698711980397e-03 0.000000000000000000e+00 1.945210261929968265e-01 7.925270834075825999e-01 0.000000000000000000e+00
-1.733092986356058240e+00 -3.734075437079972803e-03 0.000000000000000000e+00 -9.401246712627894797e-02 1.072788098465627282e+00 0.000000000000000000e+00
-1.486043797951975165e+00 1.532965023120218262e-03 0.000000000000000000e+00 1.971579176253231425e-01 7.193143742647523098e-01 0.000000000000000000e+00
-1.739352843502687929e+00 1.162222355286200715e-03 0.000000000000000000e+00 -3.560793762236344473e-02 1.084443880966186047e+00 0.000000000000000000e+00
-1.081275090994902932e+00 -2.002466058870927285e-05 0.000000000000000000e+00 1.421482757061507674e-01 2.833905183164189823e-02 0.000000000000000000e+00
-1.169716863875953639e+00 2.606350930125238448e-04 0.000000000000000000e+00 -2.040104087506515174e-01 1.964426610561416930e-01 0.000000000000000000e+00
-1.737183820672296708e+00 4.304862637672851600e-03 0.000000000000000000e+00 4.555127904677844231e-02 1.081258843359974575e+00 0.000000000000000000e+00
-1.501763364691104830e+00 2.264363599756236134e-03 0.000000000000000000e+00 -1.908852426541774450e-01 7.434563832203429090e-01 0.000000000000000000e+00
-1.739703440646990007e+00 3.220146423899686305e-03 0.000000000000000000e+00 9.436127990326634296e-02 1.081377683676907564e+00 0.000000000000000000e+00
-1.517726542919137334e+00 -3.528554010498872323e-03 0.000000000000000000e+00 -2.037390635489443880e-01 7.627922297605553847e-01 0.000000000000000000e+00
-1.790332745928496561e+00 2.964938186983717000e-03 0.000000000000000000e+00 5.490389972562248477e-02 1.149555149279093191e+00 0.000000000000000000e+00
-1.294414753652063599e+00 1.758885653218703049e-03 0.000000000000000000e+00 -2.363286596536052775e-01 4.085195736721335402e-01 0.000000000000000000e+00
-1.808071037256416602e+00 8.994835264008287090e-04 0.000000000000000000e+00 -1.424899649026522414e-02 1.173520936173777063e+00 0.000000000000000000e+00
-1.422861497771248818e+00 8.198658100129138648e-05 0.000000000000000000e+00 2.271666707517715211e-01 6.169742127817221533e-01 0.000000000000000000e+00
-1.767872650235045029e+00 -2.694983454270556689e-03 0.000000000000000000e+00 -7.822225392316484172e-02 1.119217343798578845e+00 0.000000000000000000e+00
-1.536414240507527396e+00 -1.941512771188797989e-03 0.000000000000000000e+00 1.888311286032760827e-01 7.929337491933314830e-01 0.000000000000000000e+00
-1.734469140786655039e+00 1.693213335321401558e-03 0.000000000000000000e+00 -7.919197228697827384e-02 1.075774059733456856e+00 0.000000000000000000e+00
-1.447562544523151473e+00 1.741149953340168088e-03 0.000000000000000000e+00 2.087873393956069801e-01 6.599898587577983644e-01 0.000000000000000000e+00
-1.746989123525818366e+00 4.899992736324888798e-03 0.000000000000000000e+00 -2.552355703433732345e-02 1.094646418965810941e+00 0.000000000000000000e+00
-1.182362698784395816e+00 7.634976212072229484e-04 0.000000000000000000e+00 -2.090803320840077528e-01 2.189752147710997687e-01 0.000000000000000000e+00
-1.744480158915463264e+00 4.235125781334683759e-03 0.000000000000000000e+00 4.059004154272684295e-02 1.090933791238648531e+00 0.000000000000000000e+00
-1.472469691554421534e+00 3.398720414854013161e-03 0.000000000000000000e+00 -2.005283717255209042e-01 6.988058706485519300e-01 0.000000000000000000e+00
-1.736845034214035799e+00 5.623168915926263223e-04 0.000000000000000000e+00 8.403257596211638480e-02 1.078502716960356267e+00 0.000000000000000000e+00
-1.529895373629500455e+00 3.156280708649428224e-03 0.000000000000000000e+00 -1.924454339873996889e-01 7.828980055972490915e-01 0.000000000000000000e+00
-1.773877468393264767e+00 2.151684057218869461e-03 0.000000000000000000e+00 7.048655408781401288e-02 1.127490230933444693e+00 0.000000000000000000e+00
-1.394310611402492794e+00 -2.203604054498858184e-03 0.000000000000000000e+00 -2.320794714246466328e-01 5.716278736188622478e-01 0.000000000000000000e+00
-1.807300322016064609e+00 -7.631176161644187550e-04 0.000000000000000000e+00 8.866783726333675106e-03 1.172587784578138947e+00 0.000000000000000000e+00
-1.312637596934122186e+00 -7.752202288475833203e-04 0.000000000000000000e+00 2.366787857098610059e-01 4.390640068972120336e-01 0.000000000000000000e+00
-1.787652954164120178e+00 2.710975509921248472e-04 0.000000000000000000e+00 -5.381644471809184788e-02 1.146157080113299642e+00 0.000000000000000000e+00
-1.513323980264938973e+00 2.486648396484249235e-03 0.000000000000000000e+00 2.037818607722639563e-01 7.565192766159243298e-01 0.000000000000000000e+00
-1.741716689177887467e+00 -2.254322711828390946e-03 0.000000000000000000e+00 -9.000906285702774123e-02 1.084369740999183929e+00 0.000000000000000000e+00
-1.500992795876634478e+00 -2.384205387585977554e-03 0.000000000000000000e+00 1.927805031799431634e-01 7.418709980367381718e-01 0.000000000000000000e+00
-1.739457073846904400e+00 -4.509864135017999098e-03 0.000000000000000000e+00 -5.042665347160085049e-02 1.083999529444797272e+00 0.000000000000000000e+00
-1.241572979306858837e+00 -8.494728123666799892e-04 0.000000000000000000e+00 2.220530708583233204e-01 3.243414508821288456e-01 0.000000000000000000e+00
-1.746370290084019672e+00 -1.426219842648443481e-03 0.000000000000000000e+00 2.188347131583325000e-02 1.093915328076593418e+00 0.000000000000000000e+00
-1.436786101724280673e+00 3.191317928215031685e-04 0.000000000000000000e+00 -2.095698762742884136e-01 6.438476307653612229e-01 0.000000000000000000e+00
-1.730460449690526037e+00 2.508122338114017469e-03 0.000000000000000000e+00 8.250205861291040610e-02 1.070299295290205510e+00 0.000000000000000000e+00
-1.545495434223272291e+00 -9.282605800959020659e-04 0.000000000000000000e+00 -1.859637704228224997e-01 8.063225874657846681e-01 0.000000000000000000e+00
-1.768318100702883422e+00 -2.697239889100276622e-03 0.000000000000000000e+00 7.899775322608837413e-02 1.119740017038979296e+00 0.000000000000000000e+00
-1.422609578374382622e+00 -3.783754018226691274e-04 0.000000000000000000e+00 -2.284623351186267082e-01 6.161178133637759124e-01 0.000000000000000000e+00
-1.812865999291062957e+00 -4.984152231109924974e-03 0.000000000000000000e+00 6.051735677086065093e-03 1.179735763744311550e+00 0.000000000000000000e+00
-1.344425154001120060e+00 -1.036794221069410778e-03 0.000000000000000000e+00 2.368670225889122904e-01 4.910402625080944050e-01 0.000000000000000000e+00
-1.784049715297737038e+00 -3.396371265574370246e-03 0.000000000000000000e+00 -6.811254063324373442e-02 1.140760076796201394e+00 0.000000000000000000e+00
-1.548529194062199021e+00 -2.619272897141308037e-03 0.000000000000000000e+00 1.892207172963502604e-01 8.098086004967119944e-01 0.000000000000000000e+00
-1.728476642702479804e+00 -3.374337525737972077e-03 0.000000000000000000e+00 -9.995242356123597294e-02 1.066220447872067378e+00 0.000000000000000000e+00
-1.481327079303050187e+00 2.327052080974181814e-03 0.000000000000000000e+00 1.955573927308371651e-01 7.129775512411262728e-01 0.000000000000000000e+00
-1.733840540913734518e+00 -3.077171241411061353e-03 0.000000000000000000e+00 -2.667787114990212427e-02 1.077541413766855971e+00 0.000000000000000000e+00
-1.307561565092500988e+00 9.448107576607682467e-04 0.000000000000000000e+00 -2.228923136404780125e-01 4.378707222086281048e-01 0.000000000000000000e+00
-1.715810665092828202e+00 -2.272076607354706068e-03 0.000000000000000000e+00 7.014156525623979621e-02 1.052049959042659744e+00 0.000000000000000000e+00
-1.578082507396943335e+00 8.732091747813350291e-04 0.000000000000000000e+00 -1.625126295191665349e-01 8.563833921568771990e-01 0.000000000000000000e+00
-2.122541144843109073e+00 2.738713502106341138e-03 0.000000000000000000e+00 2.367723804279527056e-04 1.565097624945302357e+00 0.000000000000000000e+00
1.038206720025220298e+00 -3.517635409311208050e-04 0.000000000000000000e+00 -6.975147261012279443e-02 1.074857395871755411e-01 0.000000000000000000e+00
-1.580228019104222836e+00 -2.020456331308768949e-03 0.000000000000000000e+00 1.601996598816408102e-01 8.597656496827710271e-01 0.000000000000000000e+00
-1.714563882430677033e+00 -3.227313634590646407e-04 0.000000000000000000e+00 -7.130959851646050118e-02 1.050338504256999705e+00 0.000000000000000000e+00
-1.294557139443912597e+00 1.739689673557664063e-03 0.000000000000000000e+00 2.237366425733569864e-01 4.157930570042677187e-01 0.000000000000000000e+00
-1.731991251569618750e+00 -3.600689097806598123e-03 0.000000000000000000e+00 2.562145791685972035e-02 1.075163544852542286e+00 0.000000000000000000e+00
-1.495029359081966547e+00 1.001581513512005139e-03 0.000000000000000000e+00 -1.894764668704029542e-01 7.342229253247314347e-01 0.000000000000000000e+00
-1.742154552933561362e+00 -4.779090143224078158e-03 0.000000000000000000e+00 9.373196587019937132e-02 1.084632207794034908e+00 0.000000000000000000e+00
-1.510510598528528092e+00 -2.204157839732653196e-03 0.000000000000000000e+00 -2.075623852728665786e-01 7.514800159166701299e-01 0.000000000000000000e+00
-1.800815053204769978e+00 2.849644966679051178e-03 0.000000000000000000e+00 4.414445603141022023e-02 1.163480472484364370e+00 0.000000000000000000e+00
-1.188750636842756503e+00 2.812685596431906132e-04 0.000000000000000000e+00 -2.186948053464212449e-01 2.233728430687384470e-01 0.000000000000000000e+00
-1.805279431945061130e+00 3.969230774805451376e-03 0.000000000000000000e+00 -3.090191760118480430e-02 1.169632191841532443e+00 0.000000000000000000e+00
-1.491055914681548078e+00 3.249084584100149498e-03 0.000000000000000000e+00 2.140420596361743699e-01 7.217185772648755382e-01 0.000000000000000000e+00
-1.748275015235092322e+00 3.965708454417779527e-04 0.000000000000000000e+00 -9.360256799266578054e-02 1.092601095723852112e+00 0.000000000000000000e+00
-1.510118188081808199e+00 3.010403448104222168e-04 0.000000000000000000e+00 1.881774031917187451e-01 7.560091987443242623e-01 0.000000000000000000e+00
-1.733918853681922112e+00 -1.810494039431856383e-03 0.000000000000000000e+00 -4.331173451435291200e-02 1.077101316435086886e+00 0.000000000000000000e+00
-1.118051194599918752e+00 3.659450305007424555e-04 0.000000000000000000e+00 1.761333128768601264e-01 1.001001690282224410e-01 0.000000000000000000e+00
-1.150808580935457126e+00 -4.900973077487559429e-04 0.000000000000000000e+00 -1.955868680013076732e-01 1.618089747828552749e-01 0.000000000000000000e+00
-1.733250855760803955e+00 -4.800703425823078102e-03 0.000000000000000000e+00 4.129837837875337259e-02 1.076318834533436686e+00 0.000000000000000000e+00
-1.516099632139063624e+00 2.593626397371117699e-04 0.000000000000000000e+00 -1.860672881889509078e-01 7.649937000824937883e-01 0.000000000000000000e+00
-1.754509379862526641e+00 -1.668727209459583416e-03 0.000000000000000000e+00 9.199577143796139334e-02 1.100840759815604919e+00 0.000000000000000000e+00
-1.470465648864924368e+00 -2.804872028910124215e-03 0.000000000000000000e+00 -2.202148331170734052e-01 6.899285742990803882e-01 0.000000000000000000e+00
