1.001986816202856012e+00 -1.152872692058077827e-03 0.000000000000000000e+00 -4.113576766842154397e-02 3.618147119884824736e-01 0.000000000000000000e+00
8.851109343301757360e-01 -5.646977534312170102e-04 0.000000000000000000e+00 4.920610199871050527e-02 2.103461210785303459e-01 0.000000000000000000e+00
8.183675669887172655e-01 -1.138992244785264236e-03 0.000000000000000000e+00 1.525867793007256168e-01 3.041212201004858118e-01 0.000000000000000000e+00
7.751566434700085662e-01 6.981234087287992163e-04 0.000000000000000000e+00 2.023903540692110758e-01 3.763446225498149333e-01 0.000000000000000000e+00
6.392972600382873516e-01 1.215166221820619978e-03 0.000000000000000000e+00 -1.065122895125802244e-02 7.330836903120916404e-01 0.000000000000000000e+00
8.027844314902454759e-01 -9.558944718563678819e-04 0.000000000000000000e+00 -1.860434560963449557e-01 3.211192699487263047e-01 0.000000000000000000e+00
7.105956365580612388e-01 7.196809177990269851e-04 0.000000000000000000e+00 -7.321397603825527400e-02 5.613473165071735105e-01 0.000000000000000000e+00
7.243405221527094984e-01 2.428114588724966660e-03 0.000000000000000000e+00 1.125409411942666915e-01 5.236724308368090330e-01 0.000000000000000000e+00
8.203783738076613208e-01 -1.359380371165142551e-03 0.000000000000000000e+00 1.904081039163179612e-01 2.772232649172958752e-01 0.000000000000000000e+00
7.010537265248339978e-01 -4.090348928602119405e-04 0.000000000000000000e+00 -2.581444898932850895e-01 5.278221606687854006e-01 0.000000000000000000e+00
6.095550267104508091e-01 3.999850639053579258e-03 0.000000000000000000e+00 -7.714577685473408830e-02 8.042227802561840999e-01 0.000000000000000000e+00
6.313823021954227954e-01 2.622404023775589191e-03 0.000000000000000000e+00 1.647442815983833908e-01 7.344844901853326835e-01 0.000000000000000000e+00
7.872540136589704085e-01 5.771524337601623839e-05 0.000000000000000000e+00 2.615651228746689316e-01 3.058990514525645743e-01 0.000000000000000000e+00
5.823471486277780329e-01 -2.648596710807131493e-03 0.000000000000000000e+00 2.758086704521224841e-01 8.350553641122111515e-01 0.000000000000000000e+00
5.298971320312577671e-01 3.295101915332323324e-03 0.000000000000000000e+00 2.948871423027045816e-02 1.026408957190259486e+00 0.000000000000000000e+00
5.621018628916942816e-01 -2.016740418030807391e-04 0.000000000000000000e+00 -2.280591271390010333e-01 9.064929290125354200e-01 0.000000000000000000e+00
7.123984870738423458e-01 1.866545015864320110e-03 0.000000000000000000e+00 -3.197295756972888259e-01 4.622831680301906498e-01 0.000000000000000000e+00
8.238900899425931623e-01 2.732203000383277500e-04 0.000000000000000000e+00 2.670158656782763984e-01 1.930029088458410924e-01 0.000000000000000000e+00
8.221571354670076381e-01 -6.283671638217793939e-04 0.000000000000000000e+00 -2.286853645764299059e-01 2.418420924529475768e-01 0.000000000000000000e+00
6.344721585508187323e-01 -2.387874915419793687e-03 0.000000000000000000e+00 4.305110532253525468e-02 7.438180464271930692e-01 0.000000000000000000e+00
7.945687474965663633e-01 6.831723948650357536e-05 0.000000000000000000e+00 -1.962629397584766955e-01 3.342799748679895488e-01 0.000000000000000000e+00
7.468662518003608142e-01 1.407198605494519236e-03 0.000000000000000000e+00 -1.532640415695610270e-01 4.620474616703451609e-01 0.000000000000000000e+00
7.023008038994394964e-01 -6.992328369837563264e-04 0.000000000000000000e+00 1.433167074438301998e-02 5.845662422338208097e-01 0.000000000000000000e+00
7.630641715166757155e-01 1.826714253444925318e-03 0.000000000000000000e+00 1.671448359344497314e-01 4.204926942346262075e-01 0.000000000000000000e+00
7.565545353502138859e-01 -1.768448696544722663e-03 0.000000000000000000e+00 1.929835378896408993e-01 4.243855270027587223e-01 0.000000000000000000e+00
6.606744089165008660e-01 6.246253955130873052e-04 0.000000000000000000e+00 7.600232485242842950e-02 6.771219953261771174e-01 0.000000000000000000e+00
6.728481791996214767e-01 5.725415975803430438e-04 0.000000000000000000e+00 -1.192178744613037744e-01 6.415775411758524172e-01 0.000000000000000000e+00
7.982073251214669707e-01 1.470881878021936678e-03 0.000000000000000000e+00 -1.783486917223451873e-01 3.358856422610483339e-01 0.000000000000000000e+00
7.081328384132125064e-01 -3.347672555899239288e-04 0.000000000000000000e+00 4.091764287856063109e-03 5.716018737838197694e-01 0.000000000000000000e+00
8.065678961907327693e-01 1.256101366424550560e-03 0.000000000000000000e+00 1.792632080378694925e-01 3.163035200281834047e-01 0.000000000000000000e+00
6.487938327249422876e-01 -9.543575880083992116e-05 0.000000000000000000e+00 5.683517487479244901e-02 7.076861376512548762e-01 0.000000000000000000e+00
7.023883862021198521e-01 1.021631233383994697e-03 0.000000000000000000e+00 -1.836579966775866435e-01 5.549449156818681006e-01 0.000000000000000000e+00
8.042313766363002880e-01 -5.236273700857635004e-04 0.000000000000000000e+00 2.213949265015523471e-01 2.942415067256277106e-01 0.000000000000000000e+00
7.974929971282306296e-01 -1.277583707802754445e-03 0.000000000000000000e+00 2.783296870260992817e-01 2.612604169106396701e-01 0.000000000000000000e+00
8.184703163471256371e-01 5.432608323201449339e-04 0.000000000000000000e+00 -2.865614620862184103e-01 1.830842185512114584e-01 0.000000000000000000e+00
5.532700618665511438e-01 -2.497899037034521322e-03 0.000000000000000000e+00 2.483158300275277730e-01 9.267725274281607417e-01 0.000000000000000000e+00
5.233949095639189864e-01 -4.036107162754501432e-03 0.000000000000000000e+00 -9.647252993041419145e-02 1.041637330330022593e+00 0.000000000000000000e+00
6.464512308230498938e-01 1.135715801315398399e-04 0.000000000000000000e+00 -3.438389124032444899e-01 6.276617916586106904e-01 0.000000000000000000e+00
6.569981187319557936e-01 7.239415003487794167e-04 0.000000000000000000e+00 3.461202935743691866e-01 5.971194974065708871e-01 0.000000000000000000e+00
5.214909762834796236e-01 -4.799658843406121034e-03 0.000000000000000000e+00 1.109151537124523634e-01 1.045901071820355632e+00 0.000000000000000000e+00
5.527194994105416592e-01 4.527361598571970347e-03 0.000000000000000000e+00 -2.556578478075323679e-01 9.263497630989340204e-01 0.000000000000000000e+00
7.859417168382270003e-01 -5.855129568351031752e-04 0.000000000000000000e+00 3.141268128113851588e-01 2.558863969880383893e-01 0.000000000000000000e+00
8.017240710339287313e-01 -8.881097762994533129e-04 0.000000000000000000e+00 -3.099440599752500969e-01 2.079566674314192731e-01 0.000000000000000000e+00
5.091546302792913092e-01 -3.841303301427964959e-03 0.000000000000000000e+00 1.533829207993125110e-01 1.078322797873649597e+00 0.000000000000000000e+00
5.646555157251963442e-01 -3.368131555915114192e-03 0.000000000000000000e+00 -3.165856300845902860e-01 8.719456314352461712e-01 0.000000000000000000e+00
6.037168768630114535e-01 -1.670235643351255031e-03 0.000000000000000000e+00 3.659009933186913033e-01 7.372304040327626318e-01 0.000000000000000000e+00
4.993393470498463382e-01 3.484921239823798172e-03 0.000000000000000000e+00 -8.255570134733178356e-02 1.116545592684760946e+00 0.000000000000000000e+00
7.396888558972800620e-01 -1.833969326915096953e-04 0.000000000000000000e+00 -3.296798533967998934e-01 3.788721979442312704e-01 0.000000000000000000e+00
6.292180449777489137e-01 6.814655895319779444e-04 0.000000000000000000e+00 3.233585911541657643e-01 6.857331605506762351e-01 0.000000000000000000e+00
5.344988994195308818e-01 5.881332625700102373e-05 0.000000000000000000e+00 1.184208402256442111e-01 1.006422714769252824e+00 0.000000000000000000e+00
5.423235170310947151e-01 4.698905864240168762e-03 0.000000000000000000e+00 -1.741167749878391180e-01 9.751973305491008492e-01 0.000000000000000000e+00
6.666050798629248320e-01 -2.725560489232118494e-03 0.000000000000000000e+00 -3.305152982546075147e-01 5.796686211926940224e-01 0.000000000000000000e+00
7.254255435253469386e-01 -1.637148007441354552e-03 0.000000000000000000e+00 3.311986101275040673e-01 4.179388202256643092e-01 0.000000000000000000e+00
5.174474201998452427e-01 2.113809248344157218e-03 0.000000000000000000e+00 1.326559627664412044e-01 1.055673536325209660e+00 0.000000000000000000e+00
5.555987741761760912e-01 -3.663348023521742144e-03 0.000000000000000000e+00 -2.750379887225976039e-01 9.123322446316317613e-01 0.000000000000000000e+00
6.850181093235948593e-01 9.600588750226573750e-04 0.000000000000000000e+00 3.671668300759799997e-01 5.048301790508373799e-01 0.000000000000000000e+00
4.930500596419953308e-01 4.712591412398822038e-03 0.000000000000000000e+00 6.240847739127737201e-04 1.139371541747878247e+00 0.000000000000000000e+00
6.737748849326512524e-01 -1.471008310629334098e-03 0.000000000000000000e+00 -3.712111928334389521e-01 5.340561477429072168e-01 0.000000000000000000e+00
5.491138741315098049e-01 -2.310051869466336200e-03 0.000000000000000000e+00 2.782434451664939079e-01 9.305338936375047165e-01 0.000000000000000000e+00
5.183692324418299746e-01 -2.543821889435798813e-03 0.000000000000000000e+00 -1.560083896821978233e-01 1.049661773723930658e+00 0.000000000000000000e+00
7.779708325721601536e-01 -7.324918382612998283e-04 0.000000000000000000e+00 -2.897170812452390387e-01 3.061600063422859619e-01 0.000000000000000000e+00
8.171482365844684459e-01 1.016634513718802507e-03 0.000000000000000000e+00 -2.059140517841368534e-01 2.738785099726179784e-01 0.000000000000000000e+00
8.845333564687714034e-01 2.734504859421269841e-04 0.000000000000000000e+00 1.778579288913091916e-01 1.243796844305579130e-01 0.000000000000000000e+00
1.009159480788940133e+00 2.808823066813156358e-04 0.000000000000000000e+00 1.597587805605128475e-01 1.406681977338121725e-01 0.000000000000000000e+00
-1.281702310148409296e+00 -2.051163389945213217e-03 0.000000000000000000e+00 -1.821050709790724698e-01 4.137010499202665170e-01 0.000000000000000000e+00
-1.465931970565870657e+00 -1.995539456333500668e-03 0.000000000000000000e+00 -1.018783011704647301e-01 7.099270607344756456e-01 0.000000000000000000e+00
-1.525006942009706101e+00 1.085370677412259097e-03 0.000000000000000000e+00 1.438716123998790355e-02 7.987493240646486026e-01 0.000000000000000000e+00
-1.429774630466730256e+00 1.607110066965195677e-03 0.000000000000000000e+00 1.263617022244316879e-01 6.543794562708868945e-01 0.000000000000000000e+00
-1.290966273513172613e+00 6.865089870273528155e-04 0.000000000000000000e+00 1.880157754767720624e-01 4.261370374889649204e-01 0.000000000000000000e+00
-1.552257221145844301e+00 -2.358403388901846292e-03 0.000000000000000000e+00 1.522543021901005544e-01 8.221064752557363242e-01 0.000000000000000000e+00
-1.700235479133227035e+00 -5.395891831109569936e-04 0.000000000000000000e+00 -2.094083877790935133e-02 1.033319083062011590e+00 0.000000000000000000e+00
-1.454389081101752801e+00 2.982162559537482327e-03 0.000000000000000000e+00 -1.879530149746495293e-01 6.754051942297876199e-01 0.000000000000000000e+00
-1.852260767316410428e+00 -3.421481047765927153e-03 0.000000000000000000e+00 7.215580646545956267e-02 1.227398099840829593e+00 0.000000000000000000e+00
-1.440366791296550986e+00 -2.779945248451480555e-03 0.000000000000000000e+00 2.418897054100806743e-01 6.370117969064328367e-01 0.000000000000000000e+00
-1.716159494708413558e+00 -2.312433302389393930e-03 0.000000000000000000e+00 -1.647336761467262378e-01 1.041412408078913332e+00 0.000000000000000000e+00
-1.898078263746831862e+00 -1.942068886999150264e-03 0.000000000000000000e+00 7.742432154126612995e-03 1.287405086369881824e+00 0.000000000000000000e+00
-1.684590513603702266e+00 -2.178889762030244287e-03 0.000000000000000000e+00 1.778187477822114615e-01 9.972661465957549654e-01 0.000000000000000000e+00
-1.487512422287269320e+00 4.650290670331694298e-04 0.000000000000000000e+00 -2.363707864345999388e-01 7.088312776322334141e-01 0.000000000000000000e+00
-1.862387729740315301e+00 -2.162737468983481903e-03 0.000000000000000000e+00 -7.057008441471329663e-02 1.240352180369211688e+00 0.000000000000000000e+00
-1.569789865434639609e+00 1.249348859055943086e-03 0.000000000000000000e+00 1.692358337710990479e-01 8.430559210633441491e-01 0.000000000000000000e+00
-1.717007147128426059e+00 1.587976714253765131e-03 0.000000000000000000e+00 -7.527012427043244802e-02 1.052779895404793109e+00 0.000000000000000000e+00
-1.359971486198176871e+00 2.935219098147215377e-04 0.000000000000000000e+00 2.190598748426372255e-01 5.227470502164959232e-01 0.000000000000000000e+00
-1.738503214146858156e+00 -2.806871364653323875e-03 0.000000000000000000e+00 5.156395681350463278e-03 1.083450713079246785e+00 0.000000000000000000e+00
-1.413517810442457723e+00 2.273565026206701700e-03 0.000000000000000000e+00 -2.097329403953069049e-01 6.083259977687572873e-01 0.000000000000000000e+00
-1.714735644151896388e+00 3.128918124770348197e-03 0.000000000000000000e+00 8.800594899528516035e-02 1.048818410420934377e+00 0.000000000000000000e+00
-1.576366767980225791e+00 3.298295556952393626e-03 0.000000000000000000e+00 -1.673106144617314550e-01 8.525106628053265023e-01 0.000000000000000000e+00
-1.822454575139099697e+00 1.309714760822103252e-03 0.000000000000000000e+00 7.862574771742206203e-02 1.188972114711182693e+00 0.000000000000000000e+00
-1.269185298602228062e+00 9.715838732857950619e-04 0.000000000000000000e+00 2.422493849854176484e-01 3.592871244466652181e-01 0.000000000000000000e+00
-1.789747000839455149e+00 -4.750445594273927652e-03 0.000000000000000000e+00 -1.089900065794609518e-01 1.144502246073428209e+00 0.000000000000000000e+00
1.043644518238570074e+00 2.402569568075425366e-04 0.000000000000000000e+00 7.285415798292876888e-02 1.001785732940846663e-01 0.000000000000000000e+00
-2.180295516825866198e+00 7.843469854579107614e-03 0.000000000000000000e+00 -1.065534976622045660e-02 1.634626183171071334e+00 0.000000000000000000e+00
-2.200208563852334542e+00 3.235066862783606695e-03 0.000000000000000000e+00 -5.800715034754567317e-02 1.657598310701247524e+00 0.000000000000000000e+00
-2.131502764263222272e+00 6.716315596017555234e-03 0.000000000000000000e+00 -1.143898832787463987e-01 1.571505709872882850e+00 0.000000000000000000e+00
-1.999565503642013908e+00 -2.128400068413999202e-03 0.000000000000000000e+00 -1.830683388411945833e-01 1.402154348387785632e+00 0.000000000000000000e+00
-1.806449998669821699e+00 -4.800867795015373307e-03 0.000000000000000000e+00 -2.461591550207332391e-01 1.144946570605214209e+00 0.000000000000000000e+00
-1.532361305160301779e+00 2.132779521102517485e-03 0.000000000000000000e+00 -2.934856349747744231e-01 7.538332988711353710e-01 0.000000000000000000e+00
-1.355260588625296858e+00 4.289464932367196247e-04 0.000000000000000000e+00 2.974501638868072284e-01 4.744429897285182829e-01 0.000000000000000000e+00
-1.698460925993687365e+00 3.033031701167095140e-03 0.000000000000000000e+00 2.702274147033770224e-01 9.951724542919979655e-01 0.000000000000000000e+00
-1.922424346827953379e+00 3.785467702220375423e-03 0.000000000000000000e+00 2.115596829013695612e-01 1.300920014965680771e+00 0.000000000000000000e+00
-2.081085563643251923e+00 -6.277288184910263975e-03 0.000000000000000000e+00 1.419294505295102815e-01 1.507618073268385483e+00 0.000000000000000000e+00
-2.177673610162527140e+00 2.659837209064193006e-03 0.000000000000000000e+00 8.810182334092692136e-02 1.629105461090452067e+00 0.000000000000000000e+00
-2.205925447042110576e+00 1.670270895452727333e-03 0.000000000000000000e+00 3.308415118318136505e-02 1.665151827172498322e+00 0.000000000000000000e+00
-1.908666630460008617e+00 2.237854435628128247e-03 0.000000000000000000e+00 7.628580908601223509e-02 1.298505913039125881e+00 0.000000000000000000e+00
-1.663688822048873028e+00 -3.253917669329744675e-03 0.000000000000000000e+00 2.035750861514850074e-01 9.641866447636003867e-01 0.000000000000000000e+00
-1.393698106408212345e+00 2.012202284537925601e-03 0.000000000000000000e+00 -2.582529729845052247e-01 5.584266561043559340e-01 0.000000000000000000e+00
-1.812321442888936485e+00 -2.815934275266111092e-03 0.000000000000000000e+00 -1.449367801362157759e-01 1.169675843127417458e+00 0.000000000000000000e+00
-1.951821644466437355e+00 1.855529865573284781e-03 0.000000000000000000e+00 -1.405688389631675611e-02 1.354684076899366874e+00 0.000000000000000000e+00
-1.833389678290540115e+00 1.907812231206618137e-03 0.000000000000000000e+00 1.209180936799977013e-01 1.199437572471967695e+00 0.000000000000000000e+00
-1.413430080084443707e+00 -4.183634257618352309e-05 0.000000000000000000e+00 2.540284151742380203e-01 5.910638693197771687e-01 0.000000000000000000e+00
-1.682119493466428084e+00 -2.278136311873665831e-04 0.000000000000000000e+00 -1.926004049350366065e-01 9.912058672179160368e-01 0.000000000000000000e+00
-1.913016213110426911e+00 4.092628411960091972e-03 0.000000000000000000e+00 -4.389514506755834433e-02 1.305473688058602422e+00 0.000000000000000000e+00
-1.739106747620745352e+00 -4.094019529321209216e-03 0.000000000000000000e+00 1.289033773339044453e-01 1.076561782604581463e+00 0.000000000000000000e+00
-1.462319225944586965e+00 -3.697867431862525422e-04 0.000000000000000000e+00 -2.305228942770746470e-01 6.738152934449557208e-01 0.000000000000000000e+00
-1.845340531933577388e+00 -3.312037742041296345e-03 0.000000000000000000e+00 -2.917008014551952452e-02 1.220379850111704023e+00 0.000000000000000000e+00
-1.610158758598944306e+00 1.975827279089111075e-03 0.000000000000000000e+00 1.879979554895692961e-01 8.946908534451184503e-01 0.000000000000000000e+00
-1.655526995771213095e+00 -4.685236882440123318e-04 0.000000000000000000e+00 -1.691114000236599857e-01 9.598594298435343397e-01 0.000000000000000000e+00
-1.847720453516915162e+00 2.810614241420546222e-03 0.000000000000000000e+00 4.361735704024568422e-02 1.222974311452786678e+00 0.000000000000000000e+00
-1.444949762514235125e+00 -8.327816988160721690e-04 0.000000000000000000e+00 2.353166797757049178e-01 6.463278636829052903e-01 0.000000000000000000e+00
-1.740107949537581744e+00 2.162201336464678048e-03 0.000000000000000000e+00 -1.350085411511423306e-01 1.077119531002838304e+00 0.000000000000000000e+00
-1.893447454484537218e+00 -2.293040545933065777e-03 0.000000000000000000e+00 4.408073741328284029e-02 1.280841115512854511e+00 0.000000000000000000e+00
-1.619279596754032990e+00 1.802842490172262835e-03 0.000000000000000000e+00 2.079811655257705616e-01 9.027826895576454014e-01 0.000000000000000000e+00
-1.550916168369530057e+00 -8.971311096437270538e-04 0.000000000000000000e+00 -2.265635254238880236e-01 8.029089090439194276e-01 0.000000000000000000e+00
-1.877668482010159456e+00 -2.458178547248283247e-03 0.000000000000000000e+00 -6.788548264543983746e-02 1.259865884062405961e+00 0.000000000000000000e+00
-1.539064300890513604e+00 -3.647844995743679264e-03 0.000000000000000000e+00 1.720318018384259517e-01 7.998241408911930250e-01 0.000000000000000000e+00
-1.722601647076865028e+00 2.271519532454874951e-03 0.000000000000000000e+00 -4.572231803316059717e-02 1.061784926069987867e+00 0.000000000000000000e+00
-1.172126132683252830e+00 -4.364789920946431090e-04 0.000000000000000000e+00 -2.018354771949231186e-01 2.014874646758790799e-01 0.000000000000000000e+00
-1.718997718173070233e+00 3.642875641837517442e-03 0.000000000000000000e+00 5.748346920495017720e-02 1.056508913950760853e+00 0.000000000000000000e+00
-1.552567711601109846e+00 -2.899454868854858813e-03 0.000000000000000000e+00 -1.707556238143259908e-01 8.188999170040367481e-01 0.000000000000000000e+00
-1.998562927077850215e+00 -3.407102074043086293e-03 0.000000000000000000e+00 3.032694052041205734e-02 1.412492872956815138e+00 0.000000000000000000e+00
-1.901249289428276423e+00 -6.034646575299347504e-04 0.000000000000000000e+00 1.204155037825944269e-01 1.285793211721073082e+00 0.000000000000000000e+00
-1.694257898309681654e+00 -1.948952881969959194e-03 0.000000000000000000e+00 2.114211866319476441e-01 1.003670462212718384e+00 0.000000000000000000e+00
-1.272604388125956332e+00 -1.602150857137114859e-03 0.000000000000000000e+00 2.601328820909575290e-01 3.529366381009085840e-01 0.000000000000000000e+00
-1.621075878504854906e+00 1.512767110974637397e-03 0.000000000000000000e+00 -2.326761676785082944e-01 8.992142357428906108e-01 0.000000000000000000e+00
-1.863662350038419957e+00 5.692525403904538650e-03 0.000000000000000000e+00 -1.390119651856064897e-01 1.236192799085966243e+00 0.000000000000000000e+00
-1.981759000995123365e+00 -4.313382080598456014e-03 0.000000000000000000e+00 -5.617094992085766569e-02 1.390865963486670465e+00 0.000000000000000000e+00
-2.252266471835360662e+00 3.021679495772006119e-04 0.000000000000000000e+00 -4.613214887278838799e-02 1.720360446206360638e+00 0.000000000000000000e+00
-2.155801805301451157e+00 -4.024025404623932101e-03 0.000000000000000000e+00 -1.317938219773888142e-01 1.599664201241483674e+00 0.000000000000000000e+00
-1.942200877349755439e+00 -7.141340093276479783e-04 0.000000000000000000e+00 -2.159759997580666113e-01 1.325266689662554231e+00 0.000000000000000000e+00
-1.579320119546646861e+00 1.353247056746127025e-03 0.000000000000000000e+00 -2.957399471982011807e-01 8.211263460166869921e-01 0.000000000000000000e+00
-1.513025140118103629e+00 -4.546725127867398686e-04 0.000000000000000000e+00 3.028604400980998701e-01 7.214369476214888000e-01 0.000000000000000000e+00
-1.905739835038173347e+00 -2.632221317444179143e-03 0.000000000000000000e+00 2.248996562511427766e-01 1.277421648646739349e+00 0.000000000000000000e+00
-2.134646337364699775e+00 4.869973059448582005e-03 0.000000000000000000e+00 1.435293060232589180e-01 1.572936750088681723e+00 0.000000000000000000e+00
-2.246892224667754512e+00 -5.216379035366466854e-03 0.000000000000000000e+00 5.236123379395847544e-02 1.713766824451939286e+00 0.000000000000000000e+00
-2.157491684242727636e+00 -4.749104658900410447e-03 0.000000000000000000e+00 5.094477029114558020e-03 1.607121380050938741e+00 0.000000000000000000e+00
1.038225186324257976e+00 3.869076708688766464e-04 0.000000000000000000e+00 -5.041586423217608859e-02 1.134508357779518972e-01 0.000000000000000000e+00
-1.842298845386785455e+00 5.181414856285371240e-05 0.000000000000000000e+00 9.034924579473299633e-02 1.213499784243710744e+00 0.000000000000000000e+00
-1.398498084805891661e+00 1.964794989056252439e-03 0.000000000000000000e+00 2.500292818942080331e-01 5.696503275596579430e-01 0.000000000000000000e+00
-1.727798653376403593e+00 -2.973942832078177445e-04 0.000000000000000000e+00 -1.612437495635259954e-01 1.057314956677885220e+00 0.000000000000000000e+00
-1.904834599616786139e+00 -1.387984177260048746e-03 0.000000000000000000e+00 4.793515592354656574e-03 1.295921087719760223e+00 0.000000000000000000e+00
-1.708172916340420677e+00 2.878751644878693554e-03 0.000000000000000000e+00 1.731471334740375956e-01 1.029469808658494356e+00 0.000000000000000000e+00
-1.431355515378190058e+00 -1.947846002432144369e-03 0.000000000000000000e+00 -2.474017722504494587e-01 6.212549170523656850e-01 0.000000000000000000e+00
-1.849321258612398378e+00 -2.195854881178183060e-04 0.000000000000000000e+00 -8.734047743394686425e-02 1.222668595400441927e+00 0.000000000000000000e+00
1.028734754313951338e+00 -6.289102321807918394e-04 0.000000000000000000e+00 -1.583921744917131738e-03 1.308824577605622874e-01 0.000000000000000000e+00
-1.836109110706529712e+00 3.950243680503388866e-03 0.000000000000000000e+00 9.386596338822915386e-02 1.205337807853197996e+00 0.000000000000000000e+00
-1.368293314814625017e+00 -4.609559650992772761e-04 0.000000000000000000e+00 2.499927609719563015e-01 5.220358594424179266e-01 0.000000000000000000e+00
-1.746015132267648262e+00 4.685199833640501382e-03 0.000000000000000000e+00 -1.467900449168287880e-01 1.083322977358655681e+00 0.000000000000000000e+00
-1.903804081568271078e+00 -6.416221419962453432e-03 0.000000000000000000e+00 1.391002926406093021e-02 1.294572790603755630e+00 0.000000000000000000e+00
-1.685300140320851403e+00 1.071689226975642076e-03 0.000000000000000000e+00 1.829064892458155400e-01 9.972972444654883972e-01 0.000000000000000000e+00
-1.466323231836908381e+00 -9.613774922832543299e-04 0.000000000000000000e+00 -2.428088206258930404e-01 6.754317382150527571e-01 0.000000000000000000e+00
-1.857118402350293573e+00 -1.263332310288065030e-03 0.000000000000000000e+00 -8.410568011779313846e-02 1.232815433882483713e+00 0.000000000000000000e+00
1.026611478041969727e+00 -4.506762369539343447e-04 0.000000000000000000e+00 -5.725816027570784089e-02 1.210789124797355398e-01 0.000000000000000000e+00
-1.363208607888463764e+00 -7.469130516720694918e-04 0.000000000000000000e+00 4.801391215199719842e-02 5.694558028326641708e-01 0.000000000000000000e+00
-1.177611119455453936e+00 6.428192827617595223e-04 0.000000000000000000e+00 1.336061881902650406e-01 2.615886681118210766e-01 0.000000000000000000e+00
-1.331351696739182966e+00 -1.621026962774878288e-03 0.000000000000000000e+00 -7.286029380270406253e-02 5.201425042475480431e-01 0.000000000000000000e+00
-1.547339878111657629e+00 -1.375476638484361344e-03 0.000000000000000000e+00 1.595382852926945372e-01 8.139092329653279112e-01 0.000000000000000000e+00
-1.707674050997089576e+00 -2.510654854622845766e-03 0.000000000000000000e+00 -2.945248592245999081e-02 1.042861261824329144e+00 0.000000000000000000e+00
-1.398090315805505579e+00 -7.199908088157819241e-04 0.000000000000000000e+00 -2.061540256428235074e-01 5.863393603080907512e-01 0.000000000000000000e+00
-1.679960078835115223e+00 1.406908339519633011e-03 0.000000000000000000e+00 1.101039194498001916e-01 1.000868579564569982e+00 0.000000000000000000e+00
-1.635821872558786527e+00 2.209474316391856624e-03 0.000000000000000000e+00 -1.360447219816889874e-01 9.386837886167522793e-01 0.000000000000000000e+00
-1.413587311217006093e+00 2.672379637206787235e-03 0.000000000000000000e+00 -1.170326278460240566e-01 6.328430491991489104e-01 0.000000000000000000e+00
-1.489591452085570644e+00 1.115389147796776170e-03 0.000000000000000000e+00 4.421425954681509896e-02 7.487880544085447898e-01 0.000000000000000000e+00
-1.228330931458769815e+00 -2.253698178136254171e-04 0.000000000000000000e+00 1.751702844173715357e-01 3.278459882922956092e-01 0.000000000000000000e+00
-1.456904833001027910e+00 1.044063468327329630e-03 0.000000000000000000e+00 -4.546488029016028387e-02 7.031267143773428652e-01 0.000000000000000000e+00
-1.249294592624067501e+00 1.819477178530249512e-03 0.000000000000000000e+00 1.630995733689607485e-01 3.690273643681886151e-01 0.000000000000000000e+00
-1.454603997207361665e+00 -5.206247285851929585e-04 0.000000000000000000e+00 3.032252295002667731e-03 7.013682580986957404e-01 0.000000000000000000e+00
-1.261857479518774472e+00 8.244037425738492270e-04 0.000000000000000000e+00 -1.616093971696823950e-01 3.902181191637518753e-01 0.000000000000000000e+00
-1.463039041582985700e+00 6.269140892851514379e-04 0.000000000000000000e+00 4.138413869837022363e-02 7.119665875705187830e-01 0.000000000000000000e+00
-1.219095982610507001e+00 -1.200704825262011860e-04 0.000000000000000000e+00 -1.731389059601205482e-01 3.129302177366425353e-01 0.000000000000000000e+00
-1.489390293831956313e+00 1.042519300220742795e-03 0.000000000000000000e+00 -2.712502804583405772e-02 7.493231052986415452e-01 0.000000000000000000e+00
-1.354741476077296003e+00 1.246208678767001324e-03 0.000000000000000000e+00 1.443239692495857929e-01 5.402908374250374735e-01 0.000000000000000000e+00
-1.243698499646114897e+00 -1.564467410136095166e-03 0.000000000000000000e+00 -7.380098354252875859e-02 3.880597483594007135e-01 0.000000000000000000e+00
-1.266882569326957864e+00 -1.448552317385864421e-03 0.000000000000000000e+00 3.876478476449381205e-02 4.281429784124901050e-01 0.000000000000000000e+00
-1.350659907904200985e+00 -2.679886671765869741e-03 0.000000000000000000e+00 3.018565828891441385e-02 5.525000347058703909e-01 0.000000000000000000e+00
-1.184704296320215677e+00 4.519616260757479582e-04 0.000000000000000000e+00 -1.275387769582796427e-01 2.767670856258396817e-01 0.000000000000000000e+00
-1.384860148327458074e+00 9.460497521668401188e-04 0.000000000000000000e+00 -3.360372812344536442e-02 6.016780065689285584e-01 0.000000000000000000e+00
-1.454015600796307206e+00 -2.393295670555933841e-04 0.000000000000000000e+00 1.783519278717616285e-01 6.774666797230690651e-01 0.000000000000000000e+00
-1.656618171866035771e+00 -2.463552981036875797e-03 0.000000000000000000e+00 5.242966281288510833e-02 9.746846215996021190e-01 0.000000000000000000e+00
-1.636065553462174860e+00 -1.387538598084478436e-03 0.000000000000000000e+00 -7.996725920751943106e-02 9.454390878321698999e-01 0.000000000000000000e+00
-1.388401758937999109e+00 2.109161086267425517e-03 0.000000000000000000e+00 -1.944317446909263059e-01 5.757431205495899817e-01 0.000000000000000000e+00
1.036066835125898589e+00 3.355435478670329864e-04 0.000000000000000000e+00 6.397110307779571570e-02 1.072719436978971097e-01 0.000000000000000000e+00
-2.050745317469749640e+00 1.512019092781348439e-03 0.000000000000000000e+00 2.510040675167642815e-02 1.476909047970202060e+00 0.000000000000000000e+00
-1.986636657196654721e+00 -1.880973637190249542e-03 0.000000000000000000e+00 8.043251152141417393e-02 1.395730488452942453e+00 0.000000000000000000e+00
-1.882778267198176092e+00 1.346026650811078806e-03 0.000000000000000000e+00 1.504144508211966436e-01 1.259194753593336324e+00 0.000000000000000000e+00
-1.713970592872906540e+00 -2.749752867466440098e-05 0.000000000000000000e+00 2.168515641171973318e-01 1.028901538453275144e+00 0.000000000000000000e+00
-1.446142324109779942e+00 2.866451872457063954e-03 0.000000000000000000e+00 2.724288944213536512e-01 6.334138108546996104e-01 0.000000000000000000e+00
-1.392506431725643257e+00 -1.395651643958814581e-03 0.000000000000000000e+00 -2.744935382877049523e-01 5.487280116344648295e-01 0.000000000000000000e+00
-1.683337791568292330e+00 4.542442333585382241e-03 0.000000000000000000e+00 -2.233890444309841183e-01 9.863792112619513830e-01 0.000000000000000000e+00
-1.862423246087658413e+00 -1.146427964325732324e-03 0.000000000000000000e+00 -1.603291784436409739e-01 1.232017583834104091e+00 0.000000000000000000e+00
-1.975156583133902188e+00 5.990791817215293351e-03 0.000000000000000000e+00 -8.705316856490677435e-02 1.381069720506751697e+00 0.000000000000000000e+00
-2.040588818470005172e+00 7.718833040818301461e-04 0.000000000000000000e+00 -3.010949898913325290e-02 1.464337401837533692e+00 0.000000000000000000e+00
1.041398958228719085e+00 -4.677561226889024931e-04 0.000000000000000000e+00 4.616510732154451707e-02 1.148287944662185617e-01 0.000000000000000000e+00
-2.245745417107415598e+00 -6.329230601414319313e-03 0.000000000000000000e+00 -4.157609616271919911e-02 1.712696233391535205e+00 0.000000000000000000e+00
-2.174958536398966302e+00 1.853170707050849630e-04 0.000000000000000000e+00 -1.124358928123018742e-01 1.624326346968930190e+00 0.000000000000000000e+00
-1.997473481526117700e+00 -5.526119719609053245e-03 0.000000000000000000e+00 -1.980111849319282080e-01 1.397519607958220611e+00 0.000000000000000000e+00
-1.704570219571403200e+00 7.124411097365543344e-04 0.000000000000000000e+00 -2.739909910747366784e-01 1.002443149714808523e+00 0.000000000000000000e+00
-1.270605409249084827e+00 1.855633651213911550e-04 0.000000000000000000e+00 2.858709500235267487e-01 3.284885087914981572e-01 0.000000000000000000e+00
-1.764126900464294101e+00 -6.054026486409166963e-04 0.000000000000000000e+00 2.612810347336772532e-01 1.085663915234898802e+00 0.000000000000000000e+00
-2.034499283072953357e+00 4.930523009850501515e-03 0.000000000000000000e+00 1.838418924345757710e-01 1.445521174944735421e+00 0.000000000000000000e+00
-2.194562027949313876e+00 -2.133158228294566860e-03 0.000000000000000000e+00 9.763027989562357567e-02 1.648937492875234501e+00 0.000000000000000000e+00
-2.245353622430242169e+00 5.251202338514990298e-03 0.000000000000000000e+00 2.940383892238673802e-02 1.712477178821868895e+00 0.000000000000000000e+00
-2.396004113460960205e+00 7.063822810424599807e-03 0.000000000000000000e+00 -8.925968718038601590e-02 1.889103663580950165e+00 0.000000000000000000e+00
-1.854487411311243061e+00 -3.010141227086093885e-04 0.000000000000000000e+00 -2.832763562052045270e-01 1.199343227726811012e+00 0.000000000000000000e+00
-1.921190938606049503e+00 -2.150827048301190425e-03 0.000000000000000000e+00 2.668346434089165498e-01 1.289138519470620636e+00 0.000000000000000000e+00
-2.413962287598883982e+00 -9.231879520020892793e-03 0.000000000000000000e+00 7.402787557483818393e-02 1.910864128516983618e+00 0.000000000000000000e+00
-2.567306579835379132e+00 4.438692473148111994e-03 0.000000000000000000e+00 -1.395711828662828391e-01 2.086073417339358471e+00 0.000000000000000000e+00
-1.823165665709505223e+00 1.416160991952294251e-03 0.000000000000000000e+00 3.334667870683985513e-01 1.144905593324053505e+00 0.000000000000000000e+00
-2.734466411538066133e+00 -5.132128613566631220e-03 0.000000000000000000e+00 2.484553061943611113e-02 2.282365868219004224e+00 0.000000000000000000e+00
-2.182286587753824669e+00 -1.088405027818914461e-04 0.000000000000000000e+00 -2.627708887270726601e-01 1.615818954762316739e+00 0.000000000000000000e+00
-2.386152922115795327e+00 2.485438107848245495e-03 0.000000000000000000e+00 2.097711978179654657e-01 1.867878808605536900e+00 0.000000000000000000e+00
-2.684755239532837123e+00 -5.801926658412254190e-03 0.000000000000000000e+00 -7.938495794920134851e-02 2.224334337248590643e+00 0.000000000000000000e+00
-1.426926732247887575e+00 2.797532344214759270e-05 0.000000000000000000e+00 -3.522841532112638840e-01 5.610173610333933913e-01 0.000000000000000000e+00
-2.644770321072874353e+00 -2.229655514564128811e-03 0.000000000000000000e+00 9.934006227360295260e-02 2.177666525044634760e+00 0.000000000000000000e+00
-2.485853648482521994e+00 -3.080256154566612947e-04 0.000000000000000000e+00 -1.814362930224180381e-01 1.988008304669402815e+00 0.000000000000000000e+00
-2.095963318265734010e+00 -4.147365542958282580e-03 0.000000000000000000e+00 2.828793565789644582e-01 1.506103729886342890e+00 0.000000000000000000e+00
-2.759680520546643478e+00 -3.507490497744111813e-03 0.000000000000000000e+00 -1.955780880134987826e-02 2.311117517589551085e+00 0.000000000000000000e+00
-1.884569878264600540e+00 3.245840410993978270e-03 0.000000000000000000e+00 -3.237113510705327823e-01 1.228476429283343219e+00 0.000000000000000000e+00
-2.582063754191817218e+00 -5.699468475568028603e-03 0.000000000000000000e+00 1.401981331688696986e-01 2.103111669851031706e+00 0.000000000000000000e+00
1.074959642828868134e+00 -2.643528274708940298e-04 0.000000000000000000e+00 -1.270195973297749137e-01 7.608370377179733690e-02 0.000000000000000000e+00
-2.447974436998530123e+00 3.938421414971499113e-03 0.000000000000000000e+00 -9.113333776785270679e-02 1.949965978701920122e+00 0.000000000000000000e+00
-1.774736439832830470e+00 2.732068189081242673e-03 0.000000000000000000e+00 -3.056652772836068177e-01 1.088245545152699556e+00 0.000000000000000000e+00
-2.124554629289126417e+00 4.700146452033510114e-03 0.000000000000000000e+00 2.303957072931787087e-01 1.550200715440580801e+00 0.000000000000000000e+00
-2.511311162864763524e+00 8.690615712514962454e-03 0.000000000000000000e+00 2.994221008834987985e-02 2.025668464638659128e+00 0.000000000000000000e+00
-2.280032037138405521e+00 -8.453166899876143892e-03 0.000000000000000000e+00 -1.843043992963994682e-01 1.744391572948019942e+00 0.000000000000000000e+00
-1.455909805441190974e+00 7.251664153346201735e-04 0.000000000000000000e+00 3.356464571062480751e-01 6.179294365078789042e-01 0.000000000000000000e+00
-2.380386133997143716e+00 3.033286014209150838e-03 0.000000000000000000e+00 1.381886913905301106e-01 1.867733535208325524e+00 0.000000000000000000e+00
-2.466178423773310424e+00 3.784289455177530792e-03 0.000000000000000000e+00 -5.323710868462761675e-02 1.972629004393527063e+00 0.000000000000000000e+00
-2.007140607470056626e+00 3.098332365305014185e-03 0.000000000000000000e+00 -2.507366983644900849e-01 1.401169655995314622e+00 0.000000000000000000e+00
-1.844260397922222072e+00 1.139634619642272868e-03 0.000000000000000000e+00 2.908206983362049414e-01 1.184167010713480517e+00 0.000000000000000000e+00
-2.428980069300230138e+00 7.335362366978298229e-03 0.000000000000000000e+00 9.557363330326745787e-02 1.927519095473612998e+00 0.000000000000000000e+00
1.061776077483235436e+00 -1.910014692537327641e-04 0.000000000000000000e+00 8.858090276478293446e-02 1.009095774003163776e-01 0.000000000000000000e+00
-2.551752193379233091e+00 -5.472031470197841196e-03 0.000000000000000000e+00 -1.391324814623786099e-01 2.068081954557759783e+00 0.000000000000000000e+00
-1.661348205979876314e+00 -4.086439149808201304e-03 0.000000000000000000e+00 3.450730310841568782e-01 9.197553480822260319e-01 0.000000000000000000e+00
-2.674542691284591100e+00 -2.557891299529643780e-04 0.000000000000000000e+00 5.874079801021934305e-02 2.213277844440324493e+00 0.000000000000000000e+00
-2.338069787156234369e+00 2.529912655480248684e-03 0.000000000000000000e+00 -2.120679632049765617e-01 1.810549125625198652e+00 0.000000000000000000e+00
-2.148372840526484140e+00 -5.150140408172215745e-03 0.000000000000000000e+00 2.607641842149015510e-01 1.574658096411694519e+00 0.000000000000000000e+00
-2.708143061810571073e+00 6.960038584492917596e-03 0.000000000000000000e+00 -1.121407746978103116e-02 2.252454744055080393e+00 0.000000000000000000e+00
-1.953600324136927302e+00 4.308418835203553510e-04 0.000000000000000000e+00 -3.057297020537290133e-01 1.322088077362577607e+00 0.000000000000000000e+00
-2.455399962708806783e+00 -6.913539672782006984e-03 0.000000000000000000e+00 1.700185318469628060e-01 1.953391302270735652e+00 0.000000000000000000e+00
-2.616236566378939976e+00 -5.905607331359280510e-03 0.000000000000000000e+00 -9.456825739472556058e-02 2.145068851716037006e+00 0.000000000000000000e+00
-1.410448147128636975e+00 3.473328550182125905e-04 0.000000000000000000e+00 -3.465593927058264190e-01 5.369984964066705224e-01 0.000000000000000000e+00
-2.573256999492311792e+00 -8.090185784753744364e-03 0.000000000000000000e+00 1.084058844421710022e-01 2.094818990680102466e+00 0.000000000000000000e+00
-2.571942077872595434e+00 -2.484012833392182373e-03 0.000000000000000000e+00 -1.660053031914772714e-01 2.089506185701892171e+00 0.000000000000000000e+00
-2.089912130691470527e+00 4.712882133712847921e-03 0.000000000000000000e+00 2.976208485084343991e-01 1.495738272207221442e+00 0.000000000000000000e+00
-2.799070524087690970e+00 -1.055038759058330756e-02 0.000000000000000000e+00 -3.238738976215704835e-02 2.355728587272317043e+00 0.000000000000000000e+00
-1.760577646252499573e+00 3.269288186276066155e-03 0.000000000000000000e+00 -3.467033017990368560e-01 1.056654735280497359e+00 0.000000000000000000e+00
-2.688727056878902566e+00 5.565673302929660671e-03 0.000000000000000000e+00 1.185967062339331746e-01 2.227138217894953254e+00 0.000000000000000000e+00
-2.516212006977242233e+00 -3.683354760487624058e-03 0.000000000000000000e+00 -1.948924801363571269e-01 2.022196329501690037e+00 0.000000000000000000e+00
-2.286111596085920183e+00 -2.726320982989097197e-03 0.000000000000000000e+00 2.534566584722285354e-01 1.742986129522296368e+00 0.000000000000000000e+00
-2.794883720512715275e+00 1.839094646982238068e-03 0.000000000000000000e+00 -6.127735706223111367e-02 2.350382607324228434e+00 0.000000000000000000e+00
-1.270128935413286309e+00 4.410035002718733308e-04 0.000000000000000000e+00 3.222605537997388914e-01 2.918251225447828778e-01 0.000000000000000000e+00
-1.148551791490436624e+00 -4.116312854942144541e-05 0.000000000000000000e+00 -2.391781138496774095e-01 6.679894242259387660e-02 0.000000000000000000e+00
-2.799747819428112905e+00 -8.286081107528637732e-03 0.000000000000000000e+00 5.143574134956589716e-02 2.356149399645838471e+00 0.000000000000000000e+00
-2.263263741940306328e+00 -5.633152277477002090e-03 0.000000000000000000e+00 -2.652024024061628849e-01 1.713715161846745438e+00 0.000000000000000000e+00
-2.530116135267464372e+00 3.731956050880336218e-03 0.000000000000000000e+00 1.903300189689565158e-01 2.038831469691756659e+00 0.000000000000000000e+00
-2.676232557984223881e+00 2.912428412314455040e-03 0.000000000000000000e+00 -1.143015295186561586e-01 2.213044312930210644e+00 0.000000000000000000e+00
-1.764266961132088918e+00 -1.153897003247333908e-03 0.000000000000000000e+00 3.466466222083662840e-01 1.061687882106310044e+00 0.000000000000000000e+00
-2.791300374322454925e+00 -9.924316329382665974e-03 0.000000000000000000e+00 1.582665860971250310e-02 2.347082506751168474e+00 0.000000000000000000e+00
-2.106773771201247314e+00 6.080160834746939358e-03 0.000000000000000000e+00 -2.851149767497461740e-01 1.519091725199153808e+00 0.000000000000000000e+00
-2.550506730733427485e+00 -4.919519784756166969e-03 0.000000000000000000e+00 1.653756448541164881e-01 2.064702937015853390e+00 0.000000000000000000e+00
-2.609206558858389702e+00 -1.057049520576459553e-02 0.000000000000000000e+00 -1.248550452122161591e-01 2.135433201024596883e+00 0.000000000000000000e+00
-1.553987090297857865e+00 2.519079193841720909e-03 0.000000000000000000e+00 3.568713306083464154e-01 7.587097173863676103e-01 0.000000000000000000e+00
-2.688052387834341417e+00 -1.656432857533467196e-03 0.000000000000000000e+00 6.359931641554898707e-02 2.228609468821491468e+00 0.000000000000000000e+00
-2.352107854603544990e+00 -7.625080331340683415e-03 0.000000000000000000e+00 -2.211012526762373698e-01 1.826188114754163205e+00 0.000000000000000000e+00
-2.193003740354494191e+00 -7.019998848176375872e-03 0.000000000000000000e+00 2.526820863442870158e-01 1.630501834484038515e+00 0.000000000000000000e+00
-2.723325075720278043e+00 7.042718363331593873e-03 0.000000000000000000e+00 -2.334383483512463692e-02 2.269687721315558626e+00 0.000000000000000000e+00
-1.839702628944075880e+00 -5.542723022197397834e-03 0.000000000000000000e+00 -3.320985840158660607e-01 1.167246355598769547e+00 0.000000000000000000e+00
-2.541359548425893067e+00 -7.033550229339158300e-03 0.000000000000000000e+00 1.440065684310116723e-01 2.055694771119814135e+00 0.000000000000000000e+00
-2.509298338097287306e+00 -3.311118047143735144e-04 0.000000000000000000e+00 -9.953103738565688419e-02 2.021086825133272313e+00 0.000000000000000000e+00
-1.592581864944951242e+00 1.543145484206601137e-03 0.000000000000000000e+00 -3.384812783633613931e-01 8.238175627335866391e-01 0.000000000000000000e+00
-2.363840582561352655e+00 3.457542195955218278e-03 0.000000000000000000e+00 1.711491332216321104e-01 1.845434021217612575e+00 0.000000000000000000e+00
-2.548475095070118268e+00 4.962965693406725005e-03 0.000000000000000000e+00 -5.048997321369410457e-02 2.068348991555923000e+00 0.000000000000000000e+00
-1.918903019866528226e+00 1.135975803216025815e-03 0.000000000000000000e+00 -2.887847399371935575e-01 1.281461940374396535e+00 0.000000000000000000e+00
-2.164190958155845834e+00 7.461002538365795952e-03 0.000000000000000000e+00 2.349366371402927811e-01 1.598060135399067772e+00 0.000000000000000000e+00
-2.569850404748626360e+00 -2.902173785281028651e-03 0.000000000000000000e+00 5.492112570978542607e-04 2.093676208490785395e+00 0.000000000000000000e+00
-2.189852991812991867e+00 5.935734193552671956e-03 0.000000000000000000e+00 -2.176879926251756303e-01 1.631713588487861522e+00 0.000000000000000000e+00
-1.887483583612395321e+00 -4.107219246915677635e-03 0.000000000000000000e+00 2.932869636405499580e-01 1.239876616527347597e+00 0.000000000000000000e+00
-2.544137554332786877e+00 -8.305374456526404270e-03 0.000000000000000000e+00 5.322838376024255358e-02 2.063267970812925789e+00 0.000000000000000000e+00
-2.380066321251881334e+00 -9.082095367410954190e-03 0.000000000000000000e+00 -1.706955858040029861e-01 1.864685941552961523e+00 0.000000000000000000e+00
-1.563765425480582394e+00 9.368743748010208150e-04 0.000000000000000000e+00 3.418980052277478254e-01 7.800901011557004328e-01 0.000000000000000000e+00
-2.509995701100442123e+00 -2.681161226689482771e-03 0.000000000000000000e+00 9.910679112876874530e-02 2.021920776150253563e+00 0.000000000000000000e+00
-2.555653284089613564e+00 -2.602352658259421414e-03 0.000000000000000000e+00 -1.545615367506922577e-01 2.071508003826060929e+00 0.000000000000000000e+00
-1.910756932177521072e+00 3.573816092418136137e-03 0.000000000000000000e+00 3.226232712849331774e-01 1.262819468534711387e+00 0.000000000000000000e+00
-2.751852885895300638e+00 1.081274782547738539e-04 0.000000000000000000e+00 1.446107373831793420e-02 2.302250096202786978e+00 0.000000000000000000e+00
-2.092946928896640024e+00 7.412140683545606623e-03 0.000000000000000000e+00 -2.797031726801357809e-01 1.502970244696278712e+00 0.000000000000000000e+00
-2.469788900370469609e+00 5.113558690467673307e-03 0.000000000000000000e+00 1.881624250201904824e-01 1.968590507470308948e+00 0.000000000000000000e+00
-2.648566252386746811e+00 2.652917482381278447e-03 0.000000000000000000e+00 -9.448525848764310897e-02 2.182245444316048388e+00 0.000000000000000000e+00
-1.353806821191743781e+00 -1.068066832273752848e-03 0.000000000000000000e+00 3.409375118381621217e-01 4.415928732519253663e-01 0.000000000000000000e+00
-2.672455000436135819e+00 -8.636321389367568324e-03 0.000000000000000000e+00 7.375564448901850145e-02 2.210454667150675512e+00 0.000000000000000000e+00
-2.413739364249907204e+00 5.506138720738004699e-03 0.000000000000000000e+00 -1.947541923688670407e-01 1.902081322485174475e+00 0.000000000000000000e+00
-2.141513081408048080e+00 6.480878530779846103e-03 0.000000000000000000e+00 2.768589460667970070e-01 1.563480755366110309e+00 0.000000000000000000e+00
-2.737732078320642692e+00 7.741980153265401107e-03 0.000000000000000000e+00 -1.490497121078076213e-02 2.286182846227440280e+00 0.000000000000000000e+00
-1.879545038126252177e+00 -3.131639767849775380e-06 0.000000000000000000e+00 -3.237822453427067759e-01 1.221897934313586731e+00 0.000000000000000000e+00
-2.545730359574605473e+00 1.003081254847594528e-02 0.000000000000000000e+00 1.601416885173318205e-01 2.059589583674689361e+00 0.000000000000000000e+00
-2.515975421869129036e+00 -4.280873452858047212e-03 0.000000000000000000e+00 -1.049202672101565842e-01 2.028583317875409797e+00 0.000000000000000000e+00
-1.548272678350528953e+00 2.498421092942790418e-03 0.000000000000000000e+00 -3.415995966851108623e-01 7.571896702251921241e-01 0.000000000000000000e+00
-2.398566252569494406e+00 -3.588688188661752487e-03 0.000000000000000000e+00 1.557684205131921462e-01 1.887799904034998422e+00 0.000000000000000000e+00
-2.540010883911845596e+00 -4.010226092577506840e-03 0.000000000000000000e+00 -6.941882701424495483e-02 2.057993941111114555e+00 0.000000000000000000e+00
-1.850566803004205951e+00 5.501170805999197611e-03 0.000000000000000000e+00 -2.998309850373943597e-01 1.190197317433059343e+00 0.000000000000000000e+00
-2.216893426632002395e+00 7.633054423158022739e-03 0.000000000000000000e+00 2.202514231499060893e-01 1.664154971997649834e+00 0.000000000000000000e+00
-2.570195133491504080e+00 1.839390264343140902e-03 0.000000000000000000e+00 -9.187469358809846609e-03 2.094054184008980801e+00 0.000000000000000000e+00
-2.132316221494454211e+00 -9.573826678887509267e-04 0.000000000000000000e+00 -2.391876443788150952e-01 1.558396719620300575e+00 0.000000000000000000e+00
-1.964571877777332443e+00 -4.332171965854655915e-03 0.000000000000000000e+00 2.769251179062088841e-01 1.342385220369083587e+00 0.000000000000000000e+00
-2.555586074300571386e+00 -1.069579149508429264e-03 0.000000000000000000e+00 4.531117005366365469e-02 2.076694010260357715e+00 0.000000000000000000e+00
-2.338869637771694876e+00 8.786704455691032867e-03 0.000000000000000000e+00 -1.697775030288765641e-01 1.815974114217049795e+00 0.000000000000000000e+00
-1.645122134851551010e+00 3.938500483790397660e-04 0.000000000000000000e+00 3.346696255419235877e-01 9.006910278179951490e-01 0.000000000000000000e+00
-2.514178030359280669e+00 8.558992059005395697e-03 0.000000000000000000e+00 1.007503048316197164e-01 2.026718668655437039e+00 0.000000000000000000e+00
-2.502236965573329641e+00 8.950483785154700334e-03 0.000000000000000000e+00 -1.385800494727638665e-01 2.010580879368247142e+00 0.000000000000000000e+00
-1.679534019900284392e+00 -3.804400372462731113e-03 0.000000000000000000e+00 3.403961555230722302e-01 9.470410634198812572e-01 0.000000000000000000e+00
-2.643815290986713862e+00 8.353525373357741091e-03 0.000000000000000000e+00 7.068147779808187092e-02 2.177705945667320453e+00 0.000000000000000000e+00
-2.365864512405663422e+00 5.783798214514107583e-03 0.000000000000000000e+00 -1.947240172088439691e-01 1.845501491414651918e+00 0.000000000000000000e+00
-2.031986229914831021e+00 -2.694802420416551880e-03 0.000000000000000000e+00 2.846795730778307609e-01 1.425932458623772714e+00 0.000000000000000000e+00
-2.688029911192497678e+00 -4.460736831907417821e-03 0.000000000000000000e+00 4.834266889887015028e-03 2.229491322189478097e+00 0.000000000000000000e+00
-2.124495888307566194e+00 3.692874196721276925e-03 0.000000000000000000e+00 -2.631419146118895158e-01 1.544908740430867677e+00 0.000000000000000000e+00
-2.301367589653244394e+00 6.733990584011695368e-03 0.000000000000000000e+00 2.243489701055851604e-01 1.765259642394128692e+00 0.000000000000000000e+00
-2.664268807476083190e+00 -1.026236307468162204e-02 0.000000000000000000e+00 -5.633482246182774933e-02 2.201595261079233978e+00 0.000000000000000000e+00
-1.791913444184572768e+00 5.458279318914908279e-03 0.000000000000000000e+00 -3.259208001748696293e-01 1.105431642180475738e+00 0.000000000000000000e+00
-2.473381913455045655e+00 -2.182412260136754045e-03 0.000000000000000000e+00 1.578741578130327949e-01 1.975449202354941480e+00 0.000000000000000000e+00
-2.570083813025457520e+00 9.921988448552895856e-04 0.000000000000000000e+00 -9.119617881194411191e-02 2.091958950348332014e+00 0.000000000000000000e+00
-1.520812962449975103e+00 -9.310280454539500428e-04 0.000000000000000000e+00 -3.481813428942953648e-01 7.126333257043895308e-01 0.000000000000000000e+00
-2.478666665786198209e+00 -9.865013955997641026e-03 0.000000000000000000e+00 1.326971915427007931e-01 1.983494087777277759e+00 0.000000000000000000e+00
-2.497541716907856646e+00 -7.629630942011578210e-03 0.000000000000000000e+00 -9.286707013105140185e-02 2.007741383153892833e+00 0.000000000000000000e+00
-1.751725268930136359e+00 2.440973821623074191e-04 0.000000000000000000e+00 -3.170677235937229832e-01 1.053965873844057377e+00 0.000000000000000000e+00
-2.231917403935939515e+00 5.752631318696604934e-04 0.000000000000000000e+00 2.052843931621626261e-01 1.684190614098491912e+00 0.000000000000000000e+00
-2.551381777431138254e+00 -2.589969222626387069e-04 0.000000000000000000e+00 -1.222789605095628285e-02 2.072289175578466036e+00 0.000000000000000000e+00
-2.141507982741679861e+00 3.283022406678437477e-03 0.000000000000000000e+00 -2.290656768273835464e-01 1.571181343699180832e+00 0.000000000000000000e+00
-1.890732444317529071e+00 -4.633411989488439575e-03 0.000000000000000000e+00 2.890636397335346608e-01 1.245078146295626409e+00 0.000000000000000000e+00
-2.521644217865007587e+00 -1.228814730801566779e-03 0.000000000000000000e+00 6.331287295331890219e-02 2.036887348472346204e+00 0.000000000000000000e+00
-2.395899477020612345e+00 -3.731093348012130828e-03 0.000000000000000000e+00 -1.557030312366766145e-01 1.884663710518525770e+00 0.000000000000000000e+00
-1.427729440374519099e+00 2.448318673100444848e-03 0.000000000000000000e+00 3.404127804993938300e-01 5.696401995696622755e-01 0.000000000000000000e+00
-2.467219058487208461e+00 -4.759120498306075586e-03 0.000000000000000000e+00 1.154962465237986402e-01 1.971186290614587611e+00 0.000000000000000000e+00
-2.358269220789464438e+00 7.410106573720529055e-03 0.000000000000000000e+00 -5.243572603925369946e-02 1.846052613574827195e+00 0.000000000000000000e+00
-2.085737241473763159e+00 -3.092954556119444087e-03 0.000000000000000000e+00 -2.042155209804371319e-01 1.506185604475474893e+00 0.000000000000000000e+00
-1.331736482461292947e+00 -2.384753380761908854e-04 0.000000000000000000e+00 -3.102422990025897054e-01 4.245184155420925753e-01 0.000000000000000000e+00
-2.016800516342709848e+00 2.404198124142664650e-04 0.000000000000000000e+00 2.241504183181516618e-01 1.417747899505233500e+00 0.000000000000000000e+00
-2.338255170650998416e+00 3.644370993295176220e-03 0.000000000000000000e+00 8.164144328148048579e-02 1.821323463601870252e+00 0.000000000000000000e+00
-2.196594137834970262e+00 4.064812294957004246e-03 0.000000000000000000e+00 -5.518601670786896229e-03 1.654269923576175971e+00 0.000000000000000000e+00
-2.221579065764704541e+00 3.768365025596145945e-03 0.000000000000000000e+00 -6.018206784223903427e-02 1.683200215903174701e+00 0.000000000000000000e+00
-2.124344636268236108e+00 1.126666271426018939e-03 0.000000000000000000e+00 -1.345382390601291278e-01 1.561187412703292976e+00 0.000000000000000000e+00
-1.938623704765048306e+00 8.444356841787875601e-05 0.000000000000000000e+00 -2.105336682023615791e-01 1.321627260762716638e+00 0.000000000000000000e+00
-1.649667917868469447e+00 3.923834835739138660e-03 0.000000000000000000e+00 -2.801329929163693944e-01 9.254294838270018531e-01 0.000000000000000000e+00
-1.306433787963775739e+00 -1.018950925141502706e-03 0.000000000000000000e+00 2.927243785594485503e-01 3.913042018772119324e-01 0.000000000000000000e+00
-1.743015108096944044e+00 4.280703804953628344e-03 0.000000000000000000e+00 2.664500858800215588e-01 1.056250958495394521e+00 0.000000000000000000e+00
-2.000673208999999009e+00 -3.785507885223166058e-03 0.000000000000000000e+00 1.864259122295785776e-01 1.403109274543290930e+00 0.000000000000000000e+00
-2.160878852769667624e+00 -1.872854782885013947e-03 0.000000000000000000e+00 1.130912445890745327e-01 1.607252170912602196e+00 0.000000000000000000e+00
-2.231770095291291334e+00 -7.573381873832260580e-03 0.000000000000000000e+00 3.810288333940116401e-02 1.696068053503292372e+00 0.000000000000000000e+00
-2.049023588362806514e+00 -4.318962763371235122e-04 0.000000000000000000e+00 3.546533945561101270e-02 1.474590365848961859e+00 0.000000000000000000e+00
-1.989697157757781554e+00 -5.025167622433313747e-03 0.000000000000000000e+00 8.510890853351474328e-02 1.399269298143628326e+00 0.000000000000000000e+00
-1.895138727559162017e+00 1.452570303639677020e-03 0.000000000000000000e+00 1.497627049629633444e-01 1.274974781841634819e+00 0.000000000000000000e+00
-1.751829635628146864e+00 4.477158256778468459e-05 0.000000000000000000e+00 2.083198721194280956e-01 1.080871639845932153e+00 0.000000000000000000e+00
-1.543433162479311616e+00 -1.244252633388676088e-03 0.000000000000000000e+00 2.604248658957336593e-01 7.818577359957582518e-01 0.000000000000000000e+00
-1.162477694069098177e+00 2.204447516712089786e-04 0.000000000000000000e+00 2.241833616377545968e-01 1.508190782276420949e-01 0.000000000000000000e+00
-1.168785341960794533e+00 7.856839070155595753e-04 0.000000000000000000e+00 -2.278697748588616179e-01 1.627827517592642659e-01 0.000000000000000000e+00
-1.545499505807741425e+00 2.941488015617832463e-03 0.000000000000000000e+00 -2.592083852736948302e-01 7.852319150295701267e-01 0.000000000000000000e+00
-1.753495543477769036e+00 3.346325488469015924e-03 0.000000000000000000e+00 -2.056648347822003231e-01 1.083580673988606691e+00 0.000000000000000000e+00
-1.896351068417345687e+00 3.002844520165234843e-03 0.000000000000000000e+00 -1.461410260950181950e-01 1.276934164214449163e+00 0.000000000000000000e+00
-1.989574031956514499e+00 -3.776611950862866773e-03 0.000000000000000000e+00 -9.143718651181197143e-02 1.398714042281641756e+00 0.000000000000000000e+00
-2.049501859662134162e+00 6.416333308819230363e-03 0.000000000000000000e+00 -3.058387773412608868e-02 1.475299644145091182e+00 0.000000000000000000e+00
-2.234680462349441399e+00 9.778484505512663461e-04 0.000000000000000000e+00 -4.415843317083093661e-02 1.699391286990312055e+00 0.000000000000000000e+00
-2.159871674354963744e+00 6.147480241183167493e-03 0.000000000000000000e+00 -1.123694374732421425e-01 1.606093014604414559e+00 0.000000000000000000e+00
-1.991516308677352853e+00 6.193404968809282374e-03 0.000000000000000000e+00 -1.891376199136276526e-01 1.391316188849215596e+00 0.000000000000000000e+00
-1.719164147323158698e+00 -2.021461600697375960e-03 0.000000000000000000e+00 -2.708792432283801954e-01 1.023044885132144088e+00 0.000000000000000000e+00
-1.125278777569085786e+00 1.219302612116819433e-04 0.000000000000000000e+00 2.022714682747544790e-01 6.225134959279440827e-02 0.000000000000000000e+00
-1.221710915039683654e+00 8.536494732730450473e-04 0.000000000000000000e+00 -2.680381844180943496e-01 2.428048626483467198e-01 0.000000000000000000e+00
-1.695999180370734605e+00 2.639216987614517729e-04 0.000000000000000000e+00 2.745367910367266240e-01 9.906573058681370503e-01 0.000000000000000000e+00
-1.976336632484593014e+00 -5.161324831807770352e-03 0.000000000000000000e+00 1.952627119975512138e-01 1.371451621106175800e+00 0.000000000000000000e+00
-2.150592295659368602e+00 1.911663903892184269e-03 0.000000000000000000e+00 1.239096081021702211e-01 1.593980963088968306e+00 0.000000000000000000e+00
-2.232899671486389792e+00 -4.274703033674526198e-03 0.000000000000000000e+00 4.619057626534189137e-02 1.697210082911989382e+00 0.000000000000000000e+00
-2.118109449722830107e+00 7.191140826375411188e-03 0.000000000000000000e+00 2.444250840829985394e-02 1.559223618860551941e+00 0.000000000000000000e+00
-2.018693217925515704e+00 -6.471320844494204624e-03 0.000000000000000000e+00 4.830695083141439694e-02 1.436896291817904014e+00 0.000000000000000000e+00
-1.939553121402531000e+00 5.005164477785303823e-03 0.000000000000000000e+00 1.212825693680514572e-01 1.333960601719037964e+00 0.000000000000000000e+00
-1.805678955125925800e+00 3.903932274782723200e-03 0.000000000000000000e+00 1.874632976592660594e-01 1.155021250893944362e+00 0.000000000000000000e+00
-1.599077937472223487e+00 -1.156651852969583713e-03 0.000000000000000000e+00 2.472066989938942472e-01 8.647441223365475160e-01 0.000000000000000000e+00
-1.235453778162122429e+00 -7.666078023840841842e-04 0.000000000000000000e+00 2.555420616660183941e-01 2.846998414925812071e-01 0.000000000000000000e+00
-1.546540381343072035e+00 -1.485952938851693023e-03 0.000000000000000000e+00 -2.590265073224556902e-01 7.867838994951585896e-01 0.000000000000000000e+00
-1.773032656197241597e+00 3.196963548193036686e-04 0.000000000000000000e+00 -1.972365273270804409e-01 1.110795184061335039e+00 0.000000000000000000e+00
-1.918801957234460343e+00 -3.023256278395218544e-03 0.000000000000000000e+00 -1.326698456679037408e-01 1.306764240550760459e+00 0.000000000000000000e+00
-2.006435216622824314e+00 -4.131995291180974583e-03 0.000000000000000000e+00 -6.811790279990018182e-02 1.420935100153573494e+00 0.000000000000000000e+00
-2.078596628342456398e+00 -2.208616237754441186e-03 0.000000000000000000e+00 -1.866943792297078714e-02 1.511129666672291538e+00 0.000000000000000000e+00
1.033840637747513558e+00 -5.994385025455419534e-04 0.000000000000000000e+00 -2.315067304324761044e-02 1.240668732732276153e-01 0.000000000000000000e+00
-1.913818355229954804e+00 -3.475469791441643252e-03 0.000000000000000000e+00 6.611335065110685028e-02 1.305557635826768870e+00 0.000000000000000000e+00
-1.677588905053621904e+00 8.464620896780211678e-05 0.000000000000000000e+00 2.005568561775930569e-01 9.835582613315430045e-01 0.000000000000000000e+00
