-1.083154097170897501e+00 5.827417312158703067e-04 0.000000000000000000e+00 -2.149689653465195263e-02 1.428116643139243358e-01 0.000000000000000000e+00
9.832094840782992229e-01 -1.559916314784841589e-04 0.000000000000000000e+00 1.508051318040645183e-01 5.995314540568386780e-02 0.000000000000000000e+00
9.244250312974497952e-01 1.325769930672626717e-04 0.000000000000000000e+00 -1.195862639587277620e-01 9.688697398364277957e-02 0.000000000000000000e+00
8.076008012715514273e-01 1.199147959135866449e-03 0.000000000000000000e+00 1.564243493185813599e-02 3.611741324622381177e-01 0.000000000000000000e+00
8.931847431753807687e-01 -4.477775829484822437e-04 0.000000000000000000e+00 1.229027961033590383e-01 1.605805505090270313e-01 0.000000000000000000e+00
-1.181338619531113965e+00 1.086384130435664140e-03 0.000000000000000000e+00 8.733399174781428242e-03 2.993730890498516040e-01 0.000000000000000000e+00
1.001808028393674110e+00 3.201796821637144849e-04 0.000000000000000000e+00 -1.216288005571861397e-01 2.459988573389103594e-01 0.000000000000000000e+00
-1.118704634431560319e+00 6.861840516918299090e-04 0.000000000000000000e+00 -2.009830730816192235e-02 2.001027070782065986e-01 0.000000000000000000e+00
9.889727091604441078e-01 3.601322072878563544e-04 0.000000000000000000e+00 1.238715404495457639e-01 1.544349579295895836e-01 0.000000000000000000e+00
9.241433936861125353e-01 -3.487876327191666986e-04 0.000000000000000000e+00 -5.116531638262078463e-02 1.455575261989874025e-01 0.000000000000000000e+00
9.149338393778354561e-01 -5.214015453973424186e-04 0.000000000000000000e+00 4.823952192333935685e-02 1.603354031246176370e-01 0.000000000000000000e+00
-1.332066791893233626e+00 1.920388626298307790e-03 0.000000000000000000e+00 6.642055720461959023e-02 5.220452607013041924e-01 0.000000000000000000e+00
-1.209653579099236653e+00 1.537065048246657323e-03 0.000000000000000000e+00 -1.267232524488659529e-01 3.189152160846729922e-01 0.000000000000000000e+00
-1.376847937116115084e+00 2.899904929706511453e-03 0.000000000000000000e+00 -3.770247721790541406e-02 5.899093628476101969e-01 0.000000000000000000e+00
-1.721035257028175725e+00 -1.609074869263040289e-04 0.000000000000000000e+00 1.170921016055999075e-01 1.054237534102636431e+00 0.000000000000000000e+00
-1.546375669571041334e+00 3.989522176302007402e-03 0.000000000000000000e+00 -1.953576219706618933e-01 8.047088134674383886e-01 0.000000000000000000e+00
-1.808821798704909778e+00 1.142160162526295944e-03 0.000000000000000000e+00 4.317007711257860036e-02 1.173344003474442454e+00 0.000000000000000000e+00
-1.206065015255096240e+00 8.485701024049648131e-04 0.000000000000000000e+00 2.237990252094753663e-01 2.528420128628212638e-01 0.000000000000000000e+00
-1.800887674312201092e+00 4.062950226545514187e-03 0.000000000000000000e+00 -5.226551000038304889e-02 1.162803769056370840e+00 0.000000000000000000e+00
-1.565035158392866554e+00 1.821117876392538970e-03 0.000000000000000000e+00 1.899782916363598750e-01 8.320192181249398411e-01 0.000000000000000000e+00
-1.712604072692360591e+00 -2.771107842174069715e-03 0.000000000000000000e+00 -1.202953690737915832e-01 1.042801420910380195e+00 0.000000000000000000e+00
-1.433454283548733610e+00 -1.144298664960022565e-03 0.000000000000000000e+00 -6.813830330480560860e-02 6.681909316123699760e-01 0.000000000000000000e+00
-1.250994591854538651e+00 -6.508986213535870868e-05 0.000000000000000000e+00 1.593758730487089270e-01 3.734201958622147544e-01 0.000000000000000000e+00
-1.446366806437999974e+00 3.084689728782012870e-04 0.000000000000000000e+00 1.971809469533462172e-02 6.895366707927883532e-01 0.000000000000000000e+00
-1.286354965849691556e+00 1.667498038149951844e-03 0.000000000000000000e+00 -1.633426350185934184e-01 4.288721439609293196e-01 0.000000000000000000e+00
-1.490925450463105539e+00 1.260171326989689700e-03 0.000000000000000000e+00 4.522376739526830225e-03 7.519180360499904126e-01 0.000000000000000000e+00
-1.265988338623638576e+00 7.600525551822098769e-04 0.000000000000000000e+00 1.680030047654874070e-01 3.942334080393584128e-01 0.000000000000000000e+00
-1.453517355171937808e+00 -1.561958219451712454e-03 0.000000000000000000e+00 -2.829083826297224685e-02 6.992734751080887934e-01 0.000000000000000000e+00
-1.156530259047913400e+00 1.001791433328927568e-03 0.000000000000000000e+00 -1.588140794320910820e-01 2.068884887657720384e-01 0.000000000000000000e+00
-1.451477892240888412e+00 1.160752239750879877e-03 0.000000000000000000e+00 4.097687950485184860e-02 6.957822586989333979e-01 0.000000000000000000e+00
-1.242595379746459727e+00 -7.418752516187376942e-04 0.000000000000000000e+00 -1.754034943737020069e-01 3.520531336669678879e-01 0.000000000000000000e+00
-1.491441564831065714e+00 9.582021432848718268e-04 0.000000000000000000e+00 -4.436083440955726487e-02 7.513374722501853231e-01 0.000000000000000000e+00
-1.424985354376726132e+00 -1.038326804251324398e-03 0.000000000000000000e+00 1.121864390157422814e-01 6.500933625518152681e-01 0.000000000000000000e+00
-1.372179132822045400e+00 -1.985287649120929393e-03 0.000000000000000000e+00 1.862328170062053090e-01 5.539289578161274985e-01 0.000000000000000000e+00
-1.544104646356353250e+00 -2.424941490761355067e-03 0.000000000000000000e+00 1.251628389358659943e-01 8.154348358170766531e-01 0.000000000000000000e+00
-1.637244158900361235e+00 -6.399855378364030511e-04 0.000000000000000000e+00 3.922845436788432311e-02 9.495659506231314273e-01 0.000000000000000000e+00
-1.630968050272409542e+00 4.146643963381220488e-03 0.000000000000000000e+00 -4.852766931900680258e-02 9.407772484383141176e-01 0.000000000000000000e+00
-1.525374892786388159e+00 3.719398030496347263e-03 0.000000000000000000e+00 -1.345751476124412704e-01 7.879785319126577647e-01 0.000000000000000000e+00
-1.352332159728086403e+00 2.517909394334886392e-03 0.000000000000000000e+00 -1.887717358579517057e-01 5.226925372516351143e-01 0.000000000000000000e+00
-1.435312435787823526e+00 -2.373072221029418234e-03 0.000000000000000000e+00 -9.192044834122527208e-02 6.679822915218369683e-01 0.000000000000000000e+00
-1.421437557273083518e+00 -5.422135778085368507e-05 0.000000000000000000e+00 1.018641286964286075e-01 6.467114972823455599e-01 0.000000000000000000e+00
-1.832840636916734045e+00 2.041825530112246351e-03 0.000000000000000000e+00 8.661640031078654545e-02 1.201698298668129938e+00 0.000000000000000000e+00
-1.342934681697032007e+00 -1.067175926339862524e-03 0.000000000000000000e+00 2.486176298136833496e-01 4.817150148228945827e-01 0.000000000000000000e+00
-1.762882939291429363e+00 5.468072614990701630e-03 0.000000000000000000e+00 -1.317527092141660416e-01 1.107249041966147152e+00 0.000000000000000000e+00
-1.904666639149819707e+00 4.950524254988434431e-03 0.000000000000000000e+00 3.857754857945375204e-02 1.295148219965894132e+00 0.000000000000000000e+00
-1.667518810009980923e+00 1.535414363540868986e-03 0.000000000000000000e+00 1.931496347283305770e-01 9.714826644632967856e-01 0.000000000000000000e+00
-1.475493876543620075e+00 -1.228266117304198032e-03 0.000000000000000000e+00 -2.434247197466946622e-01 6.887661943577805257e-01 0.000000000000000000e+00
-1.857838476470448086e+00 -1.962655624050096970e-03 0.000000000000000000e+00 -9.161715867773601030e-02 1.233192354977442839e+00 0.000000000000000000e+00
-2.149235879154570039e+00 7.445925197776939730e-03 0.000000000000000000e+00 -9.173895251336758316e-03 1.597124764036211175e+00 0.000000000000000000e+00
-2.215720606366898160e+00 -7.217342494072318503e-03 0.000000000000000000e+00 -5.708489249416115463e-02 1.676278650418377980e+00 0.000000000000000000e+00
-2.148029775471787417e+00 5.207101156657789609e-03 0.000000000000000000e+00 -1.114096848269614665e-01 1.591789333357032099e+00 0.000000000000000000e+00
-2.004548228205752736e+00 -2.279769764442635127e-03 0.000000000000000000e+00 -1.849898259456335681e-01 1.408116854217347225e+00 0.000000000000000000e+00
-1.786688207249774729e+00 1.334523250618402119e-03 0.000000000000000000e+00 -2.499142833927028295e-01 1.118150046775821860e+00 0.000000000000000000e+00
-1.451209129608292958e+00 -2.598117281117553329e-03 0.000000000000000000e+00 -3.026043682894342668e-01 6.274545413628904722e-01 0.000000000000000000e+00
-1.497644843106781698e+00 5.330237469397536287e-05 0.000000000000000000e+00 2.992388475611708065e-01 6.999402936173672041e-01 0.000000000000000000e+00
-1.813140953036100900e+00 3.303627393948481428e-03 0.000000000000000000e+00 2.461016938943677290e-01 1.153712198469871275e+00 0.000000000000000000e+00
-2.024318422003752449e+00 -6.807823980539529085e-03 0.000000000000000000e+00 1.708245156813785748e-01 1.434495477147906373e+00 0.000000000000000000e+00
-2.159079274268565385e+00 -6.846883965958394658e-03 0.000000000000000000e+00 1.030077434229398486e-01 1.605752174485750139e+00 0.000000000000000000e+00
-2.218263386270987958e+00 -1.524764866715350164e-03 0.000000000000000000e+00 4.378303153495627376e-02 1.679716638068855961e+00 0.000000000000000000e+00
-2.100009491541501738e+00 3.140096417423309666e-03 0.000000000000000000e+00 2.673264491322620631e-02 1.537132644610696985e+00 0.000000000000000000e+00
-2.036436224532928829e+00 4.621848126341879248e-03 0.000000000000000000e+00 6.002459743818522320e-02 1.458308450258583022e+00 0.000000000000000000e+00
-1.975270334100446279e+00 -9.029829627284690838e-04 0.000000000000000000e+00 1.059296129872589753e-01 1.379877029094775054e+00 0.000000000000000000e+00
-1.881032407867487155e+00 6.097011640213595082e-03 0.000000000000000000e+00 1.644118566572383977e-01 1.255228981547973355e+00 0.000000000000000000e+00
-1.748832043674984016e+00 3.644415446829710192e-03 0.000000000000000000e+00 2.147564230649371408e-01 1.075639171321883136e+00 0.000000000000000000e+00
-1.569151786017647154e+00 -2.420312319604794871e-03 0.000000000000000000e+00 2.574375679096196912e-01 8.195288374374762874e-01 0.000000000000000000e+00
-1.292237735215943761e+00 2.057716180581415505e-04 0.000000000000000000e+00 2.708162667132980594e-01 3.812626213101786843e-01 0.000000000000000000e+00
-1.447349805273205892e+00 1.633001790239826945e-03 0.000000000000000000e+00 -2.743547918466414104e-01 6.344183814075667893e-01 0.000000000000000000e+00
-1.665189202395612522e+00 3.955378078007864770e-03 0.000000000000000000e+00 -2.348471719144741010e-01 9.590926602719034300e-01 0.000000000000000000e+00
-1.819839491369395379e+00 2.861757464960000552e-03 0.000000000000000000e+00 -1.850535519397465689e-01 1.173732929380504775e+00 0.000000000000000000e+00
-1.932140764305497971e+00 1.739157497250280737e-03 0.000000000000000000e+00 -1.325534288192933563e-01 1.323552678381140879e+00 0.000000000000000000e+00
-2.008506969655361907e+00 1.519665718420770695e-03 0.000000000000000000e+00 -8.013113237950740542e-02 1.422854458499531738e+00 0.000000000000000000e+00
-2.061657190603655376e+00 -9.505770743806277179e-04 0.000000000000000000e+00 -3.705227148144151633e-02 1.490040251457159570e+00 0.000000000000000000e+00
-2.183027366768237165e+00 -7.162328058520711638e-03 0.000000000000000000e+00 -4.011599121284130376e-02 1.637458679308598342e+00 0.000000000000000000e+00
-2.168844574028486960e+00 -7.001972309510190451e-03 0.000000000000000000e+00 -8.249567633710684633e-02 1.618747048329052474e+00 0.000000000000000000e+00
-2.101755872612692588e+00 -7.225691098206726837e-05 0.000000000000000000e+00 -1.268969039415818734e-01 1.534251427271762669e+00 0.000000000000000000e+00
-1.990774628702662863e+00 -4.499670299981687813e-03 0.000000000000000000e+00 -1.816052743995591467e-01 1.391374761140228955e+00 0.000000000000000000e+00
-1.840113733836270082e+00 -5.097076545144740845e-03 0.000000000000000000e+00 -2.323522793066488956e-01 1.191643699319205219e+00 0.000000000000000000e+00
-1.645088229394833679e+00 5.716312037916350050e-04 0.000000000000000000e+00 -2.746410286549201274e-01 9.207115157916392345e-01 0.000000000000000000e+00
-1.365611108517301275e+00 5.536759084149682486e-04 0.000000000000000000e+00 -2.957025376359062596e-01 4.930616091833965875e-01 0.000000000000000000e+00
-1.440277109914693154e+00 2.673919669529879750e-03 0.000000000000000000e+00 2.986937761431547322e-01 6.122962006042185212e-01 0.000000000000000000e+00
-1.694985201429048516e+00 -2.696699235089410063e-03 0.000000000000000000e+00 2.635925256187778842e-01 9.922348986650123548e-01 0.000000000000000000e+00
-1.878251004038070660e+00 2.313399787021726273e-03 0.000000000000000000e+00 2.191849749705637729e-01 1.243254584547595520e+00 0.000000000000000000e+00
-2.019526292668783363e+00 2.567324120718500469e-03 0.000000000000000000e+00 1.685560178064056946e-01 1.428804319266434586e+00 0.000000000000000000e+00
-2.120606625981748206e+00 5.050991425271905699e-03 0.000000000000000000e+00 1.192666968725927257e-01 1.557872107550120289e+00 0.000000000000000000e+00
-2.177562707062876690e+00 3.273119096497460745e-03 0.000000000000000000e+00 6.890280175560808962e-02 1.629898038196218257e+00 0.000000000000000000e+00
-2.175377850085740139e+00 -5.849824699638276997e-03 0.000000000000000000e+00 2.310310729694349530e-02 1.628562229418562213e+00 0.000000000000000000e+00
-1.998557838880881121e+00 2.944903007503121839e-03 0.000000000000000000e+00 5.421350350500176579e-02 1.411770266248047578e+00 0.000000000000000000e+00
-1.900021345329803157e+00 -2.893291348791175721e-03 0.000000000000000000e+00 1.285852368759384801e-01 1.283451503145744077e+00 0.000000000000000000e+00
-1.712404350442073842e+00 1.314010680806790288e-03 0.000000000000000000e+00 2.123952067118276277e-01 1.027738966679975441e+00 0.000000000000000000e+00
-1.378792764325408093e+00 7.602935483166962938e-04 0.000000000000000000e+00 2.714137744467433055e-01 5.282604640466310730e-01 0.000000000000000000e+00
-1.517668762522867532e+00 -1.088813647230717913e-03 0.000000000000000000e+00 -2.592784729085000350e-01 7.449824187574994871e-01 0.000000000000000000e+00
-1.786877146673528483e+00 -5.378849988555658990e-03 0.000000000000000000e+00 -1.882700117845457766e-01 1.130423431831178105e+00 0.000000000000000000e+00
-1.941905178153275902e+00 4.889735399735563315e-03 0.000000000000000000e+00 -9.974874498504712750e-02 1.338677152598563236e+00 0.000000000000000000e+00
-2.020358937333593730e+00 3.480820704316257147e-03 0.000000000000000000e+00 -2.573917748886745890e-02 1.439511616083149814e+00 0.000000000000000000e+00
-1.403793940264590479e+00 3.450364304501396789e-04 0.000000000000000000e+00 1.948261723600673290e-01 5.987487139794438473e-01 0.000000000000000000e+00
-1.657062454634224524e+00 1.581879235409262840e-03 0.000000000000000000e+00 6.470683268848684278e-02 9.745321061148302100e-01 0.000000000000000000e+00
-1.642263445634896790e+00 3.377796983552040777e-03 0.000000000000000000e+00 -7.857112772754318297e-02 9.538258318716916762e-01 0.000000000000000000e+00
-1.351821996041759677e+00 -2.303376395936980459e-04 0.000000000000000000e+00 -2.040969553299550043e-01 5.161092495249184342e-01 0.000000000000000000e+00
-1.705888224906013662e+00 2.153915213521317984e-03 0.000000000000000000e+00 1.143869265321370565e-01 1.034633910651848954e+00 0.000000000000000000e+00
-1.586329926845500893e+00 -4.382095769601031254e-04 0.000000000000000000e+00 -1.756230331590203919e-01 8.645587938968639641e-01 0.000000000000000000e+00
-1.791289774578205041e+00 -1.398644587426459140e-03 0.000000000000000000e+00 7.322577506725644336e-02 1.149326964950632579e+00 0.000000000000000000e+00
-1.293831734272466782e+00 -1.715585868248345122e-03 0.000000000000000000e+00 -2.393496821000282437e-01 4.045199239323723495e-01 0.000000000000000000e+00
-1.818089336174455450e+00 -3.816758104277430397e-03 0.000000000000000000e+00 -3.920763762481840886e-02 1.185351770478674904e+00 0.000000000000000000e+00
-1.554836062662960483e+00 1.006408333189473927e-03 0.000000000000000000e+00 1.979040267393726571e-01 8.159366102160451328e-01 0.000000000000000000e+00
-1.712614037493823460e+00 1.772695520916883760e-03 0.000000000000000000e+00 -1.264576130626883788e-01 1.042087732691820090e+00 0.000000000000000000e+00
1.060151518162837370e+00 -2.618868450370048003e-04 0.000000000000000000e+00 1.175761748888937974e-01 6.176493685076572815e-02 0.000000000000000000e+00
-2.180885307291894115e+00 4.826164275834654571e-03 0.000000000000000000e+00 -1.482716088084608252e-02 1.635295427626966003e+00 0.000000000000000000e+00
-2.195936785045751183e+00 -7.090302744370766130e-04 0.000000000000000000e+00 -6.243178569030478214e-02 1.652296684965147922e+00 0.000000000000000000e+00
-2.128284928837847367e+00 -6.058464180178232961e-03 0.000000000000000000e+00 -1.239183012962730146e-01 1.566865813871725965e+00 0.000000000000000000e+00
-2.003390364749806807e+00 3.888566968394426698e-03 0.000000000000000000e+00 -1.761851824364179808e-01 1.407808618212773144e+00 0.000000000000000000e+00
-1.819485725968524870e+00 -3.080520348342927206e-03 0.000000000000000000e+00 -2.407831156654088034e-01 1.163120157784335973e+00 0.000000000000000000e+00
-1.563183916490609615e+00 4.973767111366850235e-04 0.000000000000000000e+00 -2.902299165511937340e-01 7.999012452647249471e-01 0.000000000000000000e+00
-1.284998848733833077e+00 8.840593316634427767e-05 0.000000000000000000e+00 2.859805318121267370e-01 3.563521051193752065e-01 0.000000000000000000e+00
-1.650516420301079812e+00 4.325594963736164103e-03 0.000000000000000000e+00 2.794882139429668566e-01 9.267862326681161056e-01 0.000000000000000000e+00
-1.882759026166130667e+00 -3.768253858685402351e-03 0.000000000000000000e+00 2.180954758445292629e-01 1.249229607756259908e+00 0.000000000000000000e+00
-2.046503573696223377e+00 4.657032827129160488e-03 0.000000000000000000e+00 1.643845495455671379e-01 1.462710862045837557e+00 0.000000000000000000e+00
-2.155715761322519075e+00 1.312335094677263836e-04 0.000000000000000000e+00 1.013974385569572090e-01 1.601769932623547055e+00 0.000000000000000000e+00
-2.203120035550268252e+00 -6.210765576648111241e-03 0.000000000000000000e+00 4.100489262105827537e-02 1.661615670845995485e+00 0.000000000000000000e+00
-2.126258261279477146e+00 -3.868089482502306241e-03 0.000000000000000000e+00 1.800718083486677751e-02 1.569189556994364354e+00 0.000000000000000000e+00
-2.026992503688322511e+00 -5.323830597749424492e-03 0.000000000000000000e+00 4.642963030866337215e-02 1.447178710184284345e+00 0.000000000000000000e+00
-1.955050691868460255e+00 3.904884381976801710e-03 0.000000000000000000e+00 1.135229358768097968e-01 1.354037163190348281e+00 0.000000000000000000e+00
-1.837225582628044585e+00 -3.777245565774155212e-03 0.000000000000000000e+00 1.714365241570274256e-01 1.198205590125349440e+00 0.000000000000000000e+00
-1.656283058291207810e+00 9.046239225236722692e-04 0.000000000000000000e+00 2.358934053817558218e-01 9.466989719523022373e-01 0.000000000000000000e+00
-1.375937605017226950e+00 -6.363161221847914162e-04 0.000000000000000000e+00 2.748929301166732064e-01 5.218307404783266712e-01 0.000000000000000000e+00
-1.437879520393180677e+00 -7.241295920566645505e-04 0.000000000000000000e+00 -2.733572881433720125e-01 6.203363973423796640e-01 0.000000000000000000e+00
-1.694838726638516313e+00 3.865255773505308148e-03 0.000000000000000000e+00 -2.224099926833857932e-01 1.002079259514684573e+00 0.000000000000000000e+00
-1.861041645091535246e+00 -6.061148456309825572e-03 0.000000000000000000e+00 -1.672137595941429189e-01 1.229346510771350154e+00 0.000000000000000000e+00
-1.970769674207881739e+00 -3.875926902460642698e-03 0.000000000000000000e+00 -1.023606774317291773e-01 1.374546201911704735e+00 0.000000000000000000e+00
-2.036841587882854299e+00 3.622709319217064239e-03 0.000000000000000000e+00 -3.829050936593889065e-02 1.459540102161571262e+00 0.000000000000000000e+00
-2.196451621272840438e+00 -1.448062415242476648e-03 0.000000000000000000e+00 -3.629933042666730336e-02 1.653697946769839611e+00 0.000000000000000000e+00
-2.171227862173885637e+00 5.749761262279527024e-03 0.000000000000000000e+00 -8.020327895808120056e-02 1.621739501712994969e+00 0.000000000000000000e+00
-2.085183380976814327e+00 2.065324093850906539e-03 0.000000000000000000e+00 -1.390561223286317927e-01 1.512904350072569182e+00 0.000000000000000000e+00
-1.947634883542591844e+00 -1.605452174285523781e-03 0.000000000000000000e+00 -1.988844764312319713e-01 1.334800370403918413e+00 0.000000000000000000e+00
-1.758338108769008645e+00 -3.172222211239444922e-04 0.000000000000000000e+00 -2.533339696435091826e-01 1.079858869915742314e+00 0.000000000000000000e+00
-1.494007266405038337e+00 1.829206743252027520e-03 0.000000000000000000e+00 -2.956331632222649608e-01 6.960197331751788452e-01 0.000000000000000000e+00
-1.358850781852679379e+00 -1.735193285638880062e-03 0.000000000000000000e+00 2.959867301809383511e-01 4.814761171974817344e-01 0.000000000000000000e+00
-1.674402787991668751e+00 -4.419251284370540045e-03 0.000000000000000000e+00 2.689326158799988375e-01 9.627347814152027450e-01 0.000000000000000000e+00
-1.885157701326364288e+00 6.309815674450068579e-04 0.000000000000000000e+00 2.187703278508411620e-01 1.252181130202902004e+00 0.000000000000000000e+00
-2.040211991675306535e+00 4.399442112735546528e-03 0.000000000000000000e+00 1.648308986901156348e-01 1.454881143622781980e+00 0.000000000000000000e+00
-2.145763734664902778e+00 8.575059590624212191e-04 0.000000000000000000e+00 1.055098491316288217e-01 1.589438419321981044e+00 0.000000000000000000e+00
-2.195539469578402958e+00 2.791921860073043327e-04 0.000000000000000000e+00 5.200659884826969170e-02 1.652180908262194325e+00 0.000000000000000000e+00
-2.153361418824935924e+00 -6.647279919212819438e-03 0.000000000000000000e+00 1.411086117478073040e-02 1.602080610380430370e+00 0.000000000000000000e+00
-1.943084927662279693e+00 -4.373089811754438117e-04 0.000000000000000000e+00 6.710993984715768468e-02 1.342179802558881363e+00 0.000000000000000000e+00
-1.765934879347720532e+00 -3.210111393998953122e-03 0.000000000000000000e+00 1.754663298426214491e-01 1.105158799030367067e+00 0.000000000000000000e+00
-1.347864061186338613e+00 5.002953847377308166e-04 0.000000000000000000e+00 2.645976115442095766e-01 4.813284248552146538e-01 0.000000000000000000e+00
-1.635987262007675858e+00 -3.214608276406620557e-03 0.000000000000000000e+00 -2.241935298576885061e-01 9.218433239866223872e-01 0.000000000000000000e+00
-1.890231503444053551e+00 3.764252475013246668e-03 0.000000000000000000e+00 -1.093368641830989030e-01 1.272865208339598153e+00 0.000000000000000000e+00
-1.988932974693273348e+00 6.101383666570481257e-03 0.000000000000000000e+00 -4.341324823805794986e-03 1.400896846501726412e+00 0.000000000000000000e+00
-1.885605294105167085e+00 4.483407560548061110e-03 0.000000000000000000e+00 1.047826683206589671e-01 1.267396785042238738e+00 0.000000000000000000e+00
-1.605183499997314023e+00 -2.056391739115486991e-03 0.000000000000000000e+00 2.242555816882885744e-01 8.794230797666338084e-01 0.000000000000000000e+00
-1.459714622504635795e+00 -1.101433453223180092e-03 0.000000000000000000e+00 -2.550228747880225466e-01 6.610367415443643146e-01 0.000000000000000000e+00
-1.830109460689379741e+00 -6.651154666759556688e-04 0.000000000000000000e+00 -1.381671060563866016e-01 1.193367419964909804e+00 0.000000000000000000e+00
-1.960167774113581451e+00 -6.675495775785890429e-03 0.000000000000000000e+00 -2.182628720145280213e-02 1.364998798718746631e+00 0.000000000000000000e+00
-1.845769310144641739e+00 -4.983681121385854715e-03 0.000000000000000000e+00 1.100646146315509971e-01 1.216311685190555103e+00 0.000000000000000000e+00
-1.455854637077682590e+00 8.797626836071527345e-04 0.000000000000000000e+00 2.502927084480239817e-01 6.570686202835400724e-01 0.000000000000000000e+00
-1.653219198919222421e+00 4.687993455326784631e-03 0.000000000000000000e+00 -2.008790735512901715e-01 9.506060507664764181e-01 0.000000000000000000e+00
-1.905812197234034278e+00 5.658705922423588885e-03 0.000000000000000000e+00 -5.635862093175528220e-02 1.295945737787063567e+00 0.000000000000000000e+00
-1.422772574124579359e+00 -8.442684388353660641e-04 0.000000000000000000e+00 1.928882532263264948e-01 6.276120032798457871e-01 0.000000000000000000e+00
-1.677438598016317339e+00 -3.358218219980751984e-03 0.000000000000000000e+00 4.415484174900713432e-02 1.002619927056421556e+00 0.000000000000000000e+00
-1.614495277059961653e+00 -4.030403212870438401e-03 0.000000000000000000e+00 -1.132792914971451070e-01 9.130440326623839864e-01 0.000000000000000000e+00
-1.193554019656419385e+00 7.071478224660415453e-04 0.000000000000000000e+00 -2.006034847731527349e-01 2.472931936388507723e-01 0.000000000000000000e+00
-1.608601769603516640e+00 -4.638454734783590064e-04 0.000000000000000000e+00 1.215701765634943088e-01 9.040098181221971618e-01 0.000000000000000000e+00
-1.685255382749710318e+00 -8.047682956270896248e-04 0.000000000000000000e+00 -5.059300042785112167e-02 1.012612130404188182e+00 0.000000000000000000e+00
-1.372691402521357684e+00 -7.124347283245097140e-04 0.000000000000000000e+00 -2.069587853450165216e-01 5.473237099754543200e-01 0.000000000000000000e+00
-1.666923339589905018e+00 -3.669069593640595511e-03 0.000000000000000000e+00 1.135068792170770002e-01 9.831933365061971131e-01 0.000000000000000000e+00
-1.652251793442613081e+00 -2.208167388488627148e-04 0.000000000000000000e+00 -1.253929046259712465e-01 9.621728242563000189e-01 0.000000000000000000e+00
-1.302965075380255078e+00 8.938410860101619199e-04 0.000000000000000000e+00 2.074554602416028570e-01 4.367772995608959485e-01 0.000000000000000000e+00
-1.613099995948445331e+00 4.357970443857453469e-03 0.000000000000000000e+00 1.047686462667363344e-01 9.121820572490983992e-01 0.000000000000000000e+00
-1.669459337540153854e+00 -4.754370353571679697e-03 0.000000000000000000e+00 -3.902112788717009007e-02 9.923087663913604528e-01 0.000000000000000000e+00
-1.487965713363435860e+00 -1.574789787130686201e-03 0.000000000000000000e+00 -1.690599759582687711e-01 7.284830220418296864e-01 0.000000000000000000e+00
-1.371265523481697723e+00 -9.651168119479500845e-04 0.000000000000000000e+00 -1.583588150942798478e-01 5.611790501321074487e-01 0.000000000000000000e+00
-1.506119348401746993e+00 -1.221601624597862257e-03 0.000000000000000000e+00 -6.876855441324450369e-02 7.698642129334773987e-01 0.000000000000000000e+00
-1.525480250593437725e+00 1.171638570339667007e-03 0.000000000000000000e+00 3.628834232524917602e-02 7.987130086185681987e-01 0.000000000000000000e+00
-1.423793281420982826e+00 2.798638311447849275e-03 0.000000000000000000e+00 1.347046056041748541e-01 6.440975428582906837e-01 0.000000000000000000e+00
-1.314594367333107083e+00 -4.732186834854983093e-04 0.000000000000000000e+00 1.858078991496225907e-01 4.649168987022748167e-01 0.000000000000000000e+00
-1.470223594926803212e+00 3.059605155767284451e-03 0.000000000000000000e+00 1.685623011597239818e-01 7.032768221673959541e-01 0.000000000000000000e+00
-1.635744753461213952e+00 2.249249560769731038e-03 0.000000000000000000e+00 6.494793847217734950e-02 9.461650169897173335e-01 0.000000000000000000e+00
-1.645844875201978752e+00 -4.169153165681786094e-03 0.000000000000000000e+00 -5.137188048779245397e-02 9.604465659123473387e-01 0.000000000000000000e+00
-1.502488747446297346e+00 1.756603326134198451e-03 0.000000000000000000e+00 -1.536465830370093433e-01 7.523958300039084168e-01 0.000000000000000000e+00
-1.278304765780081675e+00 -1.215254664688541000e-03 0.000000000000000000e+00 -1.974983406917073803e-01 4.009604004682981726e-01 0.000000000000000000e+00
-1.099747598601406473e+00 5.683435276964896032e-06 0.000000000000000000e+00 7.203404218709502649e-02 1.550553290740787071e-01 0.000000000000000000e+00
-1.236479193798301734e+00 -8.544461280580242790e-04 0.000000000000000000e+00 -3.080636334611537228e-02 3.828541131337896974e-01 0.000000000000000000e+00
1.057327963832061402e+00 -1.319275124883845739e-04 0.000000000000000000e+00 1.263399810572388704e-01 3.291914560163791692e-02 0.000000000000000000e+00
-1.802251032474595505e+00 2.832153464276232491e-03 0.000000000000000000e+00 9.847675134003044950e-02 1.161563195993326580e+00 0.000000000000000000e+00
-1.194146199630360838e+00 1.129411670618910533e-03 0.000000000000000000e+00 -2.241969851493624821e-01 2.274102360538785561e-01 0.000000000000000000e+00
-1.812357081137070391e+00 5.967197015007003058e-04 0.000000000000000000e+00 -8.758924368629494861e-02 1.175410444521149067e+00 0.000000000000000000e+00
-1.223526646902179937e+00 -4.625323461188799584e-04 0.000000000000000000e+00 1.986784783948960798e-01 3.054741192631474922e-01 0.000000000000000000e+00
-1.531914867470586916e+00 2.057752770101551471e-03 0.000000000000000000e+00 1.492711540399930814e-01 7.944463792411411429e-01 0.000000000000000000e+00
-1.671397401877280586e+00 2.557551329638460547e-03 0.000000000000000000e+00 2.057379368821466922e-02 9.954146066931223169e-01 0.000000000000000000e+00
-1.595352987374809128e+00 4.292868855159531760e-03 0.000000000000000000e+00 -1.100040905181983303e-01 8.875841017017204182e-01 0.000000000000000000e+00
-1.287285487427348940e+00 -1.244660664722353413e-03 0.000000000000000000e+00 -2.067796110041686952e-01 4.112681333922353355e-01 0.000000000000000000e+00
-1.659612742025879939e+00 -2.353576653480002334e-03 0.000000000000000000e+00 1.231554738319317194e-01 9.722899479100179931e-01 0.000000000000000000e+00
-1.658716687796991884e+00 -1.548317649668402851e-03 0.000000000000000000e+00 -1.260031336752180930e-01 9.707283309090712908e-01 0.000000000000000000e+00
-1.282545751010617074e+00 1.255277925681027446e-03 0.000000000000000000e+00 2.065981534624944382e-01 4.034587601144892788e-01 0.000000000000000000e+00
-1.589967674409893172e+00 3.657264158013383976e-03 0.000000000000000000e+00 1.176573628483855299e-01 8.792907965686274085e-01 0.000000000000000000e+00
-1.671652466839051776e+00 4.399467358385176358e-03 0.000000000000000000e+00 -1.229353438109188554e-02 9.958931026372488393e-01 0.000000000000000000e+00
-1.540783978029478307e+00 3.758994008167415406e-03 0.000000000000000000e+00 -1.416529285624016921e-01 8.081494275243308323e-01 0.000000000000000000e+00
-1.223829608200721397e+00 1.256827315381529343e-03 0.000000000000000000e+00 -1.995443984264715642e-01 3.054631118938776480e-01 0.000000000000000000e+00
-1.699493732771080845e+00 1.453408881697759725e-03 0.000000000000000000e+00 1.181339485236375386e-01 1.025787520437983602e+00 0.000000000000000000e+00
-1.597459371003759454e+00 6.397392436202692031e-04 0.000000000000000000e+00 -1.703879047683670156e-01 8.808704907967750408e-01 0.000000000000000000e+00
-1.798428928849442610e+00 3.845334778196402015e-03 0.000000000000000000e+00 7.815056616209689611e-02 1.158198050349782404e+00 0.000000000000000000e+00
-1.244825935211192114e+00 2.836452195032358042e-05 0.000000000000000000e+00 -2.345597017435448739e-01 3.199533920951038168e-01 0.000000000000000000e+00
-1.817021863182525454e+00 5.180647920222956893e-03 0.000000000000000000e+00 -4.962879862235557160e-02 1.183604321068491227e+00 0.000000000000000000e+00
-1.604676578803227116e+00 1.491799426607823970e-03 0.000000000000000000e+00 1.799245755409230041e-01 8.888602767318345421e-01 0.000000000000000000e+00
-1.681657341427813313e+00 4.481504870815868069e-03 0.000000000000000000e+00 -1.414887081320259088e-01 9.991828400048519132e-01 0.000000000000000000e+00
-1.892271995151145525e+00 -4.687373718241266696e-03 0.000000000000000000e+00 5.292207988099378174e-02 1.279034193536253472e+00 0.000000000000000000e+00
-1.608042585656794365e+00 -1.272341191933160087e-03 0.000000000000000000e+00 2.117008590077990859e-01 8.864717849100944846e-01 0.000000000000000000e+00
-1.553235594218107973e+00 1.270367523828436901e-03 0.000000000000000000e+00 -2.265922681304833042e-01 8.061860480157401199e-01 0.000000000000000000e+00
-1.878480495841861053e+00 2.512207034411989559e-03 0.000000000000000000e+00 -7.047493243197211488e-02 1.260755829685644702e+00 0.000000000000000000e+00
-1.419803080294660180e+00 2.814191340747493331e-03 0.000000000000000000e+00 -1.030982817626124870e-01 6.441913157577165983e-01 0.000000000000000000e+00
-1.443786509194590728e+00 9.754756380572562890e-04 0.000000000000000000e+00 8.521623962958072007e-02 6.808976624239113651e-01 0.000000000000000000e+00
-1.205764672974589891e+00 -2.781580344682959768e-04 0.000000000000000000e+00 1.864252421352721178e-01 2.810159264116197653e-01 0.000000000000000000e+00
1.026151101045638780e+00 1.091220421652212011e-04 0.000000000000000000e+00 -1.195417389077763071e-01 6.219732878014715138e-02 0.000000000000000000e+00
7.489213483670378313e-01 -1.043429161162575053e-03 0.000000000000000000e+00 1.041310298971414583e-01 4.710629839912839900e-01 0.000000000000000000e+00
-9.780515432349214944e-01 -3.882078853479492553e-06 0.000000000000000000e+00 -2.119555692684384901e-02 4.751625599323122673e-02 0.000000000000000000e+00
7.464023505920234225e-01 7.293371339153757911e-04 0.000000000000000000e+00 -1.004611336547699130e-01 4.773609077358508257e-01 0.000000000000000000e+00
1.012795791966376591e+00 3.259493286648019366e-04 0.000000000000000000e+00 1.258470843682000795e-01 1.308642044776699431e-01 0.000000000000000000e+00
-1.254495384361161481e+00 -6.102820744064655495e-05 0.000000000000000000e+00 1.985428840227839442e-01 3.602111485868880192e-01 0.000000000000000000e+00
-1.513045995423282442e+00 3.235411752089547427e-03 0.000000000000000000e+00 1.550680172226442388e-01 7.669519766237999914e-01 0.000000000000000000e+00
-1.659724095463527060e+00 -2.291172139602866767e-03 0.000000000000000000e+00 3.369053104977119684e-02 9.796280055131770803e-01 0.000000000000000000e+00
-1.621109950762029461e+00 2.795381133981413198e-03 0.000000000000000000e+00 -8.519171879214015863e-02 9.249698147562283035e-01 0.000000000000000000e+00
-1.391634332889671199e+00 -5.739362808961940426e-04 0.000000000000000000e+00 -1.923388180716998908e-01 5.813209243440984331e-01 0.000000000000000000e+00
1.021789958892138195e+00 -3.645181915855425512e-05 0.000000000000000000e+00 -1.109243154712431512e-01 9.161712763213869515e-02 0.000000000000000000e+00
8.148687873642554980e-01 9.707036646155724896e-04 0.000000000000000000e+00 4.452707396933258677e-02 3.442924005371776897e-01 0.000000000000000000e+00
8.512433756910779969e-01 -1.189995623082525360e-03 0.000000000000000000e+00 1.178990813693258644e-01 2.509604872063888048e-01 0.000000000000000000e+00
7.727817837024222314e-01 -6.072433501114664432e-04 0.000000000000000000e+00 2.045171335590412753e-01 3.808121229217664161e-01 0.000000000000000000e+00
6.384135741392509278e-01 6.063908829157275623e-05 0.000000000000000000e+00 -1.989925744142408484e-02 7.350838012451992309e-01 0.000000000000000000e+00
8.378815992520244338e-01 4.038540599672086479e-04 0.000000000000000000e+00 -1.488281994356572269e-01 2.633807293909730673e-01 0.000000000000000000e+00
7.866259721651207570e-01 -4.879706437250512421e-04 0.000000000000000000e+00 -8.645542944110443107e-02 3.944192803603498998e-01 0.000000000000000000e+00
8.114806646085737096e-01 1.287360758846087944e-03 0.000000000000000000e+00 1.187336804286382025e-01 3.333325932499756616e-01 0.000000000000000000e+00
7.345573116507482236e-01 -9.625405482391437631e-04 0.000000000000000000e+00 5.442558362109553571e-02 5.104488640721565051e-01 0.000000000000000000e+00
7.505320483976770651e-01 1.676286388256649842e-03 0.000000000000000000e+00 -9.170995856277316949e-02 4.701387712346768444e-01 0.000000000000000000e+00
8.126995616361705199e-01 -8.085175876366580000e-04 0.000000000000000000e+00 -1.141479841426742831e-01 3.323853645383053612e-01 0.000000000000000000e+00
-9.812316976384816147e-01 9.488436672943441254e-05 0.000000000000000000e+00 -3.495088077611517574e-02 3.298312017501341120e-02 0.000000000000000000e+00
8.182591678239092836e-01 -1.307082656216846262e-03 0.000000000000000000e+00 1.197621888414377722e-01 3.187388913401721924e-01 0.000000000000000000e+00
7.283578709600990742e-01 1.985496379659964714e-03 0.000000000000000000e+00 3.363488730728823872e-02 5.257687602147027572e-01 0.000000000000000000e+00
7.707251067651852416e-01 -1.561995944110616125e-03 0.000000000000000000e+00 -1.151979074372853351e-01 4.210464283025406873e-01 0.000000000000000000e+00
8.001106285394385953e-01 -1.726694487631708422e-03 0.000000000000000000e+00 -1.079806436415597509e-01 3.606833885467174428e-01 0.000000000000000000e+00
7.899437782562801491e-01 1.350294882408467623e-03 0.000000000000000000e+00 9.369582773447966695e-02 3.858139225744335876e-01 0.000000000000000000e+00
8.126618428549048367e-01 -8.817974521356337567e-04 0.000000000000000000e+00 1.432978228680908406e-01 3.209797821086654013e-01 0.000000000000000000e+00
7.852932740894538188e-01 5.408607127302346353e-04 0.000000000000000000e+00 -1.511310170958777288e-01 3.773663895682349279e-01 0.000000000000000000e+00
8.000104774214595871e-01 5.444787624133344377e-04 0.000000000000000000e+00 1.589842763211646859e-01 3.415126243772006465e-01 0.000000000000000000e+00
8.355812352643374741e-01 3.758609377192858973e-04 0.000000000000000000e+00 1.954196052048911003e-01 2.366667890113467454e-01 0.000000000000000000e+00
8.316154663862189711e-01 1.297039445136913272e-04 0.000000000000000000e+00 -2.585999405501066550e-01 1.790517017775122843e-01 0.000000000000000000e+00
7.564645504478899607e-01 -1.615276509779166488e-03 0.000000000000000000e+00 3.040765573757119311e-01 3.536724684224747950e-01 0.000000000000000000e+00
5.286113718274042528e-01 2.782012808982112576e-03 0.000000000000000000e+00 1.745438571581234277e-01 1.015762084357455519e+00 0.000000000000000000e+00
5.383053321572779382e-01 -1.684799386865797055e-03 0.000000000000000000e+00 -2.173228218313045523e-01 9.784501766820130619e-01 0.000000000000000000e+00
8.104881030330488567e-01 6.731757894290956931e-05 0.000000000000000000e+00 2.963403317714028429e-01 1.969454916445037007e-01 0.000000000000000000e+00
7.925360021417049428e-01 1.063490929564959997e-03 0.000000000000000000e+00 -2.942527659008572494e-01 2.586550920062599124e-01 0.000000000000000000e+00
6.679605378178479214e-01 -2.545153862264226251e-03 0.000000000000000000e+00 3.267680668171518699e-01 5.781274259894568779e-01 0.000000000000000000e+00
5.568565176531570238e-01 -2.087097086070468458e-03 0.000000000000000000e+00 2.027592041006715529e-01 9.274794323846475841e-01 0.000000000000000000e+00
5.332420585669317425e-01 3.845492174014394741e-03 0.000000000000000000e+00 -4.375760041851935178e-02 1.016066297498232185e+00 0.000000000000000000e+00
5.812792397789579013e-01 -1.108822299662279992e-03 0.000000000000000000e+00 -2.596035638921559974e-01 8.432638279645959800e-01 0.000000000000000000e+00
7.393880805671826373e-01 -2.012062385768322026e-03 0.000000000000000000e+00 -3.001546360149488502e-01 4.034913800837753861e-01 0.000000000000000000e+00
7.401838454057995120e-01 -1.088244143834737887e-03 0.000000000000000000e+00 -2.736857702908155332e-01 4.198504692401671123e-01 0.000000000000000000e+00
6.246983948286737309e-01 8.802534254769324440e-04 0.000000000000000000e+00 -1.661049714292299750e-01 7.513299872760252907e-01 0.000000000000000000e+00
6.022571045911522258e-01 -2.977301064633632553e-03 0.000000000000000000e+00 4.898234554860185497e-02 8.253610667844308857e-01 0.000000000000000000e+00
6.601529045867995382e-01 1.829519265417953178e-04 0.000000000000000000e+00 2.327833151152434721e-01 6.417237047804871253e-01 0.000000000000000000e+00
8.219072244551175466e-01 -3.376231091651109815e-04 0.000000000000000000e+00 2.503960564162241442e-01 2.200742528939924614e-01 0.000000000000000000e+00
8.274367748720710125e-01 5.520987641982749716e-04 0.000000000000000000e+00 -2.216801722497759586e-01 2.343827117561733953e-01 0.000000000000000000e+00
6.531990733979876618e-01 -1.907407088408346902e-03 0.000000000000000000e+00 1.050919359530677610e-01 6.913757917302598699e-01 0.000000000000000000e+00
6.902653784057011244e-01 2.286944733187346729e-04 0.000000000000000000e+00 -1.791797752669364030e-01 5.853509611969930360e-01 0.000000000000000000e+00
7.579441308926225807e-01 -1.037384796897240606e-03 0.000000000000000000e+00 2.274911044322646125e-01 4.035963659269551917e-01 0.000000000000000000e+00
6.495004559293332536e-01 5.073050125426262214e-05 0.000000000000000000e+00 -1.684122267011833318e-01 6.879546274383118165e-01 0.000000000000000000e+00
-9.528403315489071268e-01 -3.458016749506722482e-05 0.000000000000000000e+00 8.079034477953619953e-02 4.024175536937998898e-02 0.000000000000000000e+00
6.428187151485811324e-01 -2.016238749725570312e-03 0.000000000000000000e+00 1.534775377680561437e-01 7.080920779540440524e-01 0.000000000000000000e+00
7.792337941000042623e-01 -1.730315698793584260e-03 0.000000000000000000e+00 -2.164667465265065482e-01 3.586666063492279788e-01 0.000000000000000000e+00
-9.643881511450693722e-01 -1.726815530113436905e-04 0.000000000000000000e+00 5.618372983810600296e-02 4.460966929454691227e-02 0.000000000000000000e+00
7.641333266951846337e-01 1.741307514098108800e-05 0.000000000000000000e+00 2.148497950737054962e-01 3.957198096605987203e-01 0.000000000000000000e+00
6.376375380373330293e-01 -1.270590074608537057e-03 0.000000000000000000e+00 -8.711991990423936794e-02 7.320983559264310214e-01 0.000000000000000000e+00
7.389005510683127609e-01 3.569165912396202872e-04 0.000000000000000000e+00 2.403447273332954826e-01 4.429407555098692217e-01 0.000000000000000000e+00
6.778025381357544177e-01 1.168785492286500936e-03 0.000000000000000000e+00 -2.254134763957509335e-01 6.000435494131257652e-01 0.000000000000000000e+00
6.175815272518569987e-01 1.262445646627592243e-03 0.000000000000000000e+00 5.111469958141985626e-02 7.857863347797852116e-01 0.000000000000000000e+00
7.546126642384364258e-01 3.994548900023604798e-04 0.000000000000000000e+00 2.580185760606263923e-01 3.932532078572436585e-01 0.000000000000000000e+00
8.568742633732424618e-01 -8.961811465775981669e-04 0.000000000000000000e+00 -1.381887935951110480e-01 2.282290395914200187e-01 0.000000000000000000e+00
7.781846211886127573e-01 5.254122944081426709e-04 0.000000000000000000e+00 6.043637595571005328e-02 4.167287818374136865e-01 0.000000000000000000e+00
9.416739633872084347e-01 1.908446744622580883e-04 0.000000000000000000e+00 1.263753825830985777e-01 4.448168258465372976e-02 0.000000000000000000e+00
1.000837743055103868e+00 -6.650433284197795804e-04 0.000000000000000000e+00 2.556352702399861676e-01 2.528897772724940651e-01 0.000000000000000000e+00
-1.255362469620588062e+00 -1.837787661846185944e-03 0.000000000000000000e+00 -3.711903225361620762e-02 4.109419773507809737e-01 0.000000000000000000e+00
-1.196993039929185043e+00 -2.878289972878533831e-04 0.000000000000000000e+00 1.007502870702209063e-01 3.076646945750022288e-01 0.000000000000000000e+00
1.014606324065172371e+00 2.079012018175038171e-04 0.000000000000000000e+00 6.746274130948048953e-02 1.567711662274135498e-01 0.000000000000000000e+00
-1.432914052544360217e+00 -1.802458609465804051e-03 0.000000000000000000e+00 1.869741429870932503e-01 6.443307900034382918e-01 0.000000000000000000e+00
-1.665585768773551134e+00 2.129522067959299658e-03 0.000000000000000000e+00 5.399576568822746225e-02 9.864800816837955288e-01 0.000000000000000000e+00
-1.629890924044310907e+00 1.348962322087580989e-03 0.000000000000000000e+00 -9.196896057675010838e-02 9.360907501985995527e-01 0.000000000000000000e+00
-1.308057337085597016e+00 -1.961202988674510747e-03 0.000000000000000000e+00 -2.090967327448914614e-01 4.443171726070860306e-01 0.000000000000000000e+00
-1.639029631497547879e+00 3.676932412282277705e-03 0.000000000000000000e+00 1.285277824145865666e-01 9.440576886432083814e-01 0.000000000000000000e+00
-1.677532757829366394e+00 -1.280264393779782794e-04 0.000000000000000000e+00 -9.944166647753541199e-02 9.987762692456760849e-01 0.000000000000000000e+00
-1.346701778010325867e+00 -2.247912376825640917e-03 0.000000000000000000e+00 2.139944241907958955e-01 5.040401688868966223e-01 0.000000000000000000e+00
-1.709087942332789822e+00 1.217922760746725785e-03 0.000000000000000000e+00 3.756461598867892604e-02 1.044454233309982438e+00 0.000000000000000000e+00
-1.556953752383447132e+00 3.887284036113644158e-03 0.000000000000000000e+00 -1.562621005173314426e-01 8.278681237471171572e-01 0.000000000000000000e+00
-1.236381774619886409e+00 -3.413535407081960682e-04 0.000000000000000000e+00 1.119486579778285473e-01 3.672670561383701848e-01 0.000000000000000000e+00
-1.342664086192638218e+00 -1.017537357495418250e-03 0.000000000000000000e+00 -2.964015126338590683e-02 5.409060215728835885e-01 0.000000000000000000e+00
-1.240738105647670952e+00 -1.100966837296509784e-03 0.000000000000000000e+00 -9.073890535086676090e-02 3.798623170945219507e-01 0.000000000000000000e+00
