-1.000846717269286756e+00 -2.273603787867177766e-05 0.000000000000000000e+00 -3.061463363619417594e-02 1.655972440021612896e-02 0.000000000000000000e+00
-1.069422735567713056e+00 5.569107724694970923e-04 0.000000000000000000e+00 -7.088912402856317047e-03 1.223229711127534480e-01 0.000000000000000000e+00
-1.069788316434910680e+00 -4.132152989780226576e-05 0.000000000000000000e+00 -1.544755426169741423e-02 1.221363137628513340e-01 0.000000000000000000e+00
-1.054517027221064884e+00 -1.106322347097891956e-04 0.000000000000000000e+00 3.656194949297011942e-02 9.196869208518861083e-02 0.000000000000000000e+00
-1.020308608543617268e+00 -5.213931795734218742e-05 0.000000000000000000e+00 -4.210337394312226034e-02 2.546699391456880637e-02 0.000000000000000000e+00
-1.062806925389194301e+00 1.421144851287432093e-04 0.000000000000000000e+00 -3.018634924897753077e-02 1.078862299596139718e-01 0.000000000000000000e+00
-1.058926331757067629e+00 -4.728290691782804228e-04 0.000000000000000000e+00 3.237725850780901610e-02 1.008289474083623322e-01 0.000000000000000000e+00
-1.071135075715958562e+00 -1.964789480346593870e-04 0.000000000000000000e+00 -2.676806962964833891e-02 1.223581499875068951e-01 0.000000000000000000e+00
-1.168390861889719856e+00 1.215645139449489723e-03 0.000000000000000000e+00 1.827456925748496830e-02 2.787613391519053185e-01 0.000000000000000000e+00
-1.154467204571975270e+00 -3.972323356354404145e-04 0.000000000000000000e+00 -5.267832549483893179e-02 2.521357950313907192e-01 0.000000000000000000e+00
-1.216949252102468515e+00 -1.638802666028487537e-03 0.000000000000000000e+00 -7.304674440993635942e-02 3.467280666113623511e-01 0.000000000000000000e+00
-1.157948513051562767e+00 9.967235895043582289e-04 0.000000000000000000e+00 1.044857710763377190e-01 2.413941114177076686e-01 0.000000000000000000e+00
-1.132343021729329990e+00 -1.182035944093974555e-04 0.000000000000000000e+00 -8.765206680266468542e-02 2.047573902225016118e-01 0.000000000000000000e+00
1.004699228585134385e+00 -1.374465122257012735e-03 0.000000000000000000e+00 -3.381152702482244365e-02 2.797309964582183617e-01 0.000000000000000000e+00
-1.137566984641094514e+00 1.001028714113382304e-03 0.000000000000000000e+00 -1.637102473322052387e-02 2.304047104704959881e-01 0.000000000000000000e+00
1.002468057191080675e+00 -6.839493232293277370e-05 0.000000000000000000e+00 5.818471188194843102e-02 5.081914962819205489e-02 0.000000000000000000e+00
-1.143519856666470824e+00 3.740685470576404770e-04 0.000000000000000000e+00 -1.483603320064440234e-02 2.399138451434532637e-01 0.000000000000000000e+00
1.000127784870875391e+00 1.814377887617055858e-04 0.000000000000000000e+00 -1.916038373405816453e-01 2.676005201278259804e-01 0.000000000000000000e+00
9.685623852152180913e-01 -1.256434042580975135e-05 0.000000000000000000e+00 -1.286158828516793251e-01 7.064567878641146714e-03 0.000000000000000000e+00
8.251487822914382875e-01 1.766492032028439511e-04 0.000000000000000000e+00 -4.831323707230752995e-02 3.234267167451199687e-01 0.000000000000000000e+00
8.389773428047382353e-01 -1.079892167903162559e-03 0.000000000000000000e+00 -2.807509997504301427e-02 2.990798606659887948e-01 0.000000000000000000e+00
1.015872003188438955e+00 6.166187827910873595e-04 0.000000000000000000e+00 1.028656295442618440e-01 1.281768971383536737e-01 0.000000000000000000e+00
-1.440281551054444442e+00 -1.085588116178162754e-04 0.000000000000000000e+00 1.856731655299275474e-01 6.554766227711121829e-01 0.000000000000000000e+00
-1.667608471477271870e+00 -3.575777586781389572e-03 0.000000000000000000e+00 4.718972708895634305e-02 9.894951701226778473e-01 0.000000000000000000e+00
-1.625976973541892301e+00 -3.151506259475897465e-03 0.000000000000000000e+00 -9.779406133684304114e-02 9.302443328005115530e-01 0.000000000000000000e+00
-1.298329125045401655e+00 -1.772264022392722183e-03 0.000000000000000000e+00 -2.093961951695054169e-01 4.282194425704327623e-01 0.000000000000000000e+00
-1.632482277291363193e+00 -3.781932207593066003e-03 0.000000000000000000e+00 1.247645932656984147e-01 9.357619577858135029e-01 0.000000000000000000e+00
-1.682424857077919000e+00 -5.561936653875505787e-04 0.000000000000000000e+00 -9.071080736427515612e-02 1.006062568483262698e+00 0.000000000000000000e+00
-1.299276388318936881e+00 -1.744370684927290527e-03 0.000000000000000000e+00 2.177112886589903096e-01 4.256263620322485730e-01 0.000000000000000000e+00
-1.706866038131520824e+00 4.897976296641064209e-03 0.000000000000000000e+00 4.884719859692793209e-02 1.041075538631853759e+00 0.000000000000000000e+00
-1.570244657773820274e+00 2.734391168548450449e-03 0.000000000000000000e+00 -1.518855654188916715e-01 8.469800724463758534e-01 0.000000000000000000e+00
-1.432073120546178302e+00 1.119483883715192279e-03 0.000000000000000000e+00 -8.517854697440385703e-02 6.642697411702285226e-01 0.000000000000000000e+00
-1.379351043481422234e+00 1.836278793925378780e-03 0.000000000000000000e+00 1.234277453006560332e-01 5.817556799947833923e-01 0.000000000000000000e+00
-1.250268139107924004e+00 -7.330544903750815973e-04 0.000000000000000000e+00 -6.495588461056969742e-02 3.996712173029122184e-01 0.000000000000000000e+00
-1.259693170482969249e+00 -3.411002347958550646e-04 0.000000000000000000e+00 5.145873970126001867e-02 4.159255472281677690e-01 0.000000000000000000e+00
-1.398366227658890848e+00 2.825139458790611353e-03 0.000000000000000000e+00 -2.705888602516702893e-02 6.213251873072687115e-01 0.000000000000000000e+00
-1.300347907523831337e+00 -1.651757067688476577e-03 0.000000000000000000e+00 -1.667070774953290091e-01 4.497586394641215901e-01 0.000000000000000000e+00
-1.500749332022439209e+00 -4.570565405848797669e-04 0.000000000000000000e+00 -2.500392561660398291e-02 7.651030262039471008e-01 0.000000000000000000e+00
-1.399025108052134536e+00 -5.436343490446624016e-04 0.000000000000000000e+00 1.286485796144333782e-01 6.094183760860388821e-01 0.000000000000000000e+00
-1.948452213009103318e+00 2.433644836810886641e-03 0.000000000000000000e+00 5.391998752838928627e-02 1.349476063629341693e+00 0.000000000000000000e+00
-1.781854968690331775e+00 -2.883900539460471091e-03 0.000000000000000000e+00 1.655176586412779871e-01 1.127437177532789381e+00 0.000000000000000000e+00
-1.364441182092986260e+00 -1.383417689216136920e-03 0.000000000000000000e+00 2.627975927044533533e-01 5.094560987909567684e-01 0.000000000000000000e+00
-1.643157373391369358e+00 -1.457355040074214802e-03 0.000000000000000000e+00 -2.188316895563931497e-01 9.329132867544700503e-01 0.000000000000000000e+00
-1.896177005275730965e+00 -4.318360342477718314e-03 0.000000000000000000e+00 -1.050484233756449892e-01 1.280737890248307753e+00 0.000000000000000000e+00
-1.993670107828376281e+00 4.015613459772832128e-03 0.000000000000000000e+00 5.630182705785946248e-03 1.406749268252284413e+00 0.000000000000000000e+00
-1.898193950076778158e+00 -1.729435286912293923e-03 0.000000000000000000e+00 1.035670128859667444e-01 1.283400826209940337e+00 0.000000000000000000e+00
-1.653108659548444770e+00 5.211182842055420150e-04 0.000000000000000000e+00 2.170599482747486708e-01 9.468753562498137821e-01 0.000000000000000000e+00
-1.323889051497993741e+00 2.898647303540351997e-04 0.000000000000000000e+00 -2.629482485535258318e-01 4.419886448187190231e-01 0.000000000000000000e+00
-1.758209366567265119e+00 -4.828536601621941093e-03 0.000000000000000000e+00 -1.828164289326640324e-01 1.093842300573067305e+00 0.000000000000000000e+00
-1.940988721320022758e+00 4.998634280301565008e-03 0.000000000000000000e+00 -6.390725730955890138e-02 1.339718132100272907e+00 0.000000000000000000e+00
-2.161466509473029429e+00 -2.493045931897003298e-03 0.000000000000000000e+00 -2.330340519498623475e-02 1.611757069945197296e+00 0.000000000000000000e+00
-2.189063650260480109e+00 5.369522469340012871e-03 0.000000000000000000e+00 -5.115956236645553129e-02 1.644415961051415964e+00 0.000000000000000000e+00
-2.138956126644846023e+00 -7.225650137015746100e-03 0.000000000000000000e+00 -1.117592290549141165e-01 1.580755768532850825e+00 0.000000000000000000e+00
-2.040097829946140529e+00 4.671797531756293614e-03 0.000000000000000000e+00 -1.564281428859071177e-01 1.455664169532839836e+00 0.000000000000000000e+00
-1.894867645389790578e+00 2.006963210274839704e-03 0.000000000000000000e+00 -2.125307345873916343e-01 1.265664857855806291e+00 0.000000000000000000e+00
-1.700456428369108597e+00 -4.803508471463852070e-04 0.000000000000000000e+00 -2.653902446249406522e-01 9.991745736327906080e-01 0.000000000000000000e+00
-1.427147105610695244e+00 -1.172527257439246601e-03 0.000000000000000000e+00 -2.989518631105529400e-01 5.915002899257596480e-01 0.000000000000000000e+00
-1.408157928789180335e+00 -1.369892838446289118e-03 0.000000000000000000e+00 2.978365542244333919e-01 5.617820108443364324e-01 0.000000000000000000e+00
-1.688571924923217171e+00 -3.740970392246335818e-03 0.000000000000000000e+00 2.654036610147834097e-01 9.830339764737703323e-01 0.000000000000000000e+00
-1.884912230178510839e+00 -7.648773001005283734e-04 0.000000000000000000e+00 2.164979787041382553e-01 1.252257549245559431e+00 0.000000000000000000e+00
-2.032420137146739858e+00 1.427997817973897243e-04 0.000000000000000000e+00 1.632349338090977875e-01 1.445406534996123593e+00 0.000000000000000000e+00
-2.135058173326826125e+00 -1.080958806691206808e-03 0.000000000000000000e+00 1.083015059895839211e-01 1.576246315624302952e+00 0.000000000000000000e+00
-2.187416619916890959e+00 5.315766169011262865e-03 0.000000000000000000e+00 6.237830690083531748e-02 1.642044746122665710e+00 0.000000000000000000e+00
-2.167353614447435461e+00 -5.818495259495945482e-03 0.000000000000000000e+00 1.733575192074778004e-02 1.618950586439477313e+00 0.000000000000000000e+00
-1.919808727570101237e+00 -1.082357683692469763e-03 0.000000000000000000e+00 7.218324391645407345e-02 1.312743953222050619e+00 0.000000000000000000e+00
-1.698666318816705934e+00 -4.584481749366168570e-03 0.000000000000000000e+00 1.939373528578113293e-01 1.013086613291359406e+00 0.000000000000000000e+00
-1.284646222644061364e+00 5.112774595616501050e-04 0.000000000000000000e+00 -2.568080561786507676e-01 3.772761512042490661e-01 0.000000000000000000e+00
-1.766606185952906305e+00 1.102699008242327347e-03 0.000000000000000000e+00 -1.690513359199524723e-01 1.107027261219514447e+00 0.000000000000000000e+00
-1.942202191216365836e+00 7.214803821378734661e-04 0.000000000000000000e+00 -4.621429713453230337e-02 1.341954910115126687e+00 0.000000000000000000e+00
-1.632234736761093430e+00 -3.494699866686143408e-03 0.000000000000000000e+00 1.505857535544560255e-01 9.316227010443932643e-01 0.000000000000000000e+00
-1.677111811471849512e+00 5.261384509973252022e-04 0.000000000000000000e+00 -1.277999913969864731e-01 9.949766621630549146e-01 0.000000000000000000e+00
-1.429974438380497759e+00 1.797954950106133137e-03 0.000000000000000000e+00 -3.193601991086656572e-02 6.659873071853279480e-01 0.000000000000000000e+00
-1.287152774765214502e+00 -1.578900433540555287e-03 0.000000000000000000e+00 -1.485596208920704764e-01 4.354717555820466490e-01 0.000000000000000000e+00
-1.384063991252598935e+00 2.367740752172020971e-03 0.000000000000000000e+00 1.043799727796470012e-01 5.923433964576294564e-01 0.000000000000000000e+00
-1.309787023875653933e+00 -1.738828904555518584e-03 0.000000000000000000e+00 8.907114153180703542e-02 4.854866181672596315e-01 0.000000000000000000e+00
-1.220477647339505367e+00 1.189891512192177772e-03 0.000000000000000000e+00 -1.274449887150951866e-01 3.364018500410005386e-01 0.000000000000000000e+00
-1.369214621053940428e+00 -2.225917300494598822e-03 0.000000000000000000e+00 -5.143915797544335033e-02 5.778486704488181580e-01 0.000000000000000000e+00
-1.229615172847612570e+00 -8.145431437214063417e-04 0.000000000000000000e+00 -1.824173581466289051e-01 3.260973612226790719e-01 0.000000000000000000e+00
-1.466146599160790043e+00 2.916301305619338480e-03 0.000000000000000000e+00 -8.934443228007946103e-02 7.119189242019455799e-01 0.000000000000000000e+00
-1.503167314975281110e+00 -9.436472161611988985e-04 0.000000000000000000e+00 4.465508044292360035e-02 7.675533026432918016e-01 0.000000000000000000e+00
-1.318269816027939356e+00 1.605019649286915095e-03 0.000000000000000000e+00 1.668565684211951172e-01 4.777604658610075106e-01 0.000000000000000000e+00
-1.110988100503761400e+00 3.661763747648486694e-04 0.000000000000000000e+00 -4.766447928619334945e-02 1.827369788154725727e-01 0.000000000000000000e+00
9.891866044828833138e-01 1.914146234345325080e-04 0.000000000000000000e+00 6.590142947450086663e-02 1.883935973775538453e-01 0.000000000000000000e+00
9.865088671965263067e-01 -3.164032406341181405e-04 0.000000000000000000e+00 1.588833304131968549e-01 8.429195488218221843e-02 0.000000000000000000e+00
9.104763220522427147e-01 -2.476752174209633298e-04 0.000000000000000000e+00 -1.239075532854885808e-01 1.224673903941608244e-01 0.000000000000000000e+00
8.256484497481885176e-01 1.064047136107573385e-03 0.000000000000000000e+00 -5.093403507513083461e-02 3.220485207585874199e-01 0.000000000000000000e+00
8.411384598045106298e-01 -1.400709142424409054e-03 0.000000000000000000e+00 -2.991280725166336335e-02 2.947767485082150030e-01 0.000000000000000000e+00
-1.094521492420967856e+00 3.294083025002047908e-04 0.000000000000000000e+00 6.565438009109604393e-03 1.624596337306689620e-01 0.000000000000000000e+00
8.293557821470668445e-01 -1.639069664240880124e-04 0.000000000000000000e+00 -9.497786312875942938e-02 3.043977804811209831e-01 0.000000000000000000e+00
8.025079195574393864e-01 -1.277098976854860839e-03 0.000000000000000000e+00 2.881299934315964192e-02 3.705587921021251674e-01 0.000000000000000000e+00
8.150562030269226099e-01 1.604962650684197637e-03 0.000000000000000000e+00 8.768699941909058326e-02 3.354967700093226535e-01 0.000000000000000000e+00
8.223895313127318474e-01 -1.683375959684071770e-04 0.000000000000000000e+00 -8.854909561605713020e-02 3.203844796108960002e-01 0.000000000000000000e+00
8.007153729018539057e-01 -2.910472366600691529e-04 0.000000000000000000e+00 2.320731338425367773e-02 3.745512592480516600e-01 0.000000000000000000e+00
8.123421456922457207e-01 -2.837141955895462015e-04 0.000000000000000000e+00 8.384501582771800021e-02 3.419961514321829821e-01 0.000000000000000000e+00
8.060259834381617861e-01 -1.090272181908157143e-03 0.000000000000000000e+00 -8.090203212657584575e-02 3.555671208141589212e-01 0.000000000000000000e+00
8.124891402812228769e-01 1.569287606747755276e-03 0.000000000000000000e+00 -5.320811649709905611e-02 3.477836067244360896e-01 0.000000000000000000e+00
8.585584678450914886e-01 -6.484552492714692811e-04 0.000000000000000000e+00 1.116299304187901298e-01 2.388630112811066797e-01 0.000000000000000000e+00
7.001338411721881316e-01 -2.741124504080472840e-03 0.000000000000000000e+00 1.677890285866697750e-01 5.652615746850424561e-01 0.000000000000000000e+00
6.532246943837398678e-01 -2.287909873130513066e-03 0.000000000000000000e+00 -9.400442394852645545e-03 6.991766237329115619e-01 0.000000000000000000e+00
7.127563362039808226e-01 -1.992020044151152081e-03 0.000000000000000000e+00 -1.765451966368969672e-01 5.327911447062767536e-01 0.000000000000000000e+00
8.578309464298812248e-01 -5.593221380371608126e-04 0.000000000000000000e+00 -1.128157956998476347e-01 2.397910984035436788e-01 0.000000000000000000e+00
8.065560188574767420e-01 1.781406259600641466e-03 0.000000000000000000e+00 3.278585977248128780e-02 3.621153102348664277e-01 0.000000000000000000e+00
8.299001217769457206e-01 -1.103035088544756202e-03 0.000000000000000000e+00 1.039289055754938351e-01 3.003451527198345294e-01 0.000000000000000000e+00
7.939837728133414263e-01 -8.662982478259938224e-04 0.000000000000000000e+00 1.395422261209519899e-01 3.629206814779596391e-01 0.000000000000000000e+00
7.404034692890331115e-01 2.097234640418439971e-03 0.000000000000000000e+00 -1.110635683859706457e-01 4.882047814362772686e-01 0.000000000000000000e+00
7.852897087960052369e-01 2.749004451214130500e-04 0.000000000000000000e+00 1.607393379736439254e-01 3.733625994240742374e-01 0.000000000000000000e+00
8.540418136222708290e-01 -3.628444067299060188e-04 0.000000000000000000e+00 1.881343848118262330e-01 1.964839906517013568e-01 0.000000000000000000e+00
-1.077354682135718278e+00 4.191279850112436187e-04 0.000000000000000000e+00 8.537965705077872614e-02 1.048074489212544591e-01 0.000000000000000000e+00
9.976774457226731396e-01 -2.334731478161692362e-04 0.000000000000000000e+00 5.634290785787711420e-02 3.527864078829675565e-01 0.000000000000000000e+00
-1.091334101066656403e+00 -6.905300351969360408e-04 0.000000000000000000e+00 -3.879644305797588788e-02 1.526495329809741119e-01 0.000000000000000000e+00
-1.191017949071292659e+00 1.215817791666261305e-04 0.000000000000000000e+00 5.834242222350913970e-02 3.090356814939981822e-01 0.000000000000000000e+00
-1.213041361873675505e+00 -4.929679762020917899e-04 0.000000000000000000e+00 -5.056963195364481967e-02 3.446773263904251428e-01 0.000000000000000000e+00
8.878363767649007920e-01 -2.271157204092317909e-04 0.000000000000000000e+00 -1.355760602970343398e-01 1.621163822382769015e-01 0.000000000000000000e+00
7.954254320473836959e-01 -1.245351481562499089e-03 0.000000000000000000e+00 8.894696216324132765e-02 3.755193653160750489e-01 0.000000000000000000e+00
9.084595285272837328e-01 -1.491972579152744255e-04 0.000000000000000000e+00 1.391313184191377839e-01 1.099770342322001493e-01 0.000000000000000000e+00
-1.304479287355442274e+00 1.269742717740826761e-03 0.000000000000000000e+00 7.508612585297295972e-02 4.799271716257174081e-01 0.000000000000000000e+00
-1.306635626065888012e+00 1.407768555762843946e-03 0.000000000000000000e+00 -7.226958519365443701e-02 4.835754572167150211e-01 0.000000000000000000e+00
-1.107274968540612470e+00 -6.449509147953024803e-05 0.000000000000000000e+00 -8.127653277069668558e-02 1.638883799472374836e-01 0.000000000000000000e+00
-1.127712178062604487e+00 -9.497551855261465725e-04 0.000000000000000000e+00 -6.447144837574367293e-02 2.055369588317588203e-01 0.000000000000000000e+00
-1.407659111005640007e+00 1.386857907272371834e-03 0.000000000000000000e+00 -3.645549130487716477e-02 6.340987696612920832e-01 0.000000000000000000e+00
-1.347265178280103282e+00 -1.768191839216194487e-03 0.000000000000000000e+00 -1.246971181196544487e-01 5.340217564455507215e-01 0.000000000000000000e+00
-1.328134382162478033e+00 -1.053612043283970803e-03 0.000000000000000000e+00 1.324495779114480409e-01 5.033766390211662500e-01 0.000000000000000000e+00
-1.418380234495093095e+00 -1.841352551666397552e-04 0.000000000000000000e+00 3.359973328538935766e-02 6.494903763986468181e-01 0.000000000000000000e+00
1.004028611203483301e+00 4.785509458369197489e-06 0.000000000000000000e+00 -2.929708768733533808e-01 1.392837946332821653e-01 0.000000000000000000e+00
8.814769267401688646e-01 -2.143385087909400501e-04 0.000000000000000000e+00 -1.260487764297407443e-01 1.831957401545603603e-01 0.000000000000000000e+00
8.374762952768035618e-01 -1.132562554267635413e-03 0.000000000000000000e+00 -5.889504425422809053e-02 2.974933223510846103e-01 0.000000000000000000e+00
8.308097988926854693e-01 -1.467620748707322911e-03 0.000000000000000000e+00 3.467882668846536398e-02 3.141525181735897454e-01 0.000000000000000000e+00
-9.798978688713753105e-01 -2.845270424671258666e-05 0.000000000000000000e+00 -4.630698669984244925e-02 1.757182023112474623e-02 0.000000000000000000e+00
8.256394458622826615e-01 1.240935309977488424e-03 0.000000000000000000e+00 -2.874578811526390387e-02 3.247981289642043468e-01 0.000000000000000000e+00
-9.834050540121861417e-01 4.365437844827571405e-05 0.000000000000000000e+00 4.048199099074536317e-02 2.047346030002374778e-02 0.000000000000000000e+00
8.254790978896330289e-01 -2.858015836747287985e-04 0.000000000000000000e+00 2.052755882637394974e-02 3.257347489230971727e-01 0.000000000000000000e+00
-9.823861165670513262e-01 -7.181527233229579579e-05 0.000000000000000000e+00 -4.136171630374843589e-02 2.130802424447274940e-02 0.000000000000000000e+00
8.222406482174360320e-01 4.979900465077111149e-04 0.000000000000000000e+00 -1.363288962469219254e-02 3.324058662636504291e-01 0.000000000000000000e+00
8.237208490809584394e-01 1.666141807458772911e-04 0.000000000000000000e+00 2.756437382652329564e-03 3.297889674299224749e-01 0.000000000000000000e+00
8.215763917159145668e-01 -7.511995287444795440e-04 0.000000000000000000e+00 8.238316531494390901e-03 3.338797759705058876e-01 0.000000000000000000e+00
-9.770674859448547078e-01 2.864615687656193533e-05 0.000000000000000000e+00 5.214989288729574013e-02 1.041049071255376914e-02 0.000000000000000000e+00
8.248702736770517907e-01 -1.505937663034827290e-03 0.000000000000000000e+00 -1.655401013965709239e-02 3.271426722328628078e-01 0.000000000000000000e+00
-9.822450337997132852e-01 1.895957526954123763e-05 0.000000000000000000e+00 -4.289835986575596394e-02 1.843397687120216719e-02 0.000000000000000000e+00
8.247605899268266594e-01 4.026651427663473226e-04 0.000000000000000000e+00 2.506088717603188742e-02 3.268176753395532486e-01 0.000000000000000000e+00
-9.847843048169953040e-01 -5.117575402049186119e-05 0.000000000000000000e+00 3.465161995133338863e-02 2.688151033014159197e-02 0.000000000000000000e+00
8.285134890577461331e-01 4.878709448430497767e-04 0.000000000000000000e+00 -3.031503387636588776e-02 3.190612627587418038e-01 0.000000000000000000e+00
8.309462149404176490e-01 5.359689805214101072e-04 0.000000000000000000e+00 4.488891287231666638e-02 3.125932332532858071e-01 0.000000000000000000e+00
8.713146941698870496e-01 -4.017577276686449400e-04 0.000000000000000000e+00 -4.036788517610420679e-02 2.370007201061193891e-01 0.000000000000000000e+00
8.817041535940948194e-01 -8.523523876054371270e-04 0.000000000000000000e+00 1.345615765610727599e-02 2.215627793370749110e-01 0.000000000000000000e+00
8.516089599085892026e-01 -6.965604198521044028e-04 0.000000000000000000e+00 -1.232495980033170534e-02 2.762885700171407999e-01 0.000000000000000000e+00
