-1.068343405918990907e+00 -6.890395993610666514e-05 0.000000000000000000e+00 4.027131875120311399e-02 1.139019350979433853e-01 0.000000000000000000e+00
-1.131199825668085968e+00 9.943573798113641837e-05 0.000000000000000000e+00 -7.606353595967327297e-02 2.074137012891184573e-01 0.000000000000000000e+00
-1.085856190674034938e+00 -6.117230604105773628e-04 0.000000000000000000e+00 -7.720967141850446080e-02 1.271256280266480077e-01 0.000000000000000000e+00
-1.201641998515280640e+00 -1.078022994230754678e-03 0.000000000000000000e+00 3.770164400372782304e-02 3.287114602841402222e-01 0.000000000000000000e+00
-1.220346505037318341e+00 -4.521516326288881060e-04 0.000000000000000000e+00 -3.430932492172765469e-02 3.578858526965290610e-01 0.000000000000000000e+00
-1.227201929296242167e+00 -9.308764241281750410e-04 0.000000000000000000e+00 -1.862325019376663005e-01 3.196843224141693307e-01 0.000000000000000000e+00
-1.446108911298515709e+00 1.215848852401793089e-03 0.000000000000000000e+00 -1.044351142973279495e-01 6.815007518824041099e-01 0.000000000000000000e+00
-1.505630267593889293e+00 -1.435552684100008941e-03 0.000000000000000000e+00 3.398373095018250578e-02 7.714964356042517402e-01 0.000000000000000000e+00
-1.326742460041601790e+00 2.122895636473126017e-03 0.000000000000000000e+00 1.635068881322219170e-01 4.920141906647995667e-01 0.000000000000000000e+00
-1.096213569366128349e+00 4.548591714495977406e-04 0.000000000000000000e+00 -5.905607119693297158e-02 1.543672780938112887e-01 0.000000000000000000e+00
-1.394525933197951151e+00 1.441411465906809741e-04 0.000000000000000000e+00 -5.168978435106778152e-03 6.164078016039062913e-01 0.000000000000000000e+00
7.360680122263352221e-01 1.034262572587350132e-03 0.000000000000000000e+00 -1.237234225890724015e-01 4.948135840909118066e-01 0.000000000000000000e+00
7.259249702903862733e-01 -2.031516705928619517e-03 0.000000000000000000e+00 1.027409369180443122e-01 5.221408902798829743e-01 0.000000000000000000e+00
9.438527315107712035e-01 -5.449421640182152164e-05 0.000000000000000000e+00 1.310578323202407358e-01 1.554522589258265121e-02 0.000000000000000000e+00
1.026954884732589779e+00 -1.714663376910869545e-04 0.000000000000000000e+00 1.217273300949699433e-01 5.454785461805849306e-02 0.000000000000000000e+00
-1.302209635891351969e+00 -1.474606997601024191e-03 0.000000000000000000e+00 -1.755056743765169291e-01 4.493516939533702681e-01 0.000000000000000000e+00
-1.487174436129650612e+00 1.637686888965646931e-03 0.000000000000000000e+00 -7.875280172324536365e-02 7.425712190096882548e-01 0.000000000000000000e+00
-1.514892730072717075e+00 1.391044308975790400e-03 0.000000000000000000e+00 4.059537716846307875e-02 7.839442187928198358e-01 0.000000000000000000e+00
-1.378826669424961127e+00 -2.539834604113134879e-03 0.000000000000000000e+00 1.488233568688445141e-01 5.750063081436432855e-01 0.000000000000000000e+00
-1.622370436482138967e+00 2.812656034895263946e-03 0.000000000000000000e+00 1.416878304415877809e-01 9.197067328225887461e-01 0.000000000000000000e+00
-1.689219956161619018e+00 -2.126289373792788345e-03 0.000000000000000000e+00 -9.675064855881955472e-02 1.014476013862567250e+00 0.000000000000000000e+00
-1.367848104706468781e+00 2.013632187856426170e-03 0.000000000000000000e+00 2.148043931659977812e-01 5.367741046146234929e-01 0.000000000000000000e+00
-1.720638628172340479e+00 -2.893020911742597706e-03 0.000000000000000000e+00 2.069241356026706863e-02 1.060004699670670902e+00 0.000000000000000000e+00
-1.508901796155276642e+00 3.672649657499187092e-03 0.000000000000000000e+00 -1.781437838798053674e-01 7.560525933986154135e-01 0.000000000000000000e+00
-1.860914242002687402e+00 -4.070497659639321641e-03 0.000000000000000000e+00 6.828511374379457599e-02 1.238613037228512015e+00 0.000000000000000000e+00
-1.480291430717512124e+00 -3.438021547042417747e-03 0.000000000000000000e+00 2.363640275701100746e-01 6.982689046262501309e-01 0.000000000000000000e+00
-1.688166524344893560e+00 -3.738003563952776998e-03 0.000000000000000000e+00 -1.799717674101315446e-01 1.001658796885273706e+00 0.000000000000000000e+00
-1.898827598582174314e+00 1.045672630341915044e-04 0.000000000000000000e+00 -7.665074455251955077e-03 1.288346622259824326e+00 0.000000000000000000e+00
-1.715401131107602062e+00 3.413320087639511169e-03 0.000000000000000000e+00 1.662186332281402890e-01 1.040175158121311227e+00 0.000000000000000000e+00
-1.438734156737449865e+00 1.379662252202068506e-03 0.000000000000000000e+00 -2.429665513364445140e-01 6.341384882151783753e-01 0.000000000000000000e+00
-1.851971312470359177e+00 3.177315640033285052e-03 0.000000000000000000e+00 -7.370158455068609449e-02 1.226936952891152011e+00 0.000000000000000000e+00
-1.363810799964411569e+00 -1.094650987286806959e-03 0.000000000000000000e+00 1.999726287135001057e-01 5.362632513066585283e-01 0.000000000000000000e+00
-1.632443145924386219e+00 -1.135759055867664735e-03 0.000000000000000000e+00 8.397206555728983779e-02 9.402440350911676070e-01 0.000000000000000000e+00
-1.660377454963873234e+00 4.012139246686992518e-03 0.000000000000000000e+00 -4.856746503598946552e-02 9.798632079661322436e-01 0.000000000000000000e+00
-1.454509968196432634e+00 -2.503385798301879794e-03 0.000000000000000000e+00 -1.802481654153162693e-01 6.776752361334381636e-01 0.000000000000000000e+00
-1.250916267862096420e+00 -1.509391534089299814e-04 0.000000000000000000e+00 1.079216090967749092e-01 3.912826006067188778e-01 0.000000000000000000e+00
-1.335595240141744799e+00 -2.634962231803091720e-03 0.000000000000000000e+00 -4.591928232126792075e-02 5.294183903385548673e-01 0.000000000000000000e+00
-1.267137949848903933e+00 -1.576179773768901851e-03 0.000000000000000000e+00 -1.610740309116270169e-02 4.299618929027324565e-01 0.000000000000000000e+00
-1.226101883434307371e+00 8.185882753418312341e-04 0.000000000000000000e+00 9.443484786529179886e-02 3.559905735191336573e-01 0.000000000000000000e+00
-1.394252268983759979e+00 1.135347185571665765e-03 0.000000000000000000e+00 -2.449857758507508615e-02 6.155534147025040204e-01 0.000000000000000000e+00
-1.454667456001366599e+00 1.106247285519737500e-03 0.000000000000000000e+00 1.788237743305934047e-01 6.782781782487889988e-01 0.000000000000000000e+00
-1.657006475749148500e+00 -2.366398751825274371e-04 0.000000000000000000e+00 5.333132524149935411e-02 9.751421223228964319e-01 0.000000000000000000e+00
-1.635662859302120298e+00 1.901625725840579151e-03 0.000000000000000000e+00 -7.859473135806376021e-02 9.450110179164356028e-01 0.000000000000000000e+00
-1.385110011110809669e+00 1.011124331109010399e-03 0.000000000000000000e+00 -1.955878162164068901e-01 5.703591821900595438e-01 0.000000000000000000e+00
1.050086433502259720e+00 -3.118986391370645768e-05 0.000000000000000000e+00 1.015551552639194360e-01 7.444061751545918981e-02 0.000000000000000000e+00
-2.087822502150834758e+00 -2.565201035485673020e-03 0.000000000000000000e+00 8.894247925424605961e-03 1.522474909895290107e+00 0.000000000000000000e+00
-1.988572920328245175e+00 5.690187947719916629e-03 0.000000000000000000e+00 6.767167098243617729e-02 1.398815187801901061e+00 0.000000000000000000e+00
-1.879323328826023820e+00 3.709692616666301901e-03 0.000000000000000000e+00 1.451166437736035042e-01 1.255424558146926106e+00 0.000000000000000000e+00
-1.678861766980010772e+00 1.585806028874883755e-03 0.000000000000000000e+00 2.231363390604070573e-01 9.803821521311542053e-01 0.000000000000000000e+00
-1.314164482322703220e+00 -5.499046310952493410e-04 0.000000000000000000e+00 2.682547198989329029e-01 4.219748038261702527e-01 0.000000000000000000e+00
-1.559980730340463584e+00 3.265058196475004171e-03 0.000000000000000000e+00 -2.496818733310616767e-01 8.089245116921417456e-01 0.000000000000000000e+00
-1.809245528231523847e+00 -4.353109423039951131e-03 0.000000000000000000e+00 -1.788086818050749760e-01 1.160998397498561374e+00 0.000000000000000000e+00
-1.952669884233523057e+00 -4.926825630168996106e-03 0.000000000000000000e+00 -9.903730947073596802e-02 1.352197781967999557e+00 0.000000000000000000e+00
-2.027628156737142362e+00 -6.217230081863173163e-03 0.000000000000000000e+00 -2.753878549338720227e-02 1.448444794452120821e+00 0.000000000000000000e+00
-1.668966537795643745e+00 4.286606201426609863e-03 0.000000000000000000e+00 1.447543348794952667e-01 9.818024063187638095e-01 0.000000000000000000e+00
-1.630741659114766318e+00 -4.042446815101031696e-03 0.000000000000000000e+00 -1.634551414209953757e-01 9.274325698090117864e-01 0.000000000000000000e+00
-1.826161388625069382e+00 1.694288736395252459e-03 0.000000000000000000e+00 7.150491748261203484e-02 1.194161225594086329e+00 0.000000000000000000e+00
-1.295879671132424971e+00 -3.977704329447737629e-04 0.000000000000000000e+00 2.439461367669868985e-01 4.052997358536302719e-01 0.000000000000000000e+00
-1.785986462958515375e+00 -2.740225304051109589e-04 0.000000000000000000e+00 -1.065281013075523725e-01 1.139869766016047059e+00 0.000000000000000000e+00
1.035584298382022705e+00 -1.967465188512803297e-04 0.000000000000000000e+00 4.360150034623890003e-02 1.172308183120416569e-01 0.000000000000000000e+00
-2.110408850345340870e+00 -3.318847805120192507e-03 0.000000000000000000e+00 3.585259967957402094e-03 1.550023168617451041e+00 0.000000000000000000e+00
-1.891598195654893289e+00 1.488665512815127295e-04 0.000000000000000000e+00 8.287175908546379199e-02 1.276578915291265659e+00 0.000000000000000000e+00
-1.605776641543120276e+00 3.911051652545367158e-03 0.000000000000000000e+00 2.224426625972129035e-01 8.807020299560895937e-01 0.000000000000000000e+00
-1.501345604491660879e+00 -7.446582716363545074e-05 0.000000000000000000e+00 -2.443495670166785649e-01 7.263348288517645912e-01 0.000000000000000000e+00
-1.856702929623765375e+00 2.825194137280617052e-03 0.000000000000000000e+00 -1.088403809668249261e-01 1.230348110190268685e+00 0.000000000000000000e+00
-1.967677031536413601e+00 -2.316414000875122170e-03 0.000000000000000000e+00 1.224180109937844652e-02 1.374446762927484356e+00 0.000000000000000000e+00
-1.848020432905139288e+00 -3.037006771101379010e-03 0.000000000000000000e+00 1.281229136131876167e-01 1.217408390820545971e+00 0.000000000000000000e+00
-1.513454158158368035e+00 3.639719896067331040e-03 0.000000000000000000e+00 2.490155782643395099e-01 7.423717181874649462e-01 0.000000000000000000e+00
-1.549321238692520808e+00 2.368483865991803661e-03 0.000000000000000000e+00 -2.389204270610229552e-01 7.970529718316561318e-01 0.000000000000000000e+00
-1.861778407384031997e+00 4.185759665415324238e-03 0.000000000000000000e+00 -1.188602865352947624e-01 1.235888247297391995e+00 0.000000000000000000e+00
-1.972617113037953951e+00 3.780371101404549072e-03 0.000000000000000000e+00 -4.305006291325588763e-03 1.380638741385239676e+00 0.000000000000000000e+00
-1.865946773981003837e+00 -6.159299867463309541e-03 0.000000000000000000e+00 1.074382882529661826e-01 1.242240237614323561e+00 0.000000000000000000e+00
-1.541121494930193903e+00 2.730032507597686398e-03 0.000000000000000000e+00 2.404644937899881874e-01 7.849097307421825098e-01 0.000000000000000000e+00
-1.549593385170685789e+00 3.634671870809784433e-03 0.000000000000000000e+00 -2.353690392096310924e-01 7.984989875155459327e-01 0.000000000000000000e+00
-1.867746826416321282e+00 -8.535022867421889273e-04 0.000000000000000000e+00 -1.108555598770763762e-01 1.244215202248834862e+00 0.000000000000000000e+00
-1.974303409068246307e+00 6.456754649164841986e-03 0.000000000000000000e+00 1.306112041869892521e-02 1.382687715317574506e+00 0.000000000000000000e+00
-1.864076134830981779e+00 7.261802430375656481e-04 0.000000000000000000e+00 1.219381974464839313e-01 1.238507894992417757e+00 0.000000000000000000e+00
-1.559511158113847662e+00 -2.569322642045492044e-03 0.000000000000000000e+00 2.370959831212456903e-01 8.120387066566068235e-01 0.000000000000000000e+00
-1.498732280885240131e+00 1.667395410647969090e-03 0.000000000000000000e+00 -2.494553565036722875e-01 7.207824884446505376e-01 0.000000000000000000e+00
-1.839295313598163784e+00 -8.018705959523500688e-04 0.000000000000000000e+00 -1.368837422168689977e-01 1.205287326716524277e+00 0.000000000000000000e+00
-1.965701023840863204e+00 -2.945215981426663188e-03 0.000000000000000000e+00 -2.276232665276242684e-02 1.371856251989516773e+00 0.000000000000000000e+00
-1.847600414522357681e+00 -2.388846806306126058e-04 0.000000000000000000e+00 1.090581190819521901e-01 1.218725976536072508e+00 0.000000000000000000e+00
-1.456309771300456690e+00 1.713128310314272068e-03 0.000000000000000000e+00 2.497078082799805143e-01 6.579660261749954442e-01 0.000000000000000000e+00
-1.658935837036400240e+00 2.618397080411088984e-03 0.000000000000000000e+00 -1.987368416445747243e-01 9.587761021929059879e-01 0.000000000000000000e+00
-1.906901554676269761e+00 6.207181316570067886e-03 0.000000000000000000e+00 -4.932290730564159453e-02 1.297601067134671604e+00 0.000000000000000000e+00
-1.672001390276956379e+00 1.762728753988210273e-03 0.000000000000000000e+00 1.464603010358920820e-01 9.855934369386761817e-01 0.000000000000000000e+00
-1.621530858516357032e+00 -2.086382586568713213e-03 0.000000000000000000e+00 -1.704098036059808197e-01 9.136817226356764854e-01 0.000000000000000000e+00
-1.814488056685810369e+00 7.091808182795034110e-04 0.000000000000000000e+00 6.505566206942245411e-02 1.179597742804796789e+00 0.000000000000000000e+00
-1.209413199867393818e+00 4.412759410664900128e-05 0.000000000000000000e+00 2.271104326796600792e-01 2.567836993001169077e-01 0.000000000000000000e+00
-1.803411555793043686e+00 5.447347132511340395e-03 0.000000000000000000e+00 -7.338631589227195828e-02 1.164911384619554902e+00 0.000000000000000000e+00
-1.595874738320793629e+00 3.808751389945221055e-03 0.000000000000000000e+00 1.712540068096809476e-01 8.785319761408718620e-01 0.000000000000000000e+00
-1.702025471182163852e+00 4.052024296618494080e-03 0.000000000000000000e+00 -1.094261307774205966e-01 1.030088409907652380e+00 0.000000000000000000e+00
-1.387468285385240918e+00 2.517563156948288139e-03 0.000000000000000000e+00 2.030625534089400552e-01 5.713334930759570440e-01 0.000000000000000000e+00
-1.676173842347052911e+00 7.298607844356749808e-04 0.000000000000000000e+00 5.422403636246129338e-02 1.000448200339929317e+00 0.000000000000000000e+00
-1.621464283222763036e+00 -3.051476821020679409e-04 0.000000000000000000e+00 -1.086034048143095926e-01 9.229799960144191573e-01 0.000000000000000000e+00
-1.176680969754586581e+00 3.430650775507228245e-04 0.000000000000000000e+00 -1.965355797304942920e-01 2.163323868952584661e-01 0.000000000000000000e+00
-1.616270123005323800e+00 -2.424900731232609852e-03 0.000000000000000000e+00 1.151329476191915724e-01 9.151954024425199563e-01 0.000000000000000000e+00
-1.681956661321708513e+00 5.736247488595386246e-04 0.000000000000000000e+00 -5.421533738086124071e-02 1.008074598027940416e+00 0.000000000000000000e+00
-1.358708600290382762e+00 -1.890409730723845161e-03 0.000000000000000000e+00 -2.093206248540784298e-01 5.247631562965497931e-01 0.000000000000000000e+00
-1.658692055804366738e+00 1.373185432033213749e-03 0.000000000000000000e+00 1.174261182171184581e-01 9.717645082036721060e-01 0.000000000000000000e+00
-1.660965738883543263e+00 2.743260229349543666e-03 0.000000000000000000e+00 -1.134557686656674086e-01 9.752664129834200946e-01 0.000000000000000000e+00
-1.362204634510996382e+00 2.960341458804385123e-04 0.000000000000000000e+00 2.087883950005846867e-01 5.304065634151962083e-01 0.000000000000000000e+00
-1.686160913457199317e+00 -2.873863027453155139e-03 0.000000000000000000e+00 4.931991568215212535e-02 1.013865476477112892e+00 0.000000000000000000e+00
-1.608148870655095042e+00 -2.816877681395856588e-03 0.000000000000000000e+00 -1.246510267343816508e-01 9.029759811589674889e-01 0.000000000000000000e+00
-1.203746252930085525e+00 6.230562012784902730e-04 0.000000000000000000e+00 2.031262403110176140e-01 2.652734702916145215e-01 0.000000000000000000e+00
-1.615746772337799175e+00 2.623650406732375151e-03 0.000000000000000000e+00 1.110274777566932214e-01 9.149983546678928104e-01 0.000000000000000000e+00
-1.676202302969718172e+00 -3.796637274503661397e-03 0.000000000000000000e+00 -4.924411948531332017e-02 1.000749180168953423e+00 0.000000000000000000e+00
-1.423743948757384192e+00 -2.468194528195748368e-03 0.000000000000000000e+00 -1.938418576611131150e-01 6.287521325861287202e-01 0.000000000000000000e+00
-1.950073367919143985e+00 3.235418238430577687e-03 0.000000000000000000e+00 5.048759376982076691e-02 1.351636862818606621e+00 0.000000000000000000e+00
-1.787411716599398792e+00 -3.067850242825992391e-03 0.000000000000000000e+00 1.622346603426627065e-01 1.135140041171327940e+00 0.000000000000000000e+00
-1.374428294550283702e+00 -1.602876588796893660e-03 0.000000000000000000e+00 2.623391057685933170e-01 5.258279685670566028e-01 0.000000000000000000e+00
-1.640261113912250046e+00 -2.564692895311211380e-03 0.000000000000000000e+00 -2.198719857354514140e-01 9.287203600932825154e-01 0.000000000000000000e+00
-1.895996613164995459e+00 -1.091159875326467091e-03 0.000000000000000000e+00 -1.019291208189090914e-01 1.280759173585701571e+00 0.000000000000000000e+00
-1.993854125718832915e+00 4.365894257048381216e-03 0.000000000000000000e+00 7.126637216791337388e-03 1.406973938483140341e+00 0.000000000000000000e+00
-1.898311002788872104e+00 1.756947894426326429e-03 0.000000000000000000e+00 1.067878001814649425e-01 1.283287638233773675e+00 0.000000000000000000e+00
-1.655859384492824882e+00 -1.144939763262416144e-03 0.000000000000000000e+00 2.156852417045075632e-01 9.509301960426821410e-01 0.000000000000000000e+00
-1.314182061557178205e+00 1.088102706109962681e-03 0.000000000000000000e+00 -2.621838309379321830e-01 4.258121719601288824e-01 0.000000000000000000e+00
-1.754188511466541645e+00 4.682017450202011211e-03 0.000000000000000000e+00 -1.790677537096497240e-01 1.089191709274405895e+00 0.000000000000000000e+00
-1.938724388015903077e+00 3.795320925439341075e-03 0.000000000000000000e+00 -6.847663889450016084e-02 1.336658763814096096e+00 0.000000000000000000e+00
-2.106384538987502442e+00 8.810765309474801604e-06 0.000000000000000000e+00 -7.934324685060570315e-03 1.545107965265770655e+00 0.000000000000000000e+00
1.034951870685322017e+00 -5.055643330747949717e-04 0.000000000000000000e+00 -3.211764265489915060e-02 1.212354032054866332e-01 0.000000000000000000e+00
-1.884314909310935926e+00 -4.452834327111222790e-03 0.000000000000000000e+00 7.439869489714126538e-02 1.267909649177191733e+00 0.000000000000000000e+00
-1.575338185380606770e+00 3.205041276411472323e-03 0.000000000000000000e+00 2.264499407844903500e-01 8.373043458891340496e-01 0.000000000000000000e+00
-1.565336209333254569e+00 1.882293036106996026e-03 0.000000000000000000e+00 -2.262974114877355225e-01 8.233119861051660937e-01 0.000000000000000000e+00
-1.880650085839411734e+00 -1.475612287922742349e-03 0.000000000000000000e+00 -8.194899476691618057e-02 1.262802514269037335e+00 0.000000000000000000e+00
-2.246805700155105612e+00 2.785673017085765757e-03 0.000000000000000000e+00 -3.876410670724925178e-02 1.714019538598440917e+00 0.000000000000000000e+00
-2.166949966623819002e+00 3.110776166584137969e-03 0.000000000000000000e+00 -1.162166264031620350e-01 1.614373372014844765e+00 0.000000000000000000e+00
-1.978551026506057298e+00 -3.893003387461955664e-03 0.000000000000000000e+00 -2.040402563924687551e-01 1.372937965868637811e+00 0.000000000000000000e+00
-1.666795017887382713e+00 -1.919487066481348307e-03 0.000000000000000000e+00 -2.829728501021965270e-01 9.482228572786908227e-01 0.000000000000000000e+00
-1.355572390830755980e+00 2.946082118596912713e-04 0.000000000000000000e+00 3.015877016270636091e-01 4.723648053883753306e-01 0.000000000000000000e+00
-1.806013554259049858e+00 -6.034381910611369415e-04 0.000000000000000000e+00 2.516500159818813032e-01 1.143174063932727025e+00 0.000000000000000000e+00
-2.064360724775345268e+00 -2.315082946015380172e-03 0.000000000000000000e+00 1.673093878705008142e-01 1.484416646284675068e+00 0.000000000000000000e+00
-2.210808289483273459e+00 -1.649820739182093765e-03 0.000000000000000000e+00 8.656255467916725010e-02 1.669101699726517118e+00 0.000000000000000000e+00
-2.242212320382307666e+00 -8.392643121318613120e-03 0.000000000000000000e+00 8.659149922455790238e-03 1.708962530968470617e+00 0.000000000000000000e+00
-2.304561001164393552e+00 -3.952208500080517384e-05 0.000000000000000000e+00 -7.696273287146504494e-02 1.781570401869784881e+00 0.000000000000000000e+00
-2.049490756185931684e+00 -4.392671698886945614e-03 0.000000000000000000e+00 -2.062023293193353535e-01 1.461107364339340187e+00 0.000000000000000000e+00
-1.453457487789233449e+00 -5.209351856178432924e-04 0.000000000000000000e+00 -3.159451225789788875e-01 6.243794690167387973e-01 0.000000000000000000e+00
-1.870870863984342325e+00 -4.082926671629932835e-03 0.000000000000000000e+00 2.524410470868859724e-01 1.227413058735058682e+00 0.000000000000000000e+00
-2.232601167556186539e+00 4.242959614860646912e-03 0.000000000000000000e+00 1.294595049448873936e-01 1.692528351589331237e+00 0.000000000000000000e+00
-2.336423991995028704e+00 -7.432810448872430309e-03 0.000000000000000000e+00 1.231144359812712599e-03 1.820990674278099686e+00 0.000000000000000000e+00
-2.263385040552595484e+00 -3.025133135662341766e-03 0.000000000000000000e+00 -1.151573067511683368e-01 1.730422756666434303e+00 0.000000000000000000e+00
-1.914135203181771105e+00 -4.259230720754819677e-03 0.000000000000000000e+00 -2.486814134232535889e-01 1.283752656907667156e+00 0.000000000000000000e+00
-1.407636909745745513e+00 -4.655889858770391465e-04 0.000000000000000000e+00 3.153757758442531367e-01 5.512808018662666010e-01 0.000000000000000000e+00
-2.049065918962772237e+00 3.724341376957124305e-03 0.000000000000000000e+00 2.082911723780770663e-01 1.460283020093542605e+00 0.000000000000000000e+00
-2.313736915827076857e+00 6.085965764494473407e-03 0.000000000000000000e+00 8.037748288866840285e-02 1.792324412696841174e+00 0.000000000000000000e+00
-2.218011159269143384e+00 2.857923264371897698e-03 0.000000000000000000e+00 -9.424655937422851681e-03 1.679962628977387240e+00 0.000000000000000000e+00
-2.214330728771549239e+00 1.550611484091302117e-04 0.000000000000000000e+00 -7.332412712655669851e-02 1.673966894690043894e+00 0.000000000000000000e+00
-2.101750556212003573e+00 -3.838864946570486048e-03 0.000000000000000000e+00 -1.501653275522811248e-01 1.532149179892923208e+00 0.000000000000000000e+00
-1.899849074147682337e+00 3.393339766487805942e-03 0.000000000000000000e+00 -2.208929091284035362e-01 1.270604537904183928e+00 0.000000000000000000e+00
-1.579304509415644597e+00 -3.146802235726449404e-03 0.000000000000000000e+00 -2.948612374772532352e-01 8.214259285833696023e-01 0.000000000000000000e+00
-1.421757230136998063e+00 -1.421883881259015936e-03 0.000000000000000000e+00 3.030292853374158546e-01 5.808507221248883079e-01 0.000000000000000000e+00
-1.806844831588383826e+00 -3.207562156334567427e-03 0.000000000000000000e+00 2.469420991913196528e-01 1.145294565755253569e+00 0.000000000000000000e+00
-2.043526699732127749e+00 -4.541294359958217286e-03 0.000000000000000000e+00 1.697572630237786928e-01 1.458416339489604807e+00 0.000000000000000000e+00
-2.186081971427291659e+00 -2.217898990348535215e-04 0.000000000000000000e+00 9.807590542548255685e-02 1.638685177232011014e+00 0.000000000000000000e+00
-2.234520103831897142e+00 -3.737347838436655412e-03 0.000000000000000000e+00 2.637098719917023437e-02 1.699564335029016826e+00 0.000000000000000000e+00
1.048248134915845675e+00 3.194676992089157379e-04 0.000000000000000000e+00 5.509708301578813971e-02 1.123713616065726145e-01 0.000000000000000000e+00
-2.380345425988826591e+00 6.706740972412049417e-03 0.000000000000000000e+00 -7.356115655871037218e-02 1.871353078464628172e+00 0.000000000000000000e+00
-1.975892312569530684e+00 5.721677894997598268e-03 0.000000000000000000e+00 -2.424293958414034389e-01 1.363335731769226733e+00 0.000000000000000000e+00
-1.647019363568656081e+00 -3.986016624724905699e-03 0.000000000000000000e+00 3.102479990659809395e-01 9.120499453313126725e-01 0.000000000000000000e+00
-2.271995754797089262e+00 6.715865043343862036e-03 0.000000000000000000e+00 1.493352014899020641e-01 1.738120341984068284e+00 0.000000000000000000e+00
-2.414342093378139431e+00 -6.477672295174624617e-03 0.000000000000000000e+00 -1.771237299225214556e-02 1.912650045665775345e+00 0.000000000000000000e+00
-2.209238315614626025e+00 3.560503783893040342e-03 0.000000000000000000e+00 -1.660368600015821872e-01 1.661186671780894297e+00 0.000000000000000000e+00
-1.489952761165863615e+00 -1.369527277290038744e-03 0.000000000000000000e+00 -3.247058767318609096e-01 6.767226824830662180e-01 0.000000000000000000e+00
-2.041518407697322512e+00 3.718394731642510331e-03 0.000000000000000000e+00 2.289332263354908470e-01 1.447804760794537682e+00 0.000000000000000000e+00
-2.389613661159403435e+00 3.549285724952624954e-03 0.000000000000000000e+00 6.654028716900974028e-02 1.882516307853518089e+00 0.000000000000000000e+00
-2.448499064142085402e+00 3.548280078032040041e-05 0.000000000000000000e+00 -1.192427822848041025e-01 1.949058704072190285e+00 0.000000000000000000e+00
-1.492333090010977470e+00 -9.552536922989192381e-04 0.000000000000000000e+00 -3.401961872720240532e-01 6.727636677425983258e-01 0.000000000000000000e+00
-2.343336904130875364e+00 -4.780207709037531671e-03 0.000000000000000000e+00 1.629912842672930906e-01 1.821878383597594908e+00 0.000000000000000000e+00
-2.530259285711217387e+00 6.079975822256521167e-03 0.000000000000000000e+00 -4.081906838399359388e-02 2.047458974682064614e+00 0.000000000000000000e+00
-1.993955173689980764e+00 -6.346839891605941808e-03 0.000000000000000000e+00 -2.725247952241660054e-01 1.380482374926436995e+00 0.000000000000000000e+00
-2.034651231161159313e+00 -2.422594607079622819e-03 0.000000000000000000e+00 2.565463585896345933e-01 1.434587441472064295e+00 0.000000000000000000e+00
-2.535254935827031542e+00 1.278883224844723325e-03 0.000000000000000000e+00 3.885504308015055169e-02 2.053280330332519554e+00 0.000000000000000000e+00
-2.318545347250663191e+00 6.362115702276127660e-04 0.000000000000000000e+00 -1.744576901573418604e-01 1.791340935187128558e+00 0.000000000000000000e+00
-1.548960441415511147e+00 -5.841346771410303555e-04 0.000000000000000000e+00 3.378566983762477105e-01 7.598803669032201391e-01 0.000000000000000000e+00
-2.455216653779892955e+00 -8.540291869842640826e-03 0.000000000000000000e+00 1.069166138973055291e-01 1.957649942926487752e+00 0.000000000000000000e+00
-2.324200264479844957e+00 5.783465442162023795e-03 0.000000000000000000e+00 -4.456785938310596495e-02 1.805973259130910114e+00 0.000000000000000000e+00
-2.134144085587388773e+00 6.287981214705652341e-03 0.000000000000000000e+00 -1.657411588858567209e-01 1.570145888103251952e+00 0.000000000000000000e+00
-1.665482672207676096e+00 -5.976357236796431271e-04 0.000000000000000000e+00 -2.967627670645262006e-01 9.421831156860716039e-01 0.000000000000000000e+00
-1.703142141281521749e+00 4.214951552848712757e-03 0.000000000000000000e+00 2.926129280510423314e-01 9.952258445218646887e-01 0.000000000000000000e+00
-2.150996880785195131e+00 2.021251233400890579e-03 0.000000000000000000e+00 1.648764021743621688e-01 1.590750388350686606e+00 0.000000000000000000e+00
-2.327942244392997573e+00 -6.844306338825281721e-03 0.000000000000000000e+00 3.696563362241718498e-02 1.810579304944913925e+00 0.000000000000000000e+00
-2.381372792308631414e+00 -3.163421286327822157e-03 0.000000000000000000e+00 -1.029877474187402830e-01 1.871167556581975866e+00 0.000000000000000000e+00
-1.835433725917181125e+00 -5.373779597637254324e-03 0.000000000000000000e+00 -2.892477411908249696e-01 1.172996777405337365e+00 0.000000000000000000e+00
-1.918666186861015088e+00 -6.399540282337870534e-03 0.000000000000000000e+00 2.632362991853400835e-01 1.286660106570264750e+00 0.000000000000000000e+00
-2.403877619766106033e+00 7.355793830807449973e-03 0.000000000000000000e+00 9.015807116795294951e-02 1.898319295106478677e+00 0.000000000000000000e+00
1.047222299782454957e+00 2.449003493148684159e-04 0.000000000000000000e+00 1.165998009480557866e-02 1.242442611878938896e-01 0.000000000000000000e+00
-2.429354125823829147e+00 5.994517888145044909e-03 0.000000000000000000e+00 -8.779389870124430784e-02 1.928322801162387190e+00 0.000000000000000000e+00
-1.819528955917944835e+00 -1.212811639966671073e-03 0.000000000000000000e+00 -2.964550559870066104e-01 1.150248503931940336e+00 0.000000000000000000e+00
-2.038091021139013748e+00 -1.180711751533655707e-03 0.000000000000000000e+00 2.449722567992113909e-01 1.440900802864822694e+00 0.000000000000000000e+00
-2.476793861118500306e+00 7.347744459926825594e-04 0.000000000000000000e+00 4.884325864922932359e-02 1.985118747368310288e+00 0.000000000000000000e+00
-2.356299266010080107e+00 -9.160857583399337201e-03 0.000000000000000000e+00 -1.514708691453546807e-01 1.838245617784373565e+00 0.000000000000000000e+00
-1.397601907228438467e+00 1.371784964445170452e-03 0.000000000000000000e+00 -3.305657726157227305e-01 5.255083507818409938e-01 0.000000000000000000e+00
-2.286213258634417045e+00 -7.734746882170944610e-03 0.000000000000000000e+00 1.674413103133000624e-01 1.753475628475846815e+00 0.000000000000000000e+00
-2.504227120650306837e+00 -5.980717218551909187e-03 0.000000000000000000e+00 -2.855872710065325559e-02 2.017448835475861735e+00 0.000000000000000000e+00
-2.126329205456838789e+00 -1.892980199711180589e-03 0.000000000000000000e+00 -2.260796196644398737e-01 1.553008322096865790e+00 0.000000000000000000e+00
-1.744071056261849106e+00 1.774357954865728865e-03 0.000000000000000000e+00 3.123270088050214000e-01 1.045021314383064226e+00 0.000000000000000000e+00
-2.430475144579802738e+00 8.783205244566816977e-03 0.000000000000000000e+00 1.084610601124175872e-01 1.928595575488299740e+00 0.000000000000000000e+00
-2.223068952750221428e+00 2.016537574355575790e-03 0.000000000000000000e+00 -2.031079043814375262e-02 1.685931591919473060e+00 0.000000000000000000e+00
-2.196192956690153686e+00 -5.963142420709444114e-03 0.000000000000000000e+00 -8.932776846431673967e-02 1.651382623481728373e+00 0.000000000000000000e+00
-2.078361782756887877e+00 -4.232159767607532319e-03 0.000000000000000000e+00 -1.585009095567014581e-01 1.502617734387496018e+00 0.000000000000000000e+00
-1.879899691571833120e+00 4.975095615771821245e-03 0.000000000000000000e+00 -2.239990945709306458e-01 1.244524517748711201e+00 0.000000000000000000e+00
-1.573669608678816445e+00 1.415816233604268171e-03 0.000000000000000000e+00 -2.920826649734478142e-01 8.143351350662146881e-01 0.000000000000000000e+00
-1.396721720390679433e+00 -7.474433931481498650e-04 0.000000000000000000e+00 3.018838303473733720e-01 5.410574736512487881e-01 0.000000000000000000e+00
-1.773649032069723575e+00 3.011610253178420571e-03 0.000000000000000000e+00 2.574793010661670101e-01 1.099205174822475151e+00 0.000000000000000000e+00
-2.010301409999067701e+00 -1.482360352914449675e-03 0.000000000000000000e+00 1.826444854896746017e-01 1.415596936065194100e+00 0.000000000000000000e+00
-2.160112295566710472e+00 -4.341285353893130361e-03 0.000000000000000000e+00 1.086296549345431156e-01 1.606630734933915727e+00 0.000000000000000000e+00
-2.225763612738848707e+00 7.242083810655761122e-03 0.000000000000000000e+00 5.038339309979862624e-02 1.688544798820806658e+00 0.000000000000000000e+00
-2.075861647249853448e+00 -6.078158377191146544e-03 0.000000000000000000e+00 2.465035997120309727e-02 1.507702613096043143e+00 0.000000000000000000e+00
-2.021855557930076763e+00 -5.171873162609919028e-05 0.000000000000000000e+00 6.992629705537441176e-02 1.439891197020325198e+00 0.000000000000000000e+00
-1.953112010821125066e+00 -3.743197022466407398e-03 0.000000000000000000e+00 1.187510139367840556e-01 1.351166568008894231e+00 0.000000000000000000e+00
-1.848500461980091991e+00 5.714620685500552272e-03 0.000000000000000000e+00 1.789027537575279547e-01 1.211620171135829427e+00 0.000000000000000000e+00
-1.705646380034150589e+00 -7.474729843282498787e-04 0.000000000000000000e+00 2.255531449149283385e-01 1.015887585868216370e+00 0.000000000000000000e+00
-1.507990545021956397e+00 -2.165552261231155906e-03 0.000000000000000000e+00 2.676252006904334402e-01 7.278693086746568230e-01 0.000000000000000000e+00
-1.157068600999671570e+00 -1.209236849259174088e-04 0.000000000000000000e+00 2.212874194692917573e-01 1.397064325361850878e-01 0.000000000000000000e+00
-1.174275482766502954e+00 -4.998415998294768875e-04 0.000000000000000000e+00 -2.319202073286875110e-01 1.717010492642745967e-01 0.000000000000000000e+00
-1.512288128398986409e+00 -2.429387722169981667e-03 0.000000000000000000e+00 -2.692549355437108827e-01 7.335737190903719451e-01 0.000000000000000000e+00
-1.709335779790845056e+00 -1.636203137455506315e-03 0.000000000000000000e+00 -2.258875120570421058e-01 1.020758054560098049e+00 0.000000000000000000e+00
-1.853186627103747819e+00 5.390223125789329883e-03 0.000000000000000000e+00 -1.695989402449896710e-01 1.218964395432693193e+00 0.000000000000000000e+00
-1.955250705327314042e+00 3.683966157825582788e-03 0.000000000000000000e+00 -1.174451504229250404e-01 1.353956734941992091e+00 0.000000000000000000e+00
-2.023302059737322800e+00 1.122629771707246704e-03 0.000000000000000000e+00 -6.787060341311836054e-02 1.441775434644470666e+00 0.000000000000000000e+00
-2.077430267595608449e+00 -4.872546150892546890e-03 0.000000000000000000e+00 -3.251185462690898281e-02 1.509468455765837547e+00 0.000000000000000000e+00
-2.229028265661368025e+00 4.537618158150250047e-03 0.000000000000000000e+00 -4.173082348026985189e-02 1.692684456399811799e+00 0.000000000000000000e+00
-2.158067685829721860e+00 -6.336771840583448057e-03 0.000000000000000000e+00 -1.196689135782905422e-01 1.603375046090465217e+00 0.000000000000000000e+00
-2.001712959308687534e+00 4.106381794454272427e-03 0.000000000000000000e+00 -1.850749852668547857e-01 1.404581029235856260e+00 0.000000000000000000e+00
-1.751198783935222991e+00 -3.376758437880801600e-03 0.000000000000000000e+00 -2.635929684149389551e-01 1.067892361464728213e+00 0.000000000000000000e+00
-1.334729917890526529e+00 -2.023101641726939189e-03 0.000000000000000000e+00 -2.979985711519372860e-01 4.384824417729851764e-01 0.000000000000000000e+00
-1.623169794411702505e+00 2.503130571491929413e-03 0.000000000000000000e+00 2.876670530337586129e-01 8.861100598494573433e-01 0.000000000000000000e+00
-1.919142948480424771e+00 -5.525440004780632006e-03 0.000000000000000000e+00 2.124531606371243553e-01 1.296618861213589158e+00 0.000000000000000000e+00
-2.108926499487431272e+00 -5.104662773799742426e-03 0.000000000000000000e+00 1.384818120651596374e-01 1.542028880356431486e+00 0.000000000000000000e+00
-2.213385694874967058e+00 -7.550706427123965447e-03 0.000000000000000000e+00 6.486192774319358978e-02 1.673200425953614623e+00 0.000000000000000000e+00
-2.211683266364211864e+00 6.788457461836691631e-03 0.000000000000000000e+00 1.745151967608118276e-02 1.672320188603010793e+00 0.000000000000000000e+00
-2.332810079108955215e+00 5.444724567909602769e-03 0.000000000000000000e+00 -7.413466140158818385e-02 1.815200835191204121e+00 0.000000000000000000e+00
-2.022689002091929478e+00 3.681667715430495674e-03 0.000000000000000000e+00 -2.179409439321401409e-01 1.426062486024762599e+00 0.000000000000000000e+00
-1.265855444988848832e+00 7.807604097853707015e-04 0.000000000000000000e+00 2.938312347423234216e-01 3.117046672780234839e-01 0.000000000000000000e+00
-2.054982078648878385e+00 6.608861957987238744e-05 0.000000000000000000e+00 2.104017825492722205e-01 1.467315187824799416e+00 0.000000000000000000e+00
-2.342809267630332037e+00 -6.806736189750361987e-03 0.000000000000000000e+00 6.354553177389968277e-02 1.827435729922617380e+00 0.000000000000000000e+00
1.059183362024404218e+00 -2.841296231850180647e-05 0.000000000000000000e+00 -1.038710603089169904e-01 8.155464856018523889e-02 0.000000000000000000e+00
-2.085097404865722925e+00 -4.467657405744897628e-03 0.000000000000000000e+00 1.471596410026270070e-02 1.519114575809332734e+00 0.000000000000000000e+00
-2.013270012681902088e+00 3.772895120767366661e-03 0.000000000000000000e+00 6.523743178712988755e-02 1.429514517282190145e+00 0.000000000000000000e+00
-1.932844011086225056e+00 -4.777226523985295126e-03 0.000000000000000000e+00 1.211630997911801455e-01 1.325542048345138113e+00 0.000000000000000000e+00
-1.798274654644353099e+00 5.191392730456538540e-03 0.000000000000000000e+00 1.926747810233351843e-01 1.144536356614412220e+00 0.000000000000000000e+00
-1.596723759632091344e+00 2.975144269943262934e-03 0.000000000000000000e+00 2.509219849378818701e-01 8.603736619038004907e-01 0.000000000000000000e+00
-1.256796711060209848e+00 4.602918236871660421e-04 0.000000000000000000e+00 2.619762060283066241e-01 3.215662804885170423e-01 0.000000000000000000e+00
-1.522836271294142563e+00 -2.668775373898375769e-03 0.000000000000000000e+00 -2.643915162614892678e-01 7.507223466108686738e-01 0.000000000000000000e+00
-1.750207416074424760e+00 -2.498958802770345766e-03 0.000000000000000000e+00 -2.083747281674918350e-01 1.078717259919352855e+00 0.000000000000000000e+00
-1.900681056296642080e+00 -2.244768497438022481e-03 0.000000000000000000e+00 -1.443973735271459335e-01 1.282610612456172916e+00 0.000000000000000000e+00
-1.995128279873131349e+00 4.831777047754545751e-04 0.000000000000000000e+00 -7.883063314728443183e-02 1.406362759543667851e+00 0.000000000000000000e+00
-2.056676609007868528e+00 6.412070235753034031e-03 0.000000000000000000e+00 -2.050859724817906404e-02 1.484273481115274906e+00 0.000000000000000000e+00
1.039350512810800709e+00 3.710282742923603355e-05 0.000000000000000000e+00 3.424591710218647528e-02 1.191641101448444040e-01 0.000000000000000000e+00
-2.218791202409676977e+00 3.288166461935184033e-03 0.000000000000000000e+00 -2.476557027884982581e-02 1.680747125190164226e+00 0.000000000000000000e+00
-2.187032687864679303e+00 2.479085818836421207e-03 0.000000000000000000e+00 -8.597503811576373556e-02 1.640516804969130771e+00 0.000000000000000000e+00
-2.073257829673426755e+00 3.131948153008726199e-03 0.000000000000000000e+00 -1.529838096358565047e-01 1.496916034749620206e+00 0.000000000000000000e+00
-1.885415597797370779e+00 3.840763742007799464e-03 0.000000000000000000e+00 -2.214588414807376338e-01 1.252049434785568849e+00 0.000000000000000000e+00
-1.604453970518716854e+00 4.124387003919191552e-04 0.000000000000000000e+00 -2.873001857278912330e-01 8.598648285084697918e-01 0.000000000000000000e+00
-1.312464570085828175e+00 9.772783720144156278e-04 0.000000000000000000e+00 2.932793382927307291e-01 4.019236663243314078e-01 0.000000000000000000e+00
-1.713932779840197540e+00 -6.652799506371535887e-04 0.000000000000000000e+00 2.673433031924204450e-01 1.016907291257072021e+00 0.000000000000000000e+00
-1.958425445982038049e+00 -4.700469445445332184e-03 0.000000000000000000e+00 1.972694074508747897e-01 1.348649274849765156e+00 0.000000000000000000e+00
-2.120679626218681335e+00 -5.924238860991318245e-03 0.000000000000000000e+00 1.274186264793208401e-01 1.557325239731518707e+00 0.000000000000000000e+00
-2.207937660065831587e+00 7.511811527682807355e-03 0.000000000000000000e+00 7.188379573596449801e-02 1.666368773336830866e+00 0.000000000000000000e+00
-2.197509189994460765e+00 4.096320927212265817e-04 0.000000000000000000e+00 1.406264565213355411e-02 1.655312791663173577e+00 0.000000000000000000e+00
-2.410059658310221842e+00 -6.602219160407811482e-03 0.000000000000000000e+00 -1.005699810289512053e-01 1.905060785935459133e+00 0.000000000000000000e+00
-1.831782660466356738e+00 8.744318462803463143e-04 0.000000000000000000e+00 -2.899722704342920787e-01 1.168020426538610046e+00 0.000000000000000000e+00
-1.984933362424094794e+00 1.604154142128243199e-03 0.000000000000000000e+00 2.571465258833695589e-01 1.372049525526455316e+00 0.000000000000000000e+00
-2.448361691960161846e+00 -7.740101097983051459e-03 0.000000000000000000e+00 5.741246437486655085e-02 1.951716135565361387e+00 0.000000000000000000e+00
-2.406910669287716686e+00 -2.932395403506399267e-03 0.000000000000000000e+00 -1.298655433810345095e-01 1.899576469827997105e+00 0.000000000000000000e+00
-1.498797947464240998e+00 -6.624981850944199058e-04 0.000000000000000000e+00 -3.371816821555722599e-01 6.842679219585825479e-01 0.000000000000000000e+00
-2.287755343675882180e+00 3.999496463604833296e-03 0.000000000000000000e+00 1.815287952693925566e-01 1.753908325616763353e+00 0.000000000000000000e+00
-2.520211336017171178e+00 7.290781043763627789e-03 0.000000000000000000e+00 -1.985606468997110075e-02 2.036122298218437265e+00 0.000000000000000000e+00
-2.103673508638804535e+00 -5.542828564244263803e-03 0.000000000000000000e+00 -2.393653521545141827e-01 1.523148627643572173e+00 0.000000000000000000e+00
-1.840285136734837845e+00 5.295846187680336437e-03 0.000000000000000000e+00 3.005595702118373236e-01 1.176528984088959895e+00 0.000000000000000000e+00
-2.476424436044666777e+00 2.007874007953797113e-03 0.000000000000000000e+00 8.183132336913329086e-02 1.983605496478854979e+00 0.000000000000000000e+00
-2.461304098827659548e+00 2.646208060506798077e-03 0.000000000000000000e+00 -1.331004187894451463e-01 1.963154344930563955e+00 0.000000000000000000e+00
-1.345333524448495410e+00 1.212130706144860098e-03 0.000000000000000000e+00 3.314177577905987881e-01 4.334080358922867138e-01 0.000000000000000000e+00
-2.496555523848966729e+00 -2.775845778211428333e-03 0.000000000000000000e+00 1.154590707300757468e-01 2.005407458077085536e+00 0.000000000000000000e+00
1.066250735671313787e+00 2.378054082889748989e-04 0.000000000000000000e+00 -1.101264805497930710e-01 8.413662774480962225e-02 0.000000000000000000e+00
-2.332743023064572707e+00 -2.038376338506113494e-03 0.000000000000000000e+00 -6.042816415188248524e-02 1.815624681097845805e+00 0.000000000000000000e+00
-2.099096700068702859e+00 -4.789430062158827467e-03 0.000000000000000000e+00 -1.927617466777050148e-01 1.524123789618037961e+00 0.000000000000000000e+00
-1.518798121966136838e+00 1.965938275525699885e-04 0.000000000000000000e+00 -3.150107658103797892e-01 7.248882763175930055e-01 0.000000000000000000e+00
-1.864683430583382595e+00 1.370326882345576647e-03 0.000000000000000000e+00 2.600892784040811923e-01 1.217811364834803900e+00 0.000000000000000000e+00
-2.247569800558953723e+00 1.572139971103295175e-03 0.000000000000000000e+00 1.251103063637371560e-01 1.710807245381984032e+00 0.000000000000000000e+00
-2.345979387012698147e+00 -5.558445831784058697e-03 0.000000000000000000e+00 -4.250142572364485824e-03 1.832278347838402599e+00 0.000000000000000000e+00
-2.249322649278524544e+00 5.022152594077521764e-03 0.000000000000000000e+00 -1.192590215637408524e-01 1.713330458904926523e+00 0.000000000000000000e+00
-1.867566580493027484e+00 2.683535402378811174e-03 0.000000000000000000e+00 -2.567981877574760929e-01 1.222241983691632727e+00 0.000000000000000000e+00
-1.516060566616403538e+00 1.559766304663805225e-03 0.000000000000000000e+00 3.160438353057500316e-01 7.203358509869781656e-01 0.000000000000000000e+00
-2.099792235990737943e+00 -2.496255050954535037e-03 0.000000000000000000e+00 1.873112689898308036e-01 1.525652709350946878e+00 0.000000000000000000e+00
-2.333258020148368139e+00 -5.635183626849511740e-03 0.000000000000000000e+00 5.418381709629292720e-02 1.816438665707282851e+00 0.000000000000000000e+00
1.068125446262139011e+00 3.219825462202572383e-04 0.000000000000000000e+00 1.152588352400513161e-01 8.038586228564870151e-02 0.000000000000000000e+00
-2.497780632151187064e+00 -6.984392972168990132e-04 0.000000000000000000e+00 -1.189027493490533993e-01 2.006632195960686538e+00 0.000000000000000000e+00
-1.328997582463963489e+00 7.936630572797712113e-04 0.000000000000000000e+00 -3.275111467987807945e-01 4.062104064097097900e-01 0.000000000000000000e+00
-2.467989904451683536e+00 5.979283902401488771e-03 0.000000000000000000e+00 1.379826877037365063e-01 1.970643535423017179e+00 0.000000000000000000e+00
-2.462212357278242170e+00 3.467955201974019103e-03 0.000000000000000000e+00 -7.669982034712066743e-02 1.967228489196777286e+00 0.000000000000000000e+00
-1.867745740790798914e+00 -1.005270689850387700e-03 0.000000000000000000e+00 -2.896902679722790364e-01 1.215097505638445652e+00 0.000000000000000000e+00
-2.044730839385393573e+00 -4.761700717267057167e-03 0.000000000000000000e+00 2.443478631204263063e-01 1.449295184564765471e+00 0.000000000000000000e+00
-2.496117322818991013e+00 -6.409096886102506885e-03 0.000000000000000000e+00 3.802805895231506361e-02 2.007867335926849961e+00 0.000000000000000000e+00
-2.341921969909098067e+00 1.708134899465835188e-03 0.000000000000000000e+00 -1.533667443201771063e-01 1.821035942364175764e+00 0.000000000000000000e+00
-1.196343275051321875e+00 8.625946721215315555e-04 0.000000000000000000e+00 2.703649545462071258e-01 1.762755434370106289e-01 0.000000000000000000e+00
-1.207588243064277478e+00 -9.577885879983582271e-04 0.000000000000000000e+00 -2.771747306647238673e-01 1.969935593622034742e-01 0.000000000000000000e+00
-2.340169449740916452e+00 3.316359465006996077e-03 0.000000000000000000e+00 1.580147467166269082e-01 1.818561660534464330e+00 0.000000000000000000e+00
-2.496434491773893871e+00 -7.112341004538808020e-03 0.000000000000000000e+00 -4.888296851714443725e-02 2.008003743140664099e+00 0.000000000000000000e+00
-2.044671098672779852e+00 -5.557159749122034254e-03 0.000000000000000000e+00 -2.517477564525222311e-01 1.447956461047769761e+00 0.000000000000000000e+00
-1.865743175970053347e+00 4.909286797695703447e-03 0.000000000000000000e+00 2.926889307877476032e-01 1.211779391385204407e+00 0.000000000000000000e+00
-2.462036102248724490e+00 5.081911466053253001e-03 0.000000000000000000e+00 8.392693475043833118e-02 1.966731246102820130e+00 0.000000000000000000e+00
-2.469105314949275876e+00 3.413271343973997562e-03 0.000000000000000000e+00 -1.302554072340340596e-01 1.972467707026783756e+00 0.000000000000000000e+00
-1.332093128040330754e+00 5.171677949041414424e-04 0.000000000000000000e+00 3.286604153022603669e-01 4.110896453112399818e-01 0.000000000000000000e+00
-2.499859943913964599e+00 -6.706193712605466872e-03 0.000000000000000000e+00 1.121857925817237311e-01 2.009451385481192620e+00 0.000000000000000000e+00
1.058667957537603233e+00 -1.839294052559128055e-04 0.000000000000000000e+00 -8.391772617626107322e-02 1.014702124799656130e-01 0.000000000000000000e+00
-2.360957332992329238e+00 -3.796918487948719445e-03 0.000000000000000000e+00 -7.138441420813884664e-02 1.848579521130227388e+00 0.000000000000000000e+00
-2.044101738329386908e+00 -3.671191376845434062e-03 0.000000000000000000e+00 -2.215082104339168301e-01 1.452177648337816596e+00 0.000000000000000000e+00
-1.331952200232335848e+00 1.823464772487766797e-03 0.000000000000000000e+00 3.118475989076958110e-01 4.237333556793186351e-01 0.000000000000000000e+00
-2.111756173574197426e+00 2.866660237814191992e-04 0.000000000000000000e+00 1.969604781400252635e-01 1.539121991218260099e+00 0.000000000000000000e+00
-2.377162199896345918e+00 6.132438898183392717e-03 0.000000000000000000e+00 5.341219307115316339e-02 1.868292588821557132e+00 0.000000000000000000e+00
-2.372933415257617362e+00 -1.862994800122648453e-03 0.000000000000000000e+00 -1.105126786039205417e-01 1.860789426624185783e+00 0.000000000000000000e+00
-1.782538175786694268e+00 1.275684878865146477e-03 0.000000000000000000e+00 -2.962216363127038732e-01 1.101270226944563779e+00 0.000000000000000000e+00
-1.978168306330761350e+00 -5.624074293807332370e-04 0.000000000000000000e+00 2.537125416236529207e-01 1.364153640243995547e+00 0.000000000000000000e+00
-2.426004579469626776e+00 7.620418415554219838e-03 0.000000000000000000e+00 7.574522546603204565e-02 1.924918620663998770e+00 0.000000000000000000e+00
-2.443048015252567318e+00 1.834237712481374960e-03 0.000000000000000000e+00 -1.224082703468739597e-01 1.942485006061512642e+00 0.000000000000000000e+00
-1.437274227210600053e+00 -6.989544349829653405e-04 0.000000000000000000e+00 -3.388270815007132786e-01 5.861798177932429077e-01 0.000000000000000000e+00
-2.364563101627667585e+00 -1.626227093891891712e-03 0.000000000000000000e+00 1.582534140490651220e-01 1.847440124124451355e+00 0.000000000000000000e+00
-2.523832967027226815e+00 2.099643421423033618e-03 0.000000000000000000e+00 -5.143167015796572261e-02 2.039763132063512785e+00 0.000000000000000000e+00
-1.960330378460034773e+00 2.168119289273583855e-03 0.000000000000000000e+00 -2.742592670703435931e-01 1.337541340415739022e+00 0.000000000000000000e+00
-2.064236906201350585e+00 -1.492695358391162713e-03 0.000000000000000000e+00 2.494905594098151824e-01 1.472687854235516625e+00 0.000000000000000000e+00
-2.537775474199598591e+00 -8.964324388796768295e-03 0.000000000000000000e+00 2.393463498910487763e-02 2.056452203833970316e+00 0.000000000000000000e+00
-2.299031675685275555e+00 -3.162431787204100786e-03 0.000000000000000000e+00 -1.835675040306469774e-01 1.767169190462988482e+00 0.000000000000000000e+00
-1.585396187104685772e+00 1.422510012792685408e-03 0.000000000000000000e+00 3.364659213769564117e-01 8.141892935513238561e-01 0.000000000000000000e+00
-2.457892837189877611e+00 5.944077391569495446e-03 0.000000000000000000e+00 1.153297232700132291e-01 1.960298819109006274e+00 0.000000000000000000e+00
-2.268893696204404176e+00 -7.016426247379442538e-03 0.000000000000000000e+00 -4.143749318140808879e-02 1.740342640321517198e+00 0.000000000000000000e+00
-2.176492443197247439e+00 -7.482988948533386697e-04 0.000000000000000000e+00 -1.244923309388762944e-01 1.625309443702756429e+00 0.000000000000000000e+00
-1.945770027760797882e+00 -5.240830460512730521e-03 0.000000000000000000e+00 -2.216060654661599627e-01 1.328875042085218894e+00 0.000000000000000000e+00
-1.535234543559859111e+00 1.644266399891295555e-03 0.000000000000000000e+00 -3.023789160142144050e-01 7.545656963927336314e-01 0.000000000000000000e+00
-1.608012547061641540e+00 9.936995746777574356e-04 0.000000000000000000e+00 2.953556073628195167e-01 8.621825346196121398e-01 0.000000000000000000e+00
-1.987533385038822820e+00 -5.501311966933694619e-03 0.000000000000000000e+00 2.006258178622814803e-01 1.384716372819651209e+00 0.000000000000000000e+00
-2.197499886875141861e+00 -2.376784480174334163e-03 0.000000000000000000e+00 1.094921042093155300e-01 1.651740836729195694e+00 0.000000000000000000e+00
-2.269723981479452313e+00 6.669514064857676172e-03 0.000000000000000000e+00 3.016512707889100475e-02 1.741563175958083409e+00 0.000000000000000000e+00
-2.333580201225492701e+00 -9.915906210554679967e-04 0.000000000000000000e+00 -8.589617461511192542e-02 1.815591069424176141e+00 0.000000000000000000e+00
-1.989872086565187104e+00 -3.300286467494778497e-03 0.000000000000000000e+00 -2.349580043117723283e-01 1.382239903589605579e+00 0.000000000000000000e+00
-1.420452830359888452e+00 -5.988893258807234665e-04 0.000000000000000000e+00 3.194003015142378721e-01 5.699188954557348197e-01 0.000000000000000000e+00
-2.120674819534331235e+00 -4.731721451852702320e-03 0.000000000000000000e+00 1.872526102396589454e-01 1.551262429326087045e+00 0.000000000000000000e+00
-2.368860561895256733e+00 5.278080229174045290e-03 0.000000000000000000e+00 5.159925965400549708e-02 1.858561683743757520e+00 0.000000000000000000e+00
-2.372185724685066166e+00 -2.636975407951679118e-03 0.000000000000000000e+00 -1.091546749049475684e-01 1.859989480179105925e+00 0.000000000000000000e+00
-1.800507368578997625e+00 2.014343771950311002e-03 0.000000000000000000e+00 -2.916753136589989026e-01 1.126348666572737134e+00 0.000000000000000000e+00
-1.953205267529542155e+00 -4.920900002772912729e-03 0.000000000000000000e+00 2.561039861230909320e-01 1.332105092271617330e+00 0.000000000000000000e+00
-2.414973326847681623e+00 -4.053346346115371812e-03 0.000000000000000000e+00 7.289266755110197782e-02 1.912083916778410941e+00 0.000000000000000000e+00
-2.515340949274960991e+00 3.740134841131101395e-03 0.000000000000000000e+00 -1.313171111175861494e-01 2.026309269749406727e+00 0.000000000000000000e+00
-1.539405975001992832e+00 2.424550112714776023e-03 0.000000000000000000e+00 3.511175265853017091e-01 7.394708328567228817e-01 0.000000000000000000e+00
-2.606992110282701169e+00 -3.977858737402891268e-03 0.000000000000000000e+00 7.960222336201827620e-02 2.135030232010567630e+00 0.000000000000000000e+00
-2.436767672864958545e+00 4.672232549649397298e-03 0.000000000000000000e+00 -1.711936927892857285e-01 1.931426589312124076e+00 0.000000000000000000e+00
-1.898574365059923830e+00 -4.007724342011798058e-03 0.000000000000000000e+00 3.099838853806801131e-01 1.250213911056551108e+00 0.000000000000000000e+00
-2.680133047419601233e+00 -1.085128927971753393e-02 0.000000000000000000e+00 2.161565159941445519e-02 2.220380608408250023e+00 0.000000000000000000e+00
-2.228544458203436385e+00 -7.703321126939971508e-03 0.000000000000000000e+00 -2.456992974526045481e-01 1.674706890450344599e+00 0.000000000000000000e+00
-2.211673411644514253e+00 -1.579039207934701539e-03 0.000000000000000000e+00 2.431960619462055218e-01 1.654614859682568717e+00 0.000000000000000000e+00
-2.682352695948760690e+00 -7.388286724236609038e-03 0.000000000000000000e+00 -3.323302803762255564e-02 2.222763767868181528e+00 0.000000000000000000e+00
-1.922351039996122779e+00 -5.673357260159196669e-04 0.000000000000000000e+00 -3.087649643464900340e-01 1.281247572096452014e+00 0.000000000000000000e+00
-2.425805322529882346e+00 -4.806469325058945752e-03 0.000000000000000000e+00 1.751765078437361733e-01 1.918185413550330676e+00 0.000000000000000000e+00
-2.614163235399955543e+00 -7.845332018962480891e-03 0.000000000000000000e+00 -8.663229025251559245e-02 2.143027557325976495e+00 0.000000000000000000e+00
