-1.173019742519250563e+00 8.134472837958584696e-04 0.000000000000000000e+00 7.282843693180393076e-03 2.864795032231202132e-01 0.000000000000000000e+00
9.809000983998813483e-01 -2.586412655692369496e-05 0.000000000000000000e+00 1.950723233201760026e-02 1.518118994991048409e-01 0.000000000000000000e+00
9.993428363081507948e-01 -1.475179973942698265e-04 0.000000000000000000e+00 -7.752180929768304196e-02 2.613828971331677575e-01 0.000000000000000000e+00
8.902991985563222244e-01 1.027096092918338734e-05 0.000000000000000000e+00 6.025498805167706778e-02 1.981481092211859751e-01 0.000000000000000000e+00
6.567411082241758624e-01 -1.771006822046130268e-04 0.000000000000000000e+00 9.517700369463305554e-02 6.841995012169244106e-01 0.000000000000000000e+00
6.797970308809668794e-01 2.905994850147220702e-03 0.000000000000000000e+00 -1.559798691237793133e-01 6.168955433623017903e-01 0.000000000000000000e+00
8.289994403669771472e-01 -2.899002269465492804e-04 0.000000000000000000e+00 2.163303941679380615e-01 2.351917545727217895e-01 0.000000000000000000e+00
8.229286718068318240e-01 -3.822850848564139994e-04 0.000000000000000000e+00 -2.546382396927542313e-01 2.120008070099047015e-01 0.000000000000000000e+00
7.042646047545766397e-01 -2.434606183400235286e-03 0.000000000000000000e+00 -2.664957759692718753e-01 5.154971931437237753e-01 0.000000000000000000e+00
6.135332173457195282e-01 5.942710072990966055e-04 0.000000000000000000e+00 -1.296830562960223088e-01 7.871400851272081223e-01 0.000000000000000000e+00
6.054609380269438956e-01 2.420570662327677439e-03 0.000000000000000000e+00 8.121831558159010866e-02 8.144569404537311819e-01 0.000000000000000000e+00
6.741495678026174776e-01 7.490494211357192917e-04 0.000000000000000000e+00 2.487144467522002800e-01 6.000053903993016746e-01 0.000000000000000000e+00
8.297586146823142661e-01 3.884436001997332646e-04 0.000000000000000000e+00 2.467799936034800468e-01 2.006946033606077928e-01 0.000000000000000000e+00
8.526857066421156262e-01 -2.026644878833933766e-04 0.000000000000000000e+00 -1.611631272753361599e-01 2.222669585758697552e-01 0.000000000000000000e+00
8.206250572913034169e-01 -4.607388170514512687e-04 0.000000000000000000e+00 1.588750258614594346e-01 2.958783601455180490e-01 0.000000000000000000e+00
6.900402236796436828e-01 -2.432467628873872037e-03 0.000000000000000000e+00 1.519608265520364931e-01 5.935044279429595449e-01 0.000000000000000000e+00
6.551029230178158080e-01 -2.670663633650115221e-03 0.000000000000000000e+00 -2.409265430390682139e-02 6.942916888162797839e-01 0.000000000000000000e+00
7.163969907441625207e-01 -4.744355449056323823e-04 0.000000000000000000e+00 -1.781518670207409838e-01 5.237108255612217267e-01 0.000000000000000000e+00
8.272019620398209927e-01 5.683464300079779652e-04 0.000000000000000000e+00 -1.497932459327889765e-01 2.862019323424684347e-01 0.000000000000000000e+00
8.083793754005171861e-01 -5.789320601786752951e-04 0.000000000000000000e+00 -1.022162158405425236e-01 3.451507479103220755e-01 0.000000000000000000e+00
9.079373229585907534e-01 -1.972060690756853932e-04 0.000000000000000000e+00 1.312397681486976442e-01 1.204747736187419399e-01 0.000000000000000000e+00
9.925092424993516849e-01 4.359561429405624743e-04 0.000000000000000000e+00 -2.190724182754249794e-01 1.033657653022064526e-01 0.000000000000000000e+00
9.738039046464940229e-01 -6.102540558259831206e-04 0.000000000000000000e+00 1.175787322726207403e-02 1.349740473553263098e-01 0.000000000000000000e+00
9.622183187498465351e-01 -3.780173745056154529e-04 0.000000000000000000e+00 5.149864791042849110e-02 1.141008412855552684e-01 0.000000000000000000e+00
9.432183788862276153e-01 -2.135735925414502558e-04 0.000000000000000000e+00 -4.450085608273901538e-02 1.248154557256947322e-01 0.000000000000000000e+00
-9.728060384736305632e-01 1.594580135682772699e-04 0.000000000000000000e+00 -2.998033600633155660e-02 5.083053010438478431e-02 0.000000000000000000e+00
8.814332504958268810e-01 5.208886182674454367e-04 0.000000000000000000e+00 -6.894532590223820256e-02 2.114818730283764547e-01 0.000000000000000000e+00
-1.397351894182947030e+00 -2.353457523176015302e-03 0.000000000000000000e+00 -1.118310176264810940e-01 6.103041269241813449e-01 0.000000000000000000e+00
-1.410865724351565209e+00 -1.656722494973901505e-03 0.000000000000000000e+00 1.007823982798720652e-01 6.317097504746920222e-01 0.000000000000000000e+00
1.006335301632542922e+00 -3.160830011426129572e-04 0.000000000000000000e+00 -2.129219989350313869e-01 1.410293039930833325e-01 0.000000000000000000e+00
8.664243233612414219e-01 7.129315002989387601e-04 0.000000000000000000e+00 -1.697788013665810225e-01 1.824784479628148715e-01 0.000000000000000000e+00
7.157420117367672141e-01 6.211888384096287807e-04 0.000000000000000000e+00 2.018382851378484888e-02 5.542669092116800922e-01 0.000000000000000000e+00
-1.087828696683605934e+00 -4.441899113062424895e-04 0.000000000000000000e+00 -6.771852054748364602e-02 1.359562718877243281e-01 0.000000000000000000e+00
-1.091213223631583018e+00 2.402208318365208622e-04 0.000000000000000000e+00 -6.771924060579220805e-02 1.419699735755261538e-01 0.000000000000000000e+00
9.728867034987038753e-01 2.067315795035792750e-04 0.000000000000000000e+00 1.166119833492487157e-01 6.614635218232503555e-02 0.000000000000000000e+00
9.239961916345387216e-01 4.554527866376021326e-04 0.000000000000000000e+00 -1.133399573474050126e-01 1.049843739859985525e-01 0.000000000000000000e+00
8.875561072443807209e-01 -5.158292478106892703e-04 0.000000000000000000e+00 -1.610122637743604396e-02 2.111912170017095358e-01 0.000000000000000000e+00
8.876769128262801400e-01 -9.707993529707217156e-04 0.000000000000000000e+00 7.147465268606659206e-02 1.991585614393247550e-01 0.000000000000000000e+00
6.446817047423013536e-01 -2.314482204468953572e-03 0.000000000000000000e+00 -1.831796758810067538e-01 6.962723249280060589e-01 0.000000000000000000e+00
6.155606696284967594e-01 2.028895549641948886e-03 0.000000000000000000e+00 7.872714434720051724e-02 7.886495566414846170e-01 0.000000000000000000e+00
7.385386239977763667e-01 2.092770197445168161e-03 0.000000000000000000e+00 2.619239032425081382e-01 4.314156255091180503e-01 0.000000000000000000e+00
8.387990533604077203e-01 -1.068454038458326733e-03 0.000000000000000000e+00 -1.680014420160072519e-01 2.494358329278838771e-01 0.000000000000000000e+00
7.524767756369642457e-01 1.061656410597220518e-03 0.000000000000000000e+00 1.168432747058426868e-01 4.602461347971424921e-01 0.000000000000000000e+00
-9.720849115178720190e-01 -1.134782165097701547e-04 0.000000000000000000e+00 4.651537341589660063e-02 3.797847613040321313e-02 0.000000000000000000e+00
7.587222443671564065e-01 7.068607250791149321e-04 0.000000000000000000e+00 -1.232880963634244154e-01 4.448615467745076213e-01 0.000000000000000000e+00
8.542513828962178257e-01 -1.063152638903013328e-03 0.000000000000000000e+00 1.658901847842649546e-01 2.150900894953493570e-01 0.000000000000000000e+00
8.697378445127461610e-01 5.472628622393517148e-04 0.000000000000000000e+00 -1.288701177734283554e-01 2.063033706651993815e-01 0.000000000000000000e+00
-1.083833677896545389e+00 1.369716662722748196e-04 0.000000000000000000e+00 4.487673107688948393e-02 1.384145703556169671e-01 0.000000000000000000e+00
9.959640140000873831e-01 -4.553408689956070683e-04 0.000000000000000000e+00 -6.188817674621531484e-02 3.048003139510450099e-01 0.000000000000000000e+00
-1.182771086347057743e+00 4.134234125552950501e-04 0.000000000000000000e+00 -1.421445384910603217e-02 3.013878980271764707e-01 0.000000000000000000e+00
-1.381552934673114574e+00 2.408239516147474106e-03 0.000000000000000000e+00 -1.238718364200100813e-01 5.848925775053104292e-01 0.000000000000000000e+00
-1.451402891252321581e+00 -5.817739274081509815e-05 0.000000000000000000e+00 7.191299741085677155e-02 6.931613004896695074e-01 0.000000000000000000e+00
-1.071556381224449961e+00 -7.027939199662612698e-05 0.000000000000000000e+00 1.210351551305597351e-01 3.473952517501451009e-02 0.000000000000000000e+00
-1.132912385507881314e+00 1.326119819611310414e-04 0.000000000000000000e+00 -1.637860545642890187e-01 1.522640123465800188e-01 0.000000000000000000e+00
-1.453278186869825905e+00 -2.978229220877717798e-03 0.000000000000000000e+00 -8.419599269955069243e-02 6.944277435902145301e-01 0.000000000000000000e+00
-1.441372229862025289e+00 2.649550170927598980e-03 0.000000000000000000e+00 9.474489091979348965e-02 6.761999463992969250e-01 0.000000000000000000e+00
-1.224447093132555064e+00 -1.085372598160484281e-03 0.000000000000000000e+00 1.883110185831240735e-01 3.135824533040072470e-01 0.000000000000000000e+00
1.007931514343158863e+00 9.150201428191494148e-04 0.000000000000000000e+00 -1.282637747011065033e-01 1.865132492436851197e-01 0.000000000000000000e+00
8.342878860198837954e-01 1.006388528901689143e-03 0.000000000000000000e+00 -5.420744908252066174e-02 3.045789161780451115e-01 0.000000000000000000e+00
8.293154596892522434e-01 -4.031158728781160383e-04 0.000000000000000000e+00 2.912218101728342862e-02 3.176092649050730188e-01 0.000000000000000000e+00
8.217203882352130950e-01 -1.060161384778270880e-04 0.000000000000000000e+00 -1.638517649537631071e-02 3.332924956528434679e-01 0.000000000000000000e+00
8.247542988163412137e-01 1.277952266909744474e-03 0.000000000000000000e+00 -3.325039700475996771e-03 3.277646034156972421e-01 0.000000000000000000e+00
8.231086299040550891e-01 -2.671831489088356132e-04 0.000000000000000000e+00 2.339915526444759017e-02 3.301588449752710930e-01 0.000000000000000000e+00
8.324777001996771508e-01 -1.133256628008168058e-03 0.000000000000000000e+00 -3.510846030365579601e-02 3.108664421548237300e-01 0.000000000000000000e+00
8.444887527833428997e-01 2.031547621890155558e-04 0.000000000000000000e+00 7.057332948519046134e-02 2.812171019492710755e-01 0.000000000000000000e+00
7.845151929061811025e-01 1.071428216979563143e-03 0.000000000000000000e+00 4.697754914263364834e-02 4.053548782185031896e-01 0.000000000000000000e+00
8.169775391803666409e-01 -3.738218509666746056e-04 0.000000000000000000e+00 -7.927332763916999925e-02 3.336970424023301685e-01 0.000000000000000000e+00
8.028441553658709484e-01 1.696303423313104755e-03 0.000000000000000000e+00 3.771087361605258981e-02 3.690755316560759836e-01 0.000000000000000000e+00
8.005901244062869626e-01 -9.331061429871858465e-04 0.000000000000000000e+00 6.823351479105016493e-02 3.692627164801188799e-01 0.000000000000000000e+00
7.907349590945107476e-01 1.768366857186613956e-03 0.000000000000000000e+00 -5.642743551180220973e-02 3.913471363688588167e-01 0.000000000000000000e+00
8.191606585535966545e-01 1.017257706639915563e-03 0.000000000000000000e+00 -6.478150121513076565e-02 3.324468366859542057e-01 0.000000000000000000e+00
8.745971722534700010e-01 7.791762689170750452e-04 0.000000000000000000e+00 1.155901703167860339e-01 2.040631477356141255e-01 0.000000000000000000e+00
8.339484614556484932e-01 4.052775338381133657e-05 0.000000000000000000e+00 -2.270047544583467525e-01 2.111410400721332459e-01 0.000000000000000000e+00
6.265674476015197225e-01 3.567694415773687774e-03 0.000000000000000000e+00 -1.972368533035800953e-02 7.644872968711531325e-01 0.000000000000000000e+00
7.817003363091359347e-01 7.939685479229161708e-04 0.000000000000000000e+00 2.451789206492947515e-01 3.333896073105103719e-01 0.000000000000000000e+00
7.797812006802700147e-01 -5.106391013107620946e-04 0.000000000000000000e+00 2.872484053536022985e-01 3.033628646924335093e-01 0.000000000000000000e+00
5.205148311123968252e-01 -3.274127635577240084e-04 0.000000000000000000e+00 1.672285394454663954e-01 1.041419050928761081e+00 0.000000000000000000e+00
5.466298710477757172e-01 -3.100326165242435657e-03 0.000000000000000000e+00 -2.594951425377097221e-01 9.432668606982139714e-01 0.000000000000000000e+00
6.937273368527463457e-01 -9.206165296092314390e-04 0.000000000000000000e+00 3.685275167360213544e-01 4.788288219149973157e-01 0.000000000000000000e+00
4.883816222857747524e-01 -4.628892673646062446e-03 0.000000000000000000e+00 -6.726774213891747664e-03 1.154229049147276420e+00 0.000000000000000000e+00
7.233258280109183813e-01 -1.353376291943375609e-03 0.000000000000000000e+00 -3.488531677467948122e-01 4.094031443438652107e-01 0.000000000000000000e+00
5.682218064147643855e-01 2.254656997092577622e-04 0.000000000000000000e+00 2.843199777741812762e-01 8.726787850370258948e-01 0.000000000000000000e+00
5.176258843649753638e-01 3.193498605236082515e-03 0.000000000000000000e+00 -6.948238461586134229e-02 1.061145135884154822e+00 0.000000000000000000e+00
6.304171621754541821e-01 2.223136137186057341e-03 0.000000000000000000e+00 -3.456274931891886171e-01 6.714129046743929630e-01 0.000000000000000000e+00
6.453321566946674803e-01 -7.441074127581045333e-04 0.000000000000000000e+00 3.502561587881495853e-01 6.272280644776737635e-01 0.000000000000000000e+00
5.166282000313042744e-01 -1.497638302975127546e-03 0.000000000000000000e+00 7.919225276797955959e-02 1.063509490119078915e+00 0.000000000000000000e+00
5.677104731442741414e-01 -2.535620760532792273e-03 0.000000000000000000e+00 -2.851412809073511356e-01 8.738749462187400674e-01 0.000000000000000000e+00
7.070805642050492779e-01 1.907290816377880949e-03 0.000000000000000000e+00 3.556607649905296764e-01 4.505124035041364605e-01 0.000000000000000000e+00
4.928089136887995880e-01 -3.478895103143611785e-03 0.000000000000000000e+00 2.847424194481867898e-02 1.139813285554246436e+00 0.000000000000000000e+00
6.569104748878835665e-01 2.841679952407924828e-03 0.000000000000000000e+00 -3.792318783403436644e-01 5.768957420224996024e-01 0.000000000000000000e+00
5.444855957761318699e-01 -1.848483042879967529e-03 0.000000000000000000e+00 2.761772086607329202e-01 9.449317005589259466e-01 0.000000000000000000e+00
5.189142748512827197e-01 2.060048398431926428e-03 0.000000000000000000e+00 -1.863392575511896299e-01 1.043044620277486789e+00 0.000000000000000000e+00
7.747745209741784267e-01 1.362604031905582675e-03 0.000000000000000000e+00 3.299288769290610324e-01 2.728048825257489707e-01 0.000000000000000000e+00
8.066204177830631483e-01 -8.965664245062657592e-04 0.000000000000000000e+00 -3.146379927309789770e-01 1.819677398955119041e-01 0.000000000000000000e+00
4.789408132614858538e-01 -3.301561921378913869e-03 0.000000000000000000e+00 1.180115056976182089e-02 1.184764117932616045e+00 0.000000000000000000e+00
8.515445901880307478e-01 -2.750035833260463299e-04 0.000000000000000000e+00 2.634195942457006057e-01 8.461940301484466298e-02 0.000000000000000000e+00
7.651383578459982626e-01 -5.113880289340181490e-04 0.000000000000000000e+00 -3.265232045905236413e-01 3.069670343281899472e-01 0.000000000000000000e+00
5.658822351762160530e-01 3.094953015460037010e-03 0.000000000000000000e+00 2.683554240641766730e-01 8.844338873298955850e-01 0.000000000000000000e+00
5.199638676405164972e-01 4.898788156141467218e-03 0.000000000000000000e+00 -6.989054967143865094e-02 1.054026572362012582e+00 0.000000000000000000e+00
6.240628991724261887e-01 -2.246500905825614403e-03 0.000000000000000000e+00 -3.345084588682631921e-01 6.947198640013974025e-01 0.000000000000000000e+00
6.656932103494327402e-01 -1.504765380195593680e-03 0.000000000000000000e+00 3.530732673457983584e-01 5.687682455997988828e-01 0.000000000000000000e+00
5.164655202778301035e-01 3.703319486190691061e-03 0.000000000000000000e+00 9.059931643903779142e-02 1.063059578927762150e+00 0.000000000000000000e+00
5.643658230350545590e-01 -1.754964285202763232e-03 0.000000000000000000e+00 -2.856421625838504452e-01 8.834283909686817537e-01 0.000000000000000000e+00
6.944420011332175235e-01 9.896128191199176846e-04 0.000000000000000000e+00 3.614498831785539767e-01 4.821572261862392406e-01 0.000000000000000000e+00
4.944410088988691054e-01 -4.208220704858727304e-03 0.000000000000000000e+00 2.812056984440499882e-02 1.134634273440031427e+00 0.000000000000000000e+00
6.531429744779747582e-01 -2.052226173698394954e-03 0.000000000000000000e+00 -3.741553128784760318e-01 5.909649047185878690e-01 0.000000000000000000e+00
5.493325706567211419e-01 7.268078580301121257e-04 0.000000000000000000e+00 2.822554585896775992e-01 9.286891204837977032e-01 0.000000000000000000e+00
5.169253471878981765e-01 1.523838474751158106e-03 0.000000000000000000e+00 -1.727359240127357698e-01 1.051466436575224428e+00 0.000000000000000000e+00
8.036496121123006819e-01 8.578865604909500717e-04 0.000000000000000000e+00 3.064442332793460011e-01 2.062635892545084393e-01 0.000000000000000000e+00
7.898503339487421560e-01 -1.057685737847698787e-03 0.000000000000000000e+00 -3.074565290190351408e-01 2.514715083866956857e-01 0.000000000000000000e+00
5.733202106555420619e-01 2.865743613925070959e-03 0.000000000000000000e+00 2.733199730808480998e-01 8.615320266903840896e-01 0.000000000000000000e+00
5.219904755543660624e-01 1.320567077248441940e-03 0.000000000000000000e+00 -3.069667713757424921e-02 1.049882676538848258e+00 0.000000000000000000e+00
5.947088441579859719e-01 3.387245839947244236e-03 0.000000000000000000e+00 -3.122176519006684137e-01 7.868782596476108226e-01 0.000000000000000000e+00
7.265089151941797052e-01 1.800816000958405452e-03 0.000000000000000000e+00 3.409026357673659025e-01 4.069682052512870740e-01 0.000000000000000000e+00
4.962080620201287928e-01 -8.733657143460511404e-04 0.000000000000000000e+00 5.619859790393513799e-02 1.128062165263822969e+00 0.000000000000000000e+00
6.249909476780692863e-01 1.404926407278339444e-03 0.000000000000000000e+00 -3.758683514528681768e-01 6.705801581626471553e-01 0.000000000000000000e+00
5.527511620168616968e-01 4.526728579485193166e-03 0.000000000000000000e+00 2.923775893091080658e-01 9.153355074316820161e-01 0.000000000000000000e+00
5.142503848768549268e-01 3.992763585257702412e-03 0.000000000000000000e+00 -1.813965314939143536e-01 1.058188009981022581e+00 0.000000000000000000e+00
7.573192876360628212e-01 1.959529180656487818e-04 0.000000000000000000e+00 3.444114799752845957e-01 3.118218922790551018e-01 0.000000000000000000e+00
8.395529753467627643e-01 -3.871518668573700316e-04 0.000000000000000000e+00 -2.815412000609652798e-01 1.015747249468996055e-01 0.000000000000000000e+00
4.693142156789724684e-01 1.794154196478060445e-03 0.000000000000000000e+00 -9.262304564665987949e-02 1.213118140183239824e+00 0.000000000000000000e+00
6.133186999064921263e-01 4.230089860382405323e-05 0.000000000000000000e+00 4.270429218967822238e-01 6.745014600474451560e-01 0.000000000000000000e+00
4.860426830007202881e-01 4.523083191253037504e-03 0.000000000000000000e+00 -2.793099463869426202e-01 1.127701169126408054e+00 0.000000000000000000e+00
5.050782622763974050e-01 3.306848775228169238e-03 0.000000000000000000e+00 3.257000858785940034e-01 1.052521831710006683e+00 0.000000000000000000e+00
5.729813688156475404e-01 -3.956225046394763745e-03 0.000000000000000000e+00 -4.146323208373969837e-01 8.041679492447404431e-01 0.000000000000000000e+00
4.685810155193592674e-01 7.327017904620123506e-04 0.000000000000000000e+00 1.312282647641291322e-01 1.212027405498372623e+00 0.000000000000000000e+00
7.388966110108564633e-01 1.732980456239572448e-03 0.000000000000000000e+00 -3.595365967173808075e-01 3.531086484747267829e-01 0.000000000000000000e+00
5.086998628875030182e-01 -1.572508574188532030e-03 0.000000000000000000e+00 1.670377181270751854e-01 1.077744560379312544e+00 0.000000000000000000e+00
5.612760522994588719e-01 2.568239825606282497e-03 0.000000000000000000e+00 -3.280635730980785980e-01 8.777253900952715071e-01 0.000000000000000000e+00
5.885273476777714841e-01 -2.832509827857668250e-03 0.000000000000000000e+00 3.614451952570796878e-01 7.835734847189865793e-01 0.000000000000000000e+00
5.003095234401173652e-01 4.000767179477675468e-03 0.000000000000000000e+00 -1.196278499003765178e-01 1.110123907728594039e+00 0.000000000000000000e+00
8.108524309169622413e-01 -1.760093232311245662e-04 0.000000000000000000e+00 3.038044744498438199e-01 1.837890234694011249e-01 0.000000000000000000e+00
7.842204034688915470e-01 -7.930167480866747581e-04 0.000000000000000000e+00 -3.097419114850086808e-01 2.666067563247349059e-01 0.000000000000000000e+00
5.834622079126929872e-01 -3.851673137041921983e-03 0.000000000000000000e+00 2.928067524914849673e-01 8.260594360456304797e-01 0.000000000000000000e+00
5.241677718303570099e-01 5.966017427354920223e-04 0.000000000000000000e+00 1.370873146653646402e-02 1.043746698483174473e+00 0.000000000000000000e+00
5.742295870934877033e-01 -4.112565297760203964e-04 0.000000000000000000e+00 -2.716190128875012322e-01 8.594926641042619497e-01 0.000000000000000000e+00
8.303019324577898264e-01 -1.446586279985626403e-04 0.000000000000000000e+00 2.727650639480906358e-01 1.616039941842496441e-01 0.000000000000000000e+00
8.061494956627923703e-01 -2.849938116514039513e-04 0.000000000000000000e+00 -2.568005238685371339e-01 2.585526815579481941e-01 0.000000000000000000e+00
6.449902430769174355e-01 8.643301894472855094e-04 0.000000000000000000e+00 -2.077103473994157956e-01 6.885789613496662298e-01 0.000000000000000000e+00
6.022796161182801811e-01 3.748232937464151225e-03 0.000000000000000000e+00 4.395865132310978682e-05 8.267332522961479135e-01 0.000000000000000000e+00
6.463453029400241245e-01 -2.350497134069803006e-03 0.000000000000000000e+00 2.116818145386171190e-01 6.839026822130458427e-01 0.000000000000000000e+00
8.110631080663628367e-01 2.960990369854990534e-04 0.000000000000000000e+00 2.544231612689961120e-01 2.470816632524617251e-01 0.000000000000000000e+00
8.195229028761921164e-01 -5.368482189378820726e-04 0.000000000000000000e+00 -2.760620787863838910e-01 1.950205466146413547e-01 0.000000000000000000e+00
6.360109713516339802e-01 -2.176605516778043828e-03 0.000000000000000000e+00 3.184941098983302687e-01 6.693615355343774942e-01 0.000000000000000000e+00
5.482708490052485839e-01 -1.143005081691607361e-04 0.000000000000000000e+00 1.609376235214902695e-01 9.602564566634673726e-01 0.000000000000000000e+00
5.369078701170270085e-01 -1.262937177588897147e-03 0.000000000000000000e+00 -7.955667513293240845e-02 1.003191639391553869e+00 0.000000000000000000e+00
5.941946270991890211e-01 3.412620735005396713e-03 0.000000000000000000e+00 -2.842515557842160701e-01 7.988431000727687081e-01 0.000000000000000000e+00
7.688041015716331472e-01 1.278825545884078319e-03 0.000000000000000000e+00 -2.764291293083086520e-01 3.429751851046056177e-01 0.000000000000000000e+00
6.509171078397442134e-01 -9.838225398633316382e-04 0.000000000000000000e+00 -2.272563240612717750e-01 6.671847972097023627e-01 0.000000000000000000e+00
5.999430511755636797e-01 1.344341831564419519e-03 0.000000000000000000e+00 -6.065800364935812483e-02 8.306361314070684898e-01 0.000000000000000000e+00
6.124497069428068707e-01 4.057633192840158498e-04 0.000000000000000000e+00 1.357768433639329753e-01 7.889280505822637846e-01 0.000000000000000000e+00
6.916364926276610259e-01 9.934382676573005368e-04 0.000000000000000000e+00 2.656365327179855962e-01 5.480206602586227271e-01 0.000000000000000000e+00
7.962578306533913963e-01 1.318862036275670474e-03 0.000000000000000000e+00 2.699111282879315121e-01 2.734650370265442332e-01 0.000000000000000000e+00
8.499251213309877429e-01 1.912253309854040689e-05 0.000000000000000000e+00 -2.565383245268694767e-01 1.114826026040354467e-01 0.000000000000000000e+00
5.366438936410488081e-01 -2.001579052888132100e-03 0.000000000000000000e+00 2.133797412402132498e-01 9.842446548054161193e-01 0.000000000000000000e+00
5.285691878687581724e-01 4.587976717361826745e-03 0.000000000000000000e+00 -1.826452635427294191e-01 1.014417619655942016e+00 0.000000000000000000e+00
7.526493161831198098e-01 -1.256198034513537898e-03 0.000000000000000000e+00 -3.064163790175646884e-01 3.622827991030185268e-01 0.000000000000000000e+00
7.961113303700322330e-01 1.043136640168713459e-03 0.000000000000000000e+00 2.851389254019047192e-01 2.579903234833931247e-01 0.000000000000000000e+00
8.156723070079130444e-01 6.302894554432308949e-04 0.000000000000000000e+00 -2.915278066865250040e-01 1.855321557712550362e-01 0.000000000000000000e+00
5.380750315252876836e-01 -3.397976803790657765e-03 0.000000000000000000e+00 2.229793301825159779e-01 9.778298900887660849e-01 0.000000000000000000e+00
5.275954685536907718e-01 1.181383627383184726e-03 0.000000000000000000e+00 -1.733794287228265785e-01 1.019018322231090234e+00 0.000000000000000000e+00
7.445847545917412269e-01 1.810836661030689951e-03 0.000000000000000000e+00 -3.136032501118388716e-01 3.787076386736689670e-01 0.000000000000000000e+00
7.597920977725993730e-01 1.061739116520845835e-03 0.000000000000000000e+00 3.064477232776164906e-01 3.422335620380079213e-01 0.000000000000000000e+00
5.137552299072032369e-01 -3.795999937028936635e-03 0.000000000000000000e+00 1.440757740682961086e-01 1.065433755931612270e+00 0.000000000000000000e+00
5.582666600829342407e-01 -1.982629612857708667e-03 0.000000000000000000e+00 -2.931516856330948495e-01 8.988367779803174695e-01 0.000000000000000000e+00
6.480185061727528062e-01 -1.477150489954198731e-03 0.000000000000000000e+00 3.740618904202908657e-01 6.056595902901549255e-01 0.000000000000000000e+00
4.969800686566528403e-01 4.864394017794268846e-03 0.000000000000000000e+00 -1.714112438606953115e-02 1.126829211447410550e+00 0.000000000000000000e+00
6.686169741922791676e-01 -1.204667572336477234e-03 0.000000000000000000e+00 -3.684864645666033889e-01 5.506089687929911491e-01 0.000000000000000000e+00
5.624350851648789451e-01 4.312555085289312973e-03 0.000000000000000000e+00 2.882563024525435225e-01 8.881717760719300969e-01 0.000000000000000000e+00
5.151465442199134603e-01 -3.434702369899514211e-03 0.000000000000000000e+00 -1.135733493300668667e-01 1.064875465154836220e+00 0.000000000000000000e+00
7.066294320899956238e-01 7.135455585885429330e-04 0.000000000000000000e+00 -3.424572023377491226e-01 4.619019680252343663e-01 0.000000000000000000e+00
6.315223690600756390e-01 -2.649714740236572622e-03 0.000000000000000000e+00 3.327656380446444295e-01 6.748113769933304917e-01 0.000000000000000000e+00
5.305900828210963205e-01 2.141704903764803797e-03 0.000000000000000000e+00 1.083737985472981724e-01 1.019068470638492263e+00 0.000000000000000000e+00
5.468026254619747784e-01 -2.399857140644456183e-03 0.000000000000000000e+00 -1.956706298567039704e-01 9.580471018717751086e-01 0.000000000000000000e+00
7.048327225195121226e-01 2.252518996240087182e-03 0.000000000000000000e+00 -3.286278420724815796e-01 4.767482082489531425e-01 0.000000000000000000e+00
7.376250835707742759e-01 -8.565090017703114178e-04 0.000000000000000000e+00 3.208740173397847117e-01 3.921403594399073267e-01 0.000000000000000000e+00
5.212895502565718653e-01 -2.695018969588109867e-03 0.000000000000000000e+00 1.559079359762659822e-01 1.040806987116831728e+00 0.000000000000000000e+00
5.454830716895761045e-01 3.778300586973480299e-03 0.000000000000000000e+00 -2.570200528813144647e-01 9.473317528254781017e-01 0.000000000000000000e+00
7.283696567326837235e-01 5.170941948177067322e-04 0.000000000000000000e+00 3.525294499469331932e-01 3.914853080624536297e-01 0.000000000000000000e+00
4.798256498175172968e-01 4.691463664236099167e-03 0.000000000000000000e+00 -4.322695268873476271e-02 1.181107931702038760e+00 0.000000000000000000e+00
7.576047173988869066e-01 1.107547821873534032e-03 0.000000000000000000e+00 3.578091962195954490e-01 2.954103085908219573e-01 0.000000000000000000e+00
8.069230071384634329e-01 -6.421484574760365910e-04 0.000000000000000000e+00 -3.233969671398773116e-01 1.645954217485102178e-01 0.000000000000000000e+00
4.643594778089116248e-01 -2.982863758067967434e-03 0.000000000000000000e+00 -1.496574331192462304e-01 1.224154587782898984e+00 0.000000000000000000e+00
5.394126872516787907e-01 3.012287607534643898e-03 0.000000000000000000e+00 3.997272228403647154e-01 9.156317128356042945e-01 0.000000000000000000e+00
-9.362330912597004451e-01 2.642018391847008284e-04 0.000000000000000000e+00 -6.304237529601453005e-02 1.001251120321714067e-01 0.000000000000000000e+00
5.307163827561800495e-01 -3.001510381781483799e-03 0.000000000000000000e+00 -3.891126869871895932e-01 9.476816063798394474e-01 0.000000000000000000e+00
4.664433622777907074e-01 5.826857381013768669e-03 0.000000000000000000e+00 1.643362264265776918e-01 1.215098839854560131e+00 0.000000000000000000e+00
7.423881364300514152e-01 9.753807162854346950e-05 0.000000000000000000e+00 -3.632699305509006216e-01 3.383335255252987173e-01 0.000000000000000000e+00
4.926378306723074307e-01 1.941315823510280682e-03 0.000000000000000000e+00 1.035424644117234061e-01 1.136034665672589927e+00 0.000000000000000000e+00
6.188029585451868542e-01 -1.288226307214506393e-03 0.000000000000000000e+00 -3.827814021579774018e-01 6.846105209075250553e-01 0.000000000000000000e+00
5.299028137425310092e-01 -4.106648163916351048e-04 0.000000000000000000e+00 2.693608416079639190e-01 9.909031538191854782e-01 0.000000000000000000e+00
-9.473598309324096078e-01 4.072036968442869966e-04 0.000000000000000000e+00 -2.300186440133081961e-02 9.661010211117522506e-02 0.000000000000000000e+00
5.275233375789872836e-01 1.502802742502013563e-03 0.000000000000000000e+00 -2.643731680146700347e-01 9.995088421241329346e-01 0.000000000000000000e+00
6.224270891710044218e-01 -4.779729839412272252e-04 0.000000000000000000e+00 3.860217135387896681e-01 6.722464559905996229e-01 0.000000000000000000e+00
4.914590892657529908e-01 1.049719173179035521e-03 0.000000000000000000e+00 -1.035693792455839590e-01 1.139801702641219716e+00 0.000000000000000000e+00
7.428839265186704122e-01 9.662939073973558345e-04 0.000000000000000000e+00 3.628922629433373737e-01 3.371736772467850973e-01 0.000000000000000000e+00
4.662116078199685099e-01 -4.577030686841210803e-03 0.000000000000000000e+00 -1.695867415924674770e-01 1.215211360319927270e+00 0.000000000000000000e+00
5.277978074093361283e-01 2.684266805337622366e-03 0.000000000000000000e+00 3.866007990447842269e-01 9.580052034980675035e-01 0.000000000000000000e+00
-9.239216214435076457e-01 -5.987011561788598696e-05 0.000000000000000000e+00 1.168720382457701656e-01 7.689617761449388245e-02 0.000000000000000000e+00
5.401340390015434423e-01 2.879759671130417698e-03 0.000000000000000000e+00 -4.110276731071239587e-01 9.083282090936313224e-01 0.000000000000000000e+00
4.626551044475700758e-01 -1.601387258887809750e-03 0.000000000000000000e+00 1.465135323720532790e-01 1.230364085344994418e+00 0.000000000000000000e+00
7.804286521210310745e-01 4.021956883668710396e-04 0.000000000000000000e+00 3.512208567386645441e-01 2.237900768766061810e-01 0.000000000000000000e+00
7.646314064426062984e-01 -3.409704322309206614e-04 0.000000000000000000e+00 -3.614750222930440682e-01 2.667227841374454900e-01 0.000000000000000000e+00
4.665690479121791245e-01 -4.390237746810189169e-03 0.000000000000000000e+00 -7.029135018167151361e-02 1.223769389178345879e+00 0.000000000000000000e+00
6.113198906738122052e-01 1.012300045745710871e-03 0.000000000000000000e+00 4.293346999123438534e-01 6.791090328839988199e-01 0.000000000000000000e+00
4.878432928720548012e-01 1.592839803213868220e-03 0.000000000000000000e+00 -2.901527802335439055e-01 1.119051548601230461e+00 0.000000000000000000e+00
4.960090091257410849e-01 4.732121905270180590e-03 0.000000000000000000e+00 3.045153756135168255e-01 1.088238786826378313e+00 0.000000000000000000e+00
5.911414691184779802e-01 2.648101553855112741e-03 0.000000000000000000e+00 -4.323366537415590516e-01 7.387932457650046025e-01 0.000000000000000000e+00
4.649844377038729881e-01 -3.396708597380802830e-03 0.000000000000000000e+00 9.575888166688842351e-02 1.227417564929101257e+00 0.000000000000000000e+00
7.647548969473415559e-01 -1.157144038586249788e-03 0.000000000000000000e+00 3.629459545254763442e-01 2.642767018373439747e-01 0.000000000000000000e+00
7.762573013555083001e-01 1.336846079947892965e-04 0.000000000000000000e+00 -3.549251918801064609e-01 2.338758385310103494e-01 0.000000000000000000e+00
4.632627969994840278e-01 -1.886864261951371434e-03 0.000000000000000000e+00 -1.328164323469512853e-01 1.229843933669342526e+00 0.000000000000000000e+00
5.501911920654225518e-01 3.359277813661206910e-03 0.000000000000000000e+00 4.090995044685317161e-01 8.775080944312150244e-01 0.000000000000000000e+00
5.187888301176626360e-01 4.159886364487417471e-03 0.000000000000000000e+00 -3.833525044003076032e-01 9.881666251215877050e-01 0.000000000000000000e+00
4.685506702821106151e-01 -1.977296291361049785e-04 0.000000000000000000e+00 1.964877775571229335e-01 1.203283996754031415e+00 0.000000000000000000e+00
7.171913160409044696e-01 -1.702565025990226966e-03 0.000000000000000000e+00 -3.806678281016711018e-01 3.989602762238837474e-01 0.000000000000000000e+00
4.871985471866709938e-01 -1.746631507155736035e-03 0.000000000000000000e+00 9.935238460825339402e-02 1.153838131559120406e+00 0.000000000000000000e+00
6.434533974855179972e-01 -2.151059939303347213e-03 0.000000000000000000e+00 -3.887919547736896630e-01 6.095479168691814165e-01 0.000000000000000000e+00
5.180794570047383418e-01 -1.125140354287111101e-03 0.000000000000000000e+00 2.347103863250076250e-01 1.035829939994749926e+00 0.000000000000000000e+00
5.422555283045740193e-01 -1.846324240220783685e-03 0.000000000000000000e+00 -2.985924603456002191e-01 9.448192716941340441e-01 0.000000000000000000e+00
5.917306850256547346e-01 -2.154659247409815900e-03 0.000000000000000000e+00 3.728622922075002233e-01 7.687896338997822765e-01 0.000000000000000000e+00
4.970218580580579859e-01 4.897870720969937745e-03 0.000000000000000000e+00 -1.424257607516479784e-01 1.117794920168153183e+00 0.000000000000000000e+00
7.203684161792880403e-01 1.133068485629301625e-03 0.000000000000000000e+00 3.739803423331957699e-01 3.956194343477867359e-01 0.000000000000000000e+00
4.695599777417326370e-01 6.387564986258258311e-04 0.000000000000000000e+00 -1.616419981097688696e-01 1.205052531643106217e+00 0.000000000000000000e+00
5.506034499481612388e-01 -9.919860446425149848e-04 0.000000000000000000e+00 4.073713979414542163e-01 8.770507209288331829e-01 0.000000000000000000e+00
5.162633266657191689e-01 6.048849821881823255e-04 0.000000000000000000e+00 -3.601711149526729550e-01 1.004999029926119558e+00 0.000000000000000000e+00
4.780676748814789434e-01 -4.731260487218481858e-03 0.000000000000000000e+00 2.421654852493647092e-01 1.162703595748571406e+00 0.000000000000000000e+00
6.484169894080925589e-01 -2.232727312212669235e-03 0.000000000000000000e+00 -4.177213236158693332e-01 5.752208664056409626e-01 0.000000000000000000e+00
4.735465336693226446e-01 3.151885116306694413e-03 0.000000000000000000e+00 7.404684006295764176e-02 1.200282745127161377e+00 0.000000000000000000e+00
7.394749529899040663e-01 1.486582626897785166e-03 0.000000000000000000e+00 -3.512582207721843819e-01 3.596114684129646522e-01 0.000000000000000000e+00
5.317784029480232544e-01 -3.953109689264244428e-03 0.000000000000000000e+00 2.284484080291406261e-01 9.954216201734671365e-01 0.000000000000000000e+00
-9.477870315430654280e-01 3.093744758170782934e-04 0.000000000000000000e+00 -4.071135910712457562e-02 8.980943676473412962e-02 0.000000000000000000e+00
5.298538494412239341e-01 -4.525319472264187695e-04 0.000000000000000000e+00 -2.129165935575593749e-01 1.004689107933431247e+00 0.000000000000000000e+00
7.600050432896319208e-01 1.539660597346939261e-03 0.000000000000000000e+00 3.377548641269794705e-01 3.107203250076204792e-01 0.000000000000000000e+00
8.491631203459506505e-01 -1.907725030885199218e-04 0.000000000000000000e+00 -2.683195544540742938e-01 8.396554051902645199e-02 0.000000000000000000e+00
4.718172951432898499e-01 3.707229444161156025e-03 0.000000000000000000e+00 -7.023735643928510908e-02 1.206237234647921763e+00 0.000000000000000000e+00
6.529904358250160357e-01 -2.991540837184569063e-04 0.000000000000000000e+00 4.199296630264501839e-01 5.598468176616744341e-01 0.000000000000000000e+00
4.783235978463058480e-01 -2.838079498605835735e-03 0.000000000000000000e+00 -2.364970182042047675e-01 1.163066599887712105e+00 0.000000000000000000e+00
5.112321633385723540e-01 3.691606739046038397e-03 0.000000000000000000e+00 3.470629556701723684e-01 1.025718578377396994e+00 0.000000000000000000e+00
5.620724399962753193e-01 -4.528799147062584352e-05 0.000000000000000000e+00 -4.181678959837874521e-01 8.361059459098132418e-01 0.000000000000000000e+00
4.657538978869341095e-01 2.735578882202225129e-03 0.000000000000000000e+00 1.254181758050846029e-01 1.222154845156476100e+00 0.000000000000000000e+00
8.101392928657407122e-01 -4.594143931361518909e-05 0.000000000000000000e+00 3.185765338287834814e-01 1.599869387977218838e-01 0.000000000000000000e+00
7.586888156970206243e-01 -5.886400047899011979e-04 0.000000000000000000e+00 -3.534150474115618779e-01 2.971192151108519308e-01 0.000000000000000000e+00
4.872894535152908491e-01 -5.654191482362003890e-03 0.000000000000000000e+00 8.431583986070938230e-02 1.154646093328616008e+00 0.000000000000000000e+00
6.500877835555698425e-01 1.318319262250556428e-04 0.000000000000000000e+00 -3.874948797830737313e-01 5.911721573078512204e-01 0.000000000000000000e+00
5.224748169531042707e-01 -3.882726716035494324e-03 0.000000000000000000e+00 2.443241749262716478e-01 1.020005140435564783e+00 0.000000000000000000e+00
5.346890149073103560e-01 3.103160856789865391e-03 0.000000000000000000e+00 -2.804115211987771028e-01 9.732070301079958075e-01 0.000000000000000000e+00
6.191807275585110570e-01 -1.469712572489156530e-03 0.000000000000000000e+00 3.826664560851065211e-01 6.835789157144194217e-01 0.000000000000000000e+00
4.933149329592179111e-01 2.100946514985379231e-04 0.000000000000000000e+00 -9.240559832081166047e-02 1.134853313314747592e+00 0.000000000000000000e+00
7.853482649628993340e-01 -6.146171185844079461e-04 0.000000000000000000e+00 3.297576553549056433e-01 2.375019233879140657e-01 0.000000000000000000e+00
7.857746308237756327e-01 -1.094556111783660888e-03 0.000000000000000000e+00 -3.279226821332800190e-01 2.385500538661872727e-01 0.000000000000000000e+00
4.961863675085048664e-01 -4.007156319695264618e-04 0.000000000000000000e+00 1.055561997146696185e-01 1.124593730392027924e+00 0.000000000000000000e+00
6.073773846234926665e-01 -3.393832767566042682e-03 0.000000000000000000e+00 -3.710860515512384161e-01 7.239949652691437532e-01 0.000000000000000000e+00
5.429738689573146981e-01 -2.856280273752774893e-03 0.000000000000000000e+00 2.995755238862056191e-01 9.423265684394752650e-01 0.000000000000000000e+00
5.183557979700602614e-01 -4.195775023184857358e-03 0.000000000000000000e+00 -2.124800221784097498e-01 1.039719302058954797e+00 0.000000000000000000e+00
6.729281094978496469e-01 1.870966214341809875e-03 0.000000000000000000e+00 3.842583311255259870e-01 5.272144243303631406e-01 0.000000000000000000e+00
4.835518281533185414e-01 -3.005792321584417268e-03 0.000000000000000000e+00 -7.554934620650563537e-02 1.167399289912415483e+00 0.000000000000000000e+00
7.157151355596014231e-01 1.535633948930163837e-03 0.000000000000000000e+00 3.838752390100573786e-01 4.004305260943458178e-01 0.000000000000000000e+00
4.684563598676827478e-01 -8.409693857408997303e-04 0.000000000000000000e+00 -2.105834124683585162e-01 1.201217970751305764e+00 0.000000000000000000e+00
5.068094552587549817e-01 -5.145685599733773596e-03 0.000000000000000000e+00 3.690412752988076472e-01 1.032401656040955462e+00 0.000000000000000000e+00
5.687301157719477640e-01 -2.079084200176935932e-03 0.000000000000000000e+00 -4.272831258826292888e-01 8.107350492478831994e-01 0.000000000000000000e+00
4.592962766632511240e-01 5.806864719601196462e-03 0.000000000000000000e+00 8.042422336486018675e-02 1.247779806598381391e+00 0.000000000000000000e+00
6.988171067839463735e-01 1.764164022497929224e-04 0.000000000000000000e+00 4.154336946395190688e-01 4.226725708808408699e-01 0.000000000000000000e+00
4.718391981752377284e-01 4.545182082126260695e-03 0.000000000000000000e+00 -3.510222405031863113e-01 1.156093918028927359e+00 0.000000000000000000e+00
4.412107718786412169e-01 2.764350959896632286e-03 0.000000000000000000e+00 1.555139918712378777e-01 1.304345639941476565e+00 0.000000000000000000e+00
6.016080248177582135e-01 -1.757450601544913518e-03 0.000000000000000000e+00 4.786637657490212527e-01 6.762795641283586567e-01 0.000000000000000000e+00
5.084345290912666293e-01 2.987845680934835685e-03 0.000000000000000000e+00 -4.478153439150251991e-01 9.953438009117336893e-01 0.000000000000000000e+00
4.281392750007148029e-01 4.167382701911638912e-03 0.000000000000000000e+00 -3.219850091492248295e-02 1.360532800329699699e+00 0.000000000000000000e+00
4.916784779026334151e-01 -4.113755944076113481e-03 0.000000000000000000e+00 4.233775355583755395e-01 1.062540326020904979e+00 0.000000000000000000e+00
6.374466153598093987e-01 2.789475556094652125e-03 0.000000000000000000e+00 -4.646723059448194526e-01 5.730065053748412129e-01 0.000000000000000000e+00
4.465634543041795967e-01 1.913492917554680817e-03 0.000000000000000000e+00 -1.678744238883712048e-01 1.283704642931455364e+00 0.000000000000000000e+00
4.859055786640602559e-01 4.293739623176581061e-03 0.000000000000000000e+00 3.508444752416414181e-01 1.108020981024792295e+00 0.000000000000000000e+00
6.451010907867635868e-01 -2.384935160501396381e-03 0.000000000000000000e+00 -4.435125293409968306e-01 5.658699839701761825e-01 0.000000000000000000e+00
4.523067643027095519e-01 2.790737563692556773e-03 0.000000000000000000e+00 -8.018900480312059209e-02 1.272009782848554593e+00 0.000000000000000000e+00
5.532121365705491289e-01 4.200718921150640127e-03 0.000000000000000000e+00 4.252459152059650527e-01 8.602564412679802874e-01 0.000000000000000000e+00
5.236788259682980673e-01 -1.469211636212598877e-03 0.000000000000000000e+00 -4.000159930535074904e-01 9.657554307569691243e-01 0.000000000000000000e+00
4.553636158610902540e-01 5.115076079883764185e-03 0.000000000000000000e+00 1.265088543818199684e-01 1.257546031724073643e+00 0.000000000000000000e+00
6.901957229995023813e-01 1.226278259048433445e-03 0.000000000000000000e+00 4.261269782034109443e-01 4.397218665985954678e-01 0.000000000000000000e+00
4.792523070509548400e-01 -4.372503260092159422e-03 0.000000000000000000e+00 -3.721395889893872599e-01 1.123800213978281448e+00 0.000000000000000000e+00
4.308738114799076091e-01 -6.114394311210842245e-03 0.000000000000000000e+00 1.024152766807369108e-01 1.346902821846714504e+00 0.000000000000000000e+00
5.423051851696858439e-01 2.606249427724074627e-03 0.000000000000000000e+00 4.674817213575275243e-01 8.735248187745010551e-01 0.000000000000000000e+00
-9.258026483742395341e-01 7.183255762983334000e-05 0.000000000000000000e+00 9.373101346758877517e-02 9.935330450856183493e-02 0.000000000000000000e+00
5.595727981923597216e-01 -3.376334152471960337e-03 0.000000000000000000e+00 -4.731877588008540636e-01 8.142855136746178779e-01 0.000000000000000000e+00
4.331634521257667347e-01 5.642089441822891946e-03 0.000000000000000000e+00 -1.273919084144409242e-01 1.336405312303889259e+00 0.000000000000000000e+00
4.750857042862041135e-01 4.153992969450617453e-03 0.000000000000000000e+00 3.571038833015573455e-01 1.143001705911049548e+00 0.000000000000000000e+00
7.046510757117865342e-01 -8.246550445341321173e-04 0.000000000000000000e+00 -4.145162752207849355e-01 4.049131180961929033e-01 0.000000000000000000e+00
4.571384204446131694e-01 2.203563459314014303e-03 0.000000000000000000e+00 -1.229182625642627480e-01 1.251847002832509714e+00 0.000000000000000000e+00
5.420284738129370616e-01 3.731180105005605513e-03 0.000000000000000000e+00 4.102443027308415591e-01 9.026691711508881832e-01 0.000000000000000000e+00
-9.338587345040758603e-01 1.596536566808881585e-04 0.000000000000000000e+00 -7.340393533475679522e-02 9.803098529056872290e-02 0.000000000000000000e+00
5.282615694641784598e-01 4.180367762899447545e-03 0.000000000000000000e+00 -4.083297720743811476e-01 9.474272539833430429e-01 0.000000000000000000e+00
4.589428528553489706e-01 2.464685289703359272e-03 0.000000000000000000e+00 1.379382172832083198e-01 1.244059084164066187e+00 0.000000000000000000e+00
7.257681497652621605e-01 -1.721535713738484496e-03 0.000000000000000000e+00 4.016018665809600874e-01 3.497058954480866677e-01 0.000000000000000000e+00
8.296969758360395186e-01 9.101093337603215552e-05 0.000000000000000000e+00 -3.037423043434905878e-01 9.490372672905429685e-02 0.000000000000000000e+00
4.667646996421616623e-01 4.486475821618668251e-03 0.000000000000000000e+00 -3.502926465030433700e-01 1.174008479168219266e+00 0.000000000000000000e+00
4.362474997619529837e-01 3.270016968161849023e-03 0.000000000000000000e+00 1.401618301255774246e-01 1.323980399320334289e+00 0.000000000000000000e+00
5.736532851188265170e-01 -6.678945322137995466e-04 0.000000000000000000e+00 4.822289560429585120e-01 7.634387468267800347e-01 0.000000000000000000e+00
5.282102171242701871e-01 1.206518750780104926e-03 0.000000000000000000e+00 -4.666684570044580260e-01 9.203245378062969717e-01 0.000000000000000000e+00
4.293556796623253513e-01 -1.896894263228587028e-03 0.000000000000000000e+00 -7.447242061930260670e-02 1.354454393605614371e+00 0.000000000000000000e+00
4.764021512368789568e-01 -4.069294732339070672e-03 0.000000000000000000e+00 3.901314348961139600e-01 1.127576036198084442e+00 0.000000000000000000e+00
6.939268487087033588e-01 -1.571268395661571879e-03 0.000000000000000000e+00 -4.245576519200577326e-01 4.293060199713788494e-01 0.000000000000000000e+00
4.545342008221400221e-01 1.792437487753346850e-03 0.000000000000000000e+00 -1.466870888227576608e-01 1.258321782085887630e+00 0.000000000000000000e+00
5.184367727537032566e-01 4.457433189018283892e-03 0.000000000000000000e+00 3.888450151480739581e-01 9.871555804487130992e-01 0.000000000000000000e+00
5.589886830105967874e-01 2.831618735991549979e-03 0.000000000000000000e+00 -4.404464364409272914e-01 8.343001443324513655e-01 0.000000000000000000e+00
4.514250008329062647e-01 -2.111491877239667254e-03 0.000000000000000000e+00 5.797860140960341135e-02 1.276296296783456796e+00 0.000000000000000000e+00
6.267483769108590508e-01 1.366629648701436599e-03 0.000000000000000000e+00 4.486013838954766575e-01 6.188493869005319281e-01 0.000000000000000000e+00
4.894119214987376343e-01 -1.861283059687096012e-03 0.000000000000000000e+00 -3.558386922879325232e-01 1.094660797017762199e+00 0.000000000000000000e+00
4.509277109860198030e-01 4.479772774908762946e-03 0.000000000000000000e+00 1.661374197718916146e-01 1.268457183078201211e+00 0.000000000000000000e+00
6.640961076299918275e-01 -2.292728912993749132e-03 0.000000000000000000e+00 4.501909048173443617e-01 5.005881926566342344e-01 0.000000000000000000e+00
4.842663707684206065e-01 5.237714199102414328e-03 0.000000000000000000e+00 -4.184075837204616066e-01 1.089955023938077305e+00 0.000000000000000000e+00
4.261303318769339432e-01 4.845995469418030999e-04 0.000000000000000000e+00 2.699795794866675577e-02 1.368143414141113734e+00 0.000000000000000000e+00
5.047778863623845202e-01 2.842705610088473722e-03 0.000000000000000000e+00 4.373421834073576431e-01 1.012289284426728386e+00 0.000000000000000000e+00
6.187999931374940088e-01 1.527969748317628898e-03 0.000000000000000000e+00 -4.755017723776866490e-01 6.238117417452695435e-01 0.000000000000000000e+00
4.423285991368008929e-01 5.671505071531632476e-03 0.000000000000000000e+00 -1.914482657493486450e-01 1.295435902047191057e+00 0.000000000000000000e+00
4.695036447418281522e-01 4.479116931936758667e-03 0.000000000000000000e+00 3.201461718763767283e-01 1.173083679018535275e+00 0.000000000000000000e+00
7.220260028362590621e-01 -3.513777116085411295e-05 0.000000000000000000e+00 -3.986114690357278056e-01 3.654106749698299295e-01 0.000000000000000000e+00
4.617107911527773556e-01 -4.198359491671379423e-03 0.000000000000000000e+00 -8.315193106958101987e-02 1.239419667126786972e+00 0.000000000000000000e+00
5.771151901607327606e-01 -1.092217670460175370e-03 0.000000000000000000e+00 4.314192830542609158e-01 7.825281552652366690e-01 0.000000000000000000e+00
5.009797581314612280e-01 3.939575476009746224e-03 0.000000000000000000e+00 -3.467498151537057316e-01 1.059170595830073669e+00 0.000000000000000000e+00
4.755714046632051328e-01 -8.880682709264346025e-04 0.000000000000000000e+00 2.460296474656839816e-01 1.170348203009633492e+00 0.000000000000000000e+00
6.644673184441887148e-01 -9.036767200162609814e-04 0.000000000000000000e+00 -4.164658554220244113e-01 5.278623988557764601e-01 0.000000000000000000e+00
4.712254479567111742e-01 3.468611582784918330e-03 0.000000000000000000e+00 4.588251674574300026e-02 1.209384430899663965e+00 0.000000000000000000e+00
7.949694112778513677e-01 -9.788471534944625033e-04 0.000000000000000000e+00 3.305997393954313024e-01 2.008829723006420320e-01 0.000000000000000000e+00
7.694829382262101669e-01 -5.299641757110437612e-04 0.000000000000000000e+00 -3.431809929993009933e-01 2.739363675031421530e-01 0.000000000000000000e+00
4.919950460291366290e-01 -4.171148604430081896e-04 0.000000000000000000e+00 9.337996874371977396e-02 1.138977816200293036e+00 0.000000000000000000e+00
6.242334161301869022e-01 5.079146860660840868e-04 0.000000000000000000e+00 -3.845010260478274322e-01 6.678797654393289207e-01 0.000000000000000000e+00
5.322690477429437017e-01 3.818069410794530660e-03 0.000000000000000000e+00 2.637453217320637755e-01 9.851763261883443867e-01 0.000000000000000000e+00
-9.444403395186256045e-01 -1.983742234700292331e-04 0.000000000000000000e+00 -5.216543657369558662e-02 9.029949619351021473e-02 0.000000000000000000e+00
5.264596389251547937e-01 2.129956700393748764e-03 0.000000000000000000e+00 -2.572320740313915888e-01 1.004620413999082196e+00 0.000000000000000000e+00
6.331316992890894113e-01 -2.429327321346313497e-03 0.000000000000000000e+00 3.887892009940837612e-01 6.395028406227543094e-01 0.000000000000000000e+00
4.898626468590486782e-01 3.597844982322323526e-03 0.000000000000000000e+00 -9.116446192131155701e-02 1.145928778514182289e+00 0.000000000000000000e+00
7.631818715722904489e-01 2.557734984970721180e-04 0.000000000000000000e+00 3.490155929453389039e-01 2.876446562861371126e-01 0.000000000000000000e+00
8.028511547994559017e-01 4.256351720886369060e-04 0.000000000000000000e+00 -3.249120282889030875e-01 1.791084884063950389e-01 0.000000000000000000e+00
4.674795860126931268e-01 -1.597515962013057629e-03 0.000000000000000000e+00 -9.368957084971052396e-02 1.219200201897595814e+00 0.000000000000000000e+00
5.983082503608769809e-01 3.419014707997675845e-04 0.000000000000000000e+00 4.276997238561803250e-01 7.196516547519733464e-01 0.000000000000000000e+00
4.924923236920203395e-01 -8.492366428807171519e-04 0.000000000000000000e+00 -2.957186111740338630e-01 1.102255381115706090e+00 0.000000000000000000e+00
4.956322601043183784e-01 2.446236495366276714e-03 0.000000000000000000e+00 3.028471713886581318e-01 1.089993705545400093e+00 0.000000000000000000e+00
5.923213637607263049e-01 -2.125835818458357909e-03 0.000000000000000000e+00 -4.248125691612330557e-01 7.395600839087180800e-01 0.000000000000000000e+00
4.667765662146993177e-01 -3.883848192437948897e-03 0.000000000000000000e+00 1.078408602569131541e-01 1.220352858896685877e+00 0.000000000000000000e+00
8.080594162161760519e-01 -1.279703840515963344e-04 0.000000000000000000e+00 3.195215853718483268e-01 1.672069017074621078e-01 0.000000000000000000e+00
7.609304034560042673e-01 2.680675046549622215e-04 0.000000000000000000e+00 -3.499426114122582421e-01 2.939241898776298045e-01 0.000000000000000000e+00
4.924398968858998415e-01 -1.147159601584185271e-03 0.000000000000000000e+00 9.952190366488541939e-02 1.137036041042675638e+00 0.000000000000000000e+00
6.188156375005973153e-01 3.072450028300564157e-03 0.000000000000000000e+00 -3.861146762893461482e-01 6.826872918169082372e-01 0.000000000000000000e+00
5.311797135167121153e-01 -2.418233430421188809e-03 0.000000000000000000e+00 2.733354900619098249e-01 9.859035373219793286e-01 0.000000000000000000e+00
-9.419660624889532041e-01 2.213684326495349037e-04 0.000000000000000000e+00 -6.638177578186651995e-02 8.582556380201805668e-02 0.000000000000000000e+00
5.256619672125047993e-01 2.753980484030478949e-03 0.000000000000000000e+00 -2.573493319705250082e-01 1.007025568715400610e+00 0.000000000000000000e+00
6.351264797655218342e-01 2.996288864936958590e-03 0.000000000000000000e+00 3.842428061109262050e-01 6.364711944210725836e-01 0.000000000000000000e+00
4.896952014092446070e-01 5.282222223918363498e-03 0.000000000000000000e+00 -9.625191335687718897e-02 1.146000667056600975e+00 0.000000000000000000e+00
7.565961591247968299e-01 8.591919755935005509e-04 0.000000000000000000e+00 3.538178345865797825e-01 3.034795825463560415e-01 0.000000000000000000e+00
8.178084977074684403e-01 -3.582307051307794671e-05 0.000000000000000000e+00 -3.100998284325940935e-01 1.427439836643905613e-01 0.000000000000000000e+00
4.660717412941450810e-01 -6.096299773060114523e-03 0.000000000000000000e+00 -1.284337075794583227e-01 1.220662039892014938e+00 0.000000000000000000e+00
5.571742685227435432e-01 2.922403333809898626e-03 0.000000000000000000e+00 4.113834622998222557e-01 8.546438504850635276e-01 0.000000000000000000e+00
5.129456484443348785e-01 3.473968704919789662e-03 0.000000000000000000e+00 -3.657837798673031493e-01 1.013647302405286776e+00 0.000000000000000000e+00
4.750335448672632910e-01 4.106170859704029452e-04 0.000000000000000000e+00 2.256833045355056688e-01 1.176246838809579698e+00 0.000000000000000000e+00
6.676206158944972824e-01 1.802692987380763792e-03 0.000000000000000000e+00 -4.140270263665993822e-01 5.202587722207540066e-01 0.000000000000000000e+00
4.752694876446421635e-01 3.268392561191317547e-03 0.000000000000000000e+00 6.425406033604214029e-02 1.195151627669123862e+00 0.000000000000000000e+00
7.343605066195002529e-01 1.570113896334909007e-03 0.000000000000000000e+00 -3.533524138214649835e-01 3.729653932966415786e-01 0.000000000000000000e+00
5.362669393412573537e-01 1.902635222057396519e-03 0.000000000000000000e+00 2.303223464102689966e-01 9.815542348005386053e-01 0.000000000000000000e+00
-9.101184706654519285e-01 4.103962629259894307e-05 0.000000000000000000e+00 -1.638434897107035049e-01 1.616986914374544254e-02 0.000000000000000000e+00
5.271393245333388933e-01 1.050115421497889445e-03 0.000000000000000000e+00 -2.006617870230955614e-01 1.015383816654533033e+00 0.000000000000000000e+00
7.925843561531116244e-01 3.799722226752230009e-04 0.000000000000000000e+00 3.139705081129547937e-01 2.341595251109498954e-01 0.000000000000000000e+00
7.915469406403274899e-01 3.567234209878825547e-04 0.000000000000000000e+00 -3.149946250892042277e-01 2.363000299032843587e-01 0.000000000000000000e+00
5.277230642486054890e-01 1.028585774486211538e-03 0.000000000000000000e+00 1.989666347764732501e-01 1.013956843170313427e+00 0.000000000000000000e+00
-9.176039297567285535e-01 1.239050854635701947e-04 0.000000000000000000e+00 1.479959048074756534e-01 3.087979815720880150e-02 0.000000000000000000e+00
5.359310157816761233e-01 -1.218058574442227888e-03 0.000000000000000000e+00 -2.301267654690681841e-01 9.826108536457537346e-01 0.000000000000000000e+00
7.382687600279018714e-01 5.959308860682627565e-04 0.000000000000000000e+00 3.501974301016527735e-01 3.642803486316978923e-01 0.000000000000000000e+00
4.744679623948786507e-01 2.974062834743539455e-03 0.000000000000000000e+00 -7.411359943597670141e-02 1.197235205975604622e+00 0.000000000000000000e+00
6.629997377003824521e-01 -1.401269205020254371e-03 0.000000000000000000e+00 4.156337948761831269e-01 5.329476233982656241e-01 0.000000000000000000e+00
4.763533391069536549e-01 -2.832416755772644047e-03 0.000000000000000000e+00 -2.238630464303347778e-01 1.172145330317947209e+00 0.000000000000000000e+00
5.137592684813426791e-01 -3.838032368993212623e-03 0.000000000000000000e+00 3.664371165172952693e-01 1.010770919302307114e+00 0.000000000000000000e+00
5.554990723513542061e-01 -3.151787968486589181e-03 0.000000000000000000e+00 -4.086406645238052637e-01 8.611634524784879119e-01 0.000000000000000000e+00
4.665954250709755113e-01 9.433236200527984200e-04 0.000000000000000000e+00 1.425837552443515177e-01 1.217450262347665291e+00 0.000000000000000000e+00
8.594118123724481251e-01 1.211924901710443800e-04 0.000000000000000000e+00 2.562609651320081339e-01 5.505667694565701681e-02 0.000000000000000000e+00
7.468960576403915752e-01 7.846620218678445474e-04 0.000000000000000000e+00 -3.573062915458514732e-01 3.305646207490330890e-01 0.000000000000000000e+00
4.999475084171006722e-01 -4.087474686311192568e-04 0.000000000000000000e+00 1.335059978704394301e-01 1.109737044983623910e+00 0.000000000000000000e+00
5.863618201449029010e-01 1.913649644537282826e-03 0.000000000000000000e+00 -3.637949897589972115e-01 7.888607966348684108e-01 0.000000000000000000e+00
5.521474365502059278e-01 -3.705761577909927502e-03 0.000000000000000000e+00 3.215941707590933563e-01 9.073228343049475342e-01 0.000000000000000000e+00
5.123093662669999659e-01 -2.086144648922429526e-03 0.000000000000000000e+00 -1.942116380309710233e-01 1.061959339368505173e+00 0.000000000000000000e+00
6.861873389686947711e-01 3.802447511057236926e-04 0.000000000000000000e+00 3.836582217530815075e-01 4.890079362597663515e-01 0.000000000000000000e+00
4.791818526456573801e-01 2.851230417195175712e-03 0.000000000000000000e+00 -9.796718690605643598e-02 1.179993932839809911e+00 0.000000000000000000e+00
6.637150494411623303e-01 -3.826924505473030397e-04 0.000000000000000000e+00 4.108353366558502584e-01 5.345161996502088009e-01 0.000000000000000000e+00
4.767203203091047170e-01 -2.826836370929937045e-03 0.000000000000000000e+00 -2.027449140111745318e-01 1.174757026661359616e+00 0.000000000000000000e+00
5.345910403817979439e-01 3.517570692619688411e-03 0.000000000000000000e+00 3.788677972027996166e-01 9.395841203740193937e-01 0.000000000000000000e+00
-9.418522170594234577e-01 1.992264703632507829e-04 0.000000000000000000e+00 -1.797910719464219237e-02 1.072057436298311517e-01 0.000000000000000000e+00
5.316647011442130477e-01 -2.332021055774975010e-03 0.000000000000000000e+00 -3.767782593643059230e-01 9.496696198094372043e-01 0.000000000000000000e+00
4.762929029114306712e-01 -3.668110812932792730e-03 0.000000000000000000e+00 2.167809498198629004e-01 1.173656943439532085e+00 0.000000000000000000e+00
6.578369361380271840e-01 1.878913097137656710e-03 0.000000000000000000e+00 -4.146476495215350999e-01 5.492385406236213186e-01 0.000000000000000000e+00
4.784972953519472938e-01 3.385005250202030060e-03 0.000000000000000000e+00 8.803911125152862061e-02 1.183009049307092164e+00 0.000000000000000000e+00
6.952689796114146503e-01 -6.363952574445948251e-04 0.000000000000000000e+00 -3.792521676388594942e-01 4.658742751211926159e-01 0.000000000000000000e+00
5.142401838506516221e-01 3.337612264451968354e-03 0.000000000000000000e+00 1.933590463543369831e-01 1.056122968698234521e+00 0.000000000000000000e+00
5.516896787069603958e-01 -2.480732243912286451e-03 0.000000000000000000e+00 -3.068411588498923814e-01 9.138045668110290620e-01 0.000000000000000000e+00
5.988325671529242111e-01 1.272566509623247397e-03 0.000000000000000000e+00 3.670201611833311950e-01 7.508765506166017456e-01 0.000000000000000000e+00
4.986496432561167147e-01 -5.515229446496227976e-03 0.000000000000000000e+00 -1.041430561462961535e-01 1.116860808210773159e+00 0.000000000000000000e+00
7.910413187767686427e-01 -2.570287549041906650e-04 0.000000000000000000e+00 3.230795954367343681e-01 2.269132278650876078e-01 0.000000000000000000e+00
7.845509684994649291e-01 -1.249782431009659883e-04 0.000000000000000000e+00 -3.245491530807673719e-01 2.472869666751364437e-01 0.000000000000000000e+00
5.125375493502034585e-01 4.548763651354539687e-03 0.000000000000000000e+00 1.552800736504547641e-01 1.067592689927656213e+00 0.000000000000000000e+00
5.578378847125597950e-01 5.498464569559484427e-04 0.000000000000000000e+00 -3.103510707656995660e-01 8.943329869708825930e-01 0.000000000000000000e+00
6.147753815883258977e-01 8.353534297886181566e-04 0.000000000000000000e+00 3.689367794353149987e-01 7.037641709743185370e-01 0.000000000000000000e+00
4.982390679922089616e-01 -2.293996170046191940e-03 0.000000000000000000e+00 -6.297835331776668877e-02 1.121303297817672906e+00 0.000000000000000000e+00
7.288681564220478304e-01 -1.068174364780890033e-03 0.000000000000000000e+00 -3.383009978566766107e-01 4.024352900293890478e-01 0.000000000000000000e+00
6.055595596788537760e-01 -7.164886649745926851e-04 0.000000000000000000e+00 3.158005749668026385e-01 7.548816386225094544e-01 0.000000000000000000e+00
5.251726180459679316e-01 1.679988072779002757e-03 0.000000000000000000e+00 5.698341876703426345e-02 1.039286549718226205e+00 0.000000000000000000e+00
5.612928818317655111e-01 -2.793844998508191249e-03 0.000000000000000000e+00 -2.423342308686106117e-01 9.051033753170631968e-01 0.000000000000000000e+00
7.808400263634742711e-01 -6.474465672080074313e-04 0.000000000000000000e+00 -2.729881198662953423e-01 3.134069063677993316e-01 0.000000000000000000e+00
6.607070422618286365e-01 -1.191233826239729288e-03 0.000000000000000000e+00 -2.402953316933549299e-01 6.375320550029212052e-01 0.000000000000000000e+00
6.021048128395076748e-01 2.917424393984194286e-03 0.000000000000000000e+00 -8.542675316578858535e-02 8.227872668931104361e-01 0.000000000000000000e+00
6.069939296663808825e-01 1.699734751693920271e-04 0.000000000000000000e+00 1.121920782218262524e-01 8.067967678840543000e-01 0.000000000000000000e+00
6.746880119759355310e-01 -1.251040941989728112e-03 0.000000000000000000e+00 2.563906975101734043e-01 5.954079669935586905e-01 0.000000000000000000e+00
7.909154505834319338e-01 -1.355625727045682398e-03 0.000000000000000000e+00 2.713798369738974481e-01 2.870954461790994339e-01 0.000000000000000000e+00
8.747742178612653019e-01 -1.949100254875010146e-04 0.000000000000000000e+00 -2.264083585593185677e-01 6.010743703723624154e-02 0.000000000000000000e+00
5.390273064688206883e-01 3.244926882611623084e-03 0.000000000000000000e+00 2.087524061435357403e-01 9.781532258960058401e-01 0.000000000000000000e+00
5.287444903054689949e-01 1.099125793687597691e-03 0.000000000000000000e+00 -1.713737439468075996e-01 1.015920870408020260e+00 0.000000000000000000e+00
7.337633910978773599e-01 -3.679039191098326667e-04 0.000000000000000000e+00 -3.202806099359024605e-01 4.033876541417077966e-01 0.000000000000000000e+00
7.214428801914729572e-01 -9.595020997851290423e-05 0.000000000000000000e+00 3.235434544198986240e-01 4.348914176349806815e-01 0.000000000000000000e+00
5.386434835717303082e-01 -2.872176501125439044e-03 0.000000000000000000e+00 1.921146016325146477e-01 9.826942525846715792e-01 0.000000000000000000e+00
5.324083734929705436e-01 -3.967444672260592338e-03 0.000000000000000000e+00 -1.486560555264858641e-01 1.008555284879566472e+00 0.000000000000000000e+00
6.823149704389397385e-01 -1.441264676101322757e-03 0.000000000000000000e+00 -3.387704547342427208e-01 5.317545687935794074e-01 0.000000000000000000e+00
6.761284368981069770e-01 1.168059942898711520e-03 0.000000000000000000e+00 3.385302050883966518e-01 5.489016932878298949e-01 0.000000000000000000e+00
5.334060309371571051e-01 7.226560927442483850e-04 0.000000000000000000e+00 1.519848100542355307e-01 1.005145464290724489e+00 0.000000000000000000e+00
-9.337073704732277157e-01 1.639438510618863821e-04 0.000000000000000000e+00 1.100300928578661630e-01 5.445242582360872163e-02 0.000000000000000000e+00
5.379484513198118378e-01 3.224778227602681686e-03 0.000000000000000000e+00 -1.827583884057102370e-01 9.865210313892487370e-01 0.000000000000000000e+00
7.035553530038257675e-01 -1.978435590600632378e-03 0.000000000000000000e+00 -3.303159708597824817e-01 4.790984196448048182e-01 0.000000000000000000e+00
7.042560152766411674e-01 -2.249634422528907184e-03 0.000000000000000000e+00 3.331028697275891237e-01 4.752351904452629672e-01 0.000000000000000000e+00
5.358153658412707632e-01 -4.576444923813618310e-03 0.000000000000000000e+00 1.814423427357320096e-01 9.930407714861202439e-01 0.000000000000000000e+00
-9.492150920596186259e-01 4.145341988334525635e-04 0.000000000000000000e+00 -4.515419136616594109e-02 8.502417844933260471e-02 0.000000000000000000e+00
5.338930921009775732e-01 1.109613607055683245e-03 0.000000000000000000e+00 -1.652432011878906537e-01 1.001605626121921500e+00 0.000000000000000000e+00
6.936872807922456197e-01 -2.486297409042236006e-03 0.000000000000000000e+00 -3.349024446862847171e-01 5.030393762196040397e-01 0.000000000000000000e+00
6.846341669036700717e-01 -4.049948327682880225e-04 0.000000000000000000e+00 3.370389181884286822e-01 5.264953550029973783e-01 0.000000000000000000e+00
5.363348305872543964e-01 -9.462825416916868446e-04 0.000000000000000000e+00 1.670874276770596967e-01 9.940776058038267582e-01 0.000000000000000000e+00
-9.522768300901423011e-01 1.044381539763888141e-04 0.000000000000000000e+00 -1.568191247183531312e-02 8.982304567681043128e-02 0.000000000000000000e+00
5.358727142693084922e-01 -1.521865183907170592e-03 0.000000000000000000e+00 -1.602031366814100632e-01 9.965693079320907533e-01 0.000000000000000000e+00
