9.902406622970517658e-01 7.526755767231883701e-04 0.000000000000000000e+00 1.392336799224120347e-01 1.572106977467919164e-01 0.000000000000000000e+00
9.216295697548699817e-01 6.529389582865636425e-04 0.000000000000000000e+00 -5.554227058780807774e-02 1.476488210300583859e-01 0.000000000000000000e+00
9.307761773399110261e-01 4.194397520952417371e-04 0.000000000000000000e+00 8.092626570801378372e-02 1.211654662068412103e-01 0.000000000000000000e+00
9.634769456546903310e-01 -3.710741815106247728e-04 0.000000000000000000e+00 -8.108214867269519788e-02 9.589050592807646378e-02 0.000000000000000000e+00
8.603467394604500385e-01 6.802592357881279616e-04 0.000000000000000000e+00 -2.207904004922816021e-01 1.379725527016735787e-01 0.000000000000000000e+00
6.537346976394494691e-01 2.361727597482824164e-03 0.000000000000000000e+00 -2.186268987599549463e-01 6.628886469093053790e-01 0.000000000000000000e+00
6.043010899021359350e-01 -3.583583278385728092e-03 0.000000000000000000e+00 1.801918836199350657e-03 8.214823834915196965e-01 0.000000000000000000e+00
6.537834606909558310e-01 -1.371506759327279640e-03 0.000000000000000000e+00 2.176788654395971079e-01 6.630841742263021699e-01 0.000000000000000000e+00
8.602955634527185147e-01 -5.630614777192002526e-05 0.000000000000000000e+00 2.207253385714750271e-01 1.382557673170936863e-01 0.000000000000000000e+00
9.638400166349385678e-01 -2.024902408313611953e-04 0.000000000000000000e+00 8.156834358070394475e-02 9.566439430991405257e-02 0.000000000000000000e+00
9.292050443731540987e-01 1.436049953802953616e-04 0.000000000000000000e+00 -8.273551282745569835e-02 1.223042570950926555e-01 0.000000000000000000e+00
-1.030162524514978806e+00 -4.350108565753796341e-06 0.000000000000000000e+00 4.651091258654954652e-02 4.133711899333128437e-02 0.000000000000000000e+00
-1.052085352011503216e+00 -9.142160212911865091e-05 0.000000000000000000e+00 -4.497722415195250234e-02 8.386873709056924531e-02 0.000000000000000000e+00
-1.117343433861378355e+00 2.731459820336894218e-04 0.000000000000000000e+00 -6.755261666546927279e-03 1.988317440972341144e-01 0.000000000000000000e+00
8.896558399058724920e-01 -4.231462237241981339e-04 0.000000000000000000e+00 -1.878597331460142295e-01 8.976410591946736017e-02 0.000000000000000000e+00
6.273799818480674251e-01 4.232701891050602832e-04 0.000000000000000000e+00 -5.105731241178797231e-02 7.610209042220688058e-01 0.000000000000000000e+00
7.373006801021499967e-01 1.873576894304557552e-03 0.000000000000000000e+00 2.446733844462833929e-01 4.444851452767865085e-01 0.000000000000000000e+00
6.950782174175542671e-01 2.571785680274524255e-03 0.000000000000000000e+00 -2.435150071580422515e-01 5.495952024684056525e-01 0.000000000000000000e+00
6.142447071486980548e-01 2.741945846573985365e-03 0.000000000000000000e+00 9.705164364803505611e-03 7.958579467029066601e-01 0.000000000000000000e+00
7.115185741243400530e-01 1.454485981787542043e-04 0.000000000000000000e+00 2.507564970949598404e-01 5.052407865946297871e-01 0.000000000000000000e+00
7.380729355234928457e-01 3.924976761858108010e-04 0.000000000000000000e+00 -2.490798892406075882e-01 4.401191902438206238e-01 0.000000000000000000e+00
6.233048941200433068e-01 2.378647922890253161e-03 0.000000000000000000e+00 2.652862704291691562e-02 7.724954923977764842e-01 0.000000000000000000e+00
7.981019175989758629e-01 -1.207804037061161254e-03 0.000000000000000000e+00 2.449875312496776480e-01 2.911546563481848815e-01 0.000000000000000000e+00
6.089995799519279940e-01 -5.228644910874121095e-04 0.000000000000000000e+00 2.971275009829326130e-01 7.528760367011669841e-01 0.000000000000000000e+00
5.409921837240136977e-01 2.526647513026711311e-03 0.000000000000000000e+00 1.105370713814238237e-01 9.883332750923505827e-01 0.000000000000000000e+00
-9.497416007158563378e-01 2.336035716282249854e-04 0.000000000000000000e+00 5.416617637485340170e-02 7.838781403874889309e-02 0.000000000000000000e+00
5.424046300479516969e-01 3.114402177951003815e-03 0.000000000000000000e+00 -1.305755275230952028e-01 9.817708539321462480e-01 0.000000000000000000e+00
6.169172816647051638e-01 -3.169135551014620224e-04 0.000000000000000000e+00 -3.033215134675463220e-01 7.285123547610146133e-01 0.000000000000000000e+00
8.907740596480224760e-01 -1.330691674255922528e-04 0.000000000000000000e+00 2.020345665505639543e-01 4.172174865060697402e-02 0.000000000000000000e+00
8.123328241191063448e-01 8.834398962968557142e-04 0.000000000000000000e+00 -2.276112810405456210e-01 2.686884172185514119e-01 0.000000000000000000e+00
6.532747504930045412e-01 -2.801227172734888776e-03 0.000000000000000000e+00 1.091681701169750635e-01 6.905361733596032670e-01 0.000000000000000000e+00
6.915514245072822419e-01 -2.667205053668079279e-03 0.000000000000000000e+00 -1.798083114627765933e-01 5.820434047759081020e-01 0.000000000000000000e+00
7.508170337250754667e-01 -1.478543473473642803e-03 0.000000000000000000e+00 2.267246447504416840e-01 4.212360901969686156e-01 0.000000000000000000e+00
6.467012826666959091e-01 1.492380906497940696e-03 0.000000000000000000e+00 -1.540832534062090142e-01 6.982492029581466308e-01 0.000000000000000000e+00
6.587180174480280481e-01 -7.179847928514468923e-04 0.000000000000000000e+00 1.807668210376373874e-01 6.618089614813598143e-01 0.000000000000000000e+00
7.273421524498591140e-01 -2.263170431447185816e-03 0.000000000000000000e+00 -2.284234156594601439e-01 4.771959421705396220e-01 0.000000000000000000e+00
6.563619309187307405e-01 -3.116343310135841638e-03 0.000000000000000000e+00 1.416663439305808625e-01 6.770186934447086635e-01 0.000000000000000000e+00
6.933355958548742537e-01 1.077624560966002933e-03 0.000000000000000000e+00 -1.961618335289406490e-01 5.724355782801746617e-01 0.000000000000000000e+00
-9.577322948877632358e-01 1.519341457233354701e-04 0.000000000000000000e+00 -7.159381190961933150e-02 4.028190590498544749e-02 0.000000000000000000e+00
7.042549834669398212e-01 2.247438453668431854e-03 0.000000000000000000e+00 2.051979336299610823e-01 5.428408061293470421e-01 0.000000000000000000e+00
6.537835204116448917e-01 4.177081198116915257e-04 0.000000000000000000e+00 -1.385942766527343828e-01 6.840011314474347959e-01 0.000000000000000000e+00
7.162183202755447731e-01 2.396883113506271916e-03 0.000000000000000000e+00 2.251701737221377120e-01 5.057086541674279401e-01 0.000000000000000000e+00
6.637738235963652755e-01 -3.063880236954977937e-03 0.000000000000000000e+00 -1.830151869885941474e-01 6.486554072819641359e-01 0.000000000000000000e+00
6.491457380004932443e-01 -1.368001713508690265e-03 0.000000000000000000e+00 1.560727408086341750e-01 6.917213566164267524e-01 0.000000000000000000e+00
7.388133346314755823e-01 1.396971964363804414e-03 0.000000000000000000e+00 -2.273664820492539707e-01 4.499250085418349254e-01 0.000000000000000000e+00
6.784546565537965535e-01 1.561342673918894933e-03 0.000000000000000000e+00 1.684357254032741724e-01 6.168637570194932529e-01 0.000000000000000000e+00
6.624515667596271307e-01 2.570180773000309629e-03 0.000000000000000000e+00 -1.425248967585685533e-01 6.619588035652503866e-01 0.000000000000000000e+00
7.566551644414054589e-01 -1.476284755656882136e-03 0.000000000000000000e+00 2.340861530597237450e-01 4.029318055505779483e-01 0.000000000000000000e+00
6.636070470577298819e-01 1.256643468402269658e-03 0.000000000000000000e+00 -2.080811631253016158e-01 6.414868207376361875e-01 0.000000000000000000e+00
6.204985525786319567e-01 3.025017034492818828e-03 0.000000000000000000e+00 7.590025361804206283e-02 7.763249478102755008e-01 0.000000000000000000e+00
7.791668227282662063e-01 -1.426893532198693793e-03 0.000000000000000000e+00 2.561313034936349986e-01 3.316521661591289583e-01 0.000000000000000000e+00
6.704533546106421493e-01 -2.862564509049237392e-03 0.000000000000000000e+00 3.165846151098832273e-01 5.770464969662256749e-01 0.000000000000000000e+00
5.795162349134487245e-01 2.550245992789373743e-03 0.000000000000000000e+00 2.330842134756621054e-01 8.558733814370035331e-01 0.000000000000000000e+00
5.414121259774647976e-01 -2.714337228021114837e-03 0.000000000000000000e+00 6.286695001974174080e-02 9.912887676873725074e-01 0.000000000000000000e+00
5.508590228782214160e-01 -2.816534512345596382e-03 0.000000000000000000e+00 -1.333405499330405086e-01 9.570277969977440957e-01 0.000000000000000000e+00
6.090440527539713322e-01 -2.945228402353233885e-03 0.000000000000000000e+00 -2.800374604590097904e-01 7.592574930352919971e-01 0.000000000000000000e+00
7.251024026056656080e-01 1.329515453861561045e-03 0.000000000000000000e+00 -3.014338016689597222e-01 4.407497065683361193e-01 0.000000000000000000e+00
7.072887826935945199e-01 1.099951559342123020e-03 0.000000000000000000e+00 -2.812017600422956343e-01 4.998459707608485791e-01 0.000000000000000000e+00
6.288174201664316065e-01 6.377882962658749239e-04 0.000000000000000000e+00 -2.004351171303865309e-01 7.322046778333459738e-01 0.000000000000000000e+00
5.947113619872466117e-01 1.028001857763410389e-03 0.000000000000000000e+00 -4.539597422704023250e-02 8.453416624002553226e-01 0.000000000000000000e+00
6.051869372092657517e-01 -3.377903412664415468e-03 0.000000000000000000e+00 1.286176131710212722e-01 8.090360926266935149e-01 0.000000000000000000e+00
6.628374567600715528e-01 1.447392033014031215e-04 0.000000000000000000e+00 2.517237811145469073e-01 6.276285510148371660e-01 0.000000000000000000e+00
7.465835259912809718e-01 5.671189749359333357e-04 0.000000000000000000e+00 2.863448737051869086e-01 3.944373533588487746e-01 0.000000000000000000e+00
6.287977352286306942e-01 2.004146348940108631e-03 0.000000000000000000e+00 2.969667604451649567e-01 6.986995760362433305e-01 0.000000000000000000e+00
5.608772787110112290e-01 2.644122314062378153e-03 0.000000000000000000e+00 1.755627651004360579e-01 9.215546056669434716e-01 0.000000000000000000e+00
5.404252283246619992e-01 -4.065442810191557781e-03 0.000000000000000000e+00 -2.853389538503369079e-03 9.960999846902193200e-01 0.000000000000000000e+00
5.634067914032272473e-01 -5.916450951856892099e-04 0.000000000000000000e+00 -1.880415957197140164e-01 9.119307532499026925e-01 0.000000000000000000e+00
6.346483229916710656e-01 -5.173064439930163266e-04 0.000000000000000000e+00 -3.021337850529950408e-01 6.806000371196341270e-01 0.000000000000000000e+00
7.525820403025855754e-01 1.176129395769663286e-03 0.000000000000000000e+00 -2.818917460086476923e-01 3.818490622780760235e-01 0.000000000000000000e+00
6.505564272483985722e-01 -1.928471136722358439e-03 0.000000000000000000e+00 -2.299931703738219702e-01 6.671621656682960033e-01 0.000000000000000000e+00
5.999102434850036580e-01 2.492569680161895590e-04 0.000000000000000000e+00 -7.656123362574919489e-02 8.294098715062900862e-01 0.000000000000000000e+00
6.046404423575375553e-01 -2.143212699794120463e-03 0.000000000000000000e+00 1.113950149256161259e-01 8.130299657573448746e-01 0.000000000000000000e+00
6.669840893841273433e-01 2.792899723511904631e-03 0.000000000000000000e+00 2.486286001608049301e-01 6.182537619788284200e-01 0.000000000000000000e+00
7.688029575220445277e-01 -1.014642628571078495e-03 0.000000000000000000e+00 2.798828438626665416e-01 3.401630305874956406e-01 0.000000000000000000e+00
5.775477240410489266e-01 -2.126837329071179505e-03 0.000000000000000000e+00 2.664944078077783329e-01 8.516496904433495940e-01 0.000000000000000000e+00
5.294868180539356040e-01 4.352723836355924802e-04 0.000000000000000000e+00 1.860831499387145815e-02 1.027904219373784844e+00 0.000000000000000000e+00
5.664664397187699763e-01 -2.092232072044663063e-03 0.000000000000000000e+00 -2.364112188761840483e-01 8.918461373227331013e-01 0.000000000000000000e+00
7.267856163391916979e-01 -3.453225966297949513e-04 0.000000000000000000e+00 -3.114625414759087940e-01 4.291722327767507617e-01 0.000000000000000000e+00
8.231330737841469070e-01 1.136596209103577469e-04 0.000000000000000000e+00 -2.009847305005070806e-01 2.629244533262048433e-01 0.000000000000000000e+00
8.484957492682584368e-01 6.321049089767745779e-04 0.000000000000000000e+00 -1.200106216573498252e-01 2.556224424696782460e-01 0.000000000000000000e+00
8.416089917386955221e-01 5.593427425534848452e-04 0.000000000000000000e+00 -6.180071641962545104e-02 2.888582430226425135e-01 0.000000000000000000e+00
-9.928575605260350212e-01 -1.463702971207541574e-04 0.000000000000000000e+00 4.602761369938777880e-03 3.672176523544861543e-02 0.000000000000000000e+00
8.409949286212509145e-01 -1.030181607069004680e-03 0.000000000000000000e+00 6.061400768248045162e-02 2.903001018757103147e-01 0.000000000000000000e+00
8.629555937317837655e-01 -2.799261228459489111e-05 0.000000000000000000e+00 1.240505269286646395e-01 2.234516316508411427e-01 0.000000000000000000e+00
7.062139284282263896e-01 -3.937613463248935269e-04 0.000000000000000000e+00 -2.631051680824482153e-01 5.123219687555499169e-01 0.000000000000000000e+00
6.116613745673927793e-01 -1.104738623229237389e-03 0.000000000000000000e+00 -9.746632996128490323e-02 7.966005180316217960e-01 0.000000000000000000e+00
6.192655749367693696e-01 -1.689840598830870053e-03 0.000000000000000000e+00 1.371679911163273813e-01 7.710567998784525479e-01 0.000000000000000000e+00
7.368922478297762479e-01 -1.209282825514919335e-04 0.000000000000000000e+00 2.705644160958255995e-01 4.302717865644015705e-01 0.000000000000000000e+00
7.870964827242858952e-01 1.272751199236804923e-03 0.000000000000000000e+00 2.796509753137023102e-01 2.899070105097543149e-01 0.000000000000000000e+00
8.868833707849517189e-01 -1.399467559363367524e-04 0.000000000000000000e+00 -2.105738459717558797e-01 3.182974656234443395e-02 0.000000000000000000e+00
5.243573994411744321e-01 -4.394194575149569168e-03 0.000000000000000000e+00 1.854205007041369591e-01 1.026612572203939422e+00 0.000000000000000000e+00
5.406048771295492994e-01 -3.583700224865869408e-03 0.000000000000000000e+00 -2.351826481298665839e-01 9.674289115258341010e-01 0.000000000000000000e+00
7.386826333632503516e-01 -5.631117712654636412e-05 0.000000000000000000e+00 3.490610678509886711e-01 3.641125615164235718e-01 0.000000000000000000e+00
4.754056154782986265e-01 6.393188830361024033e-04 0.000000000000000000e+00 -6.308000886682692265e-02 1.194794571212122403e+00 0.000000000000000000e+00
6.807173883877994935e-01 1.846067953193455870e-03 0.000000000000000000e+00 4.061838317007311350e-01 4.870481451606554213e-01 0.000000000000000000e+00
4.723746049618630094e-01 4.552852900395603156e-03 0.000000000000000000e+00 -2.338336874270791899e-01 1.183535907294069212e+00 0.000000000000000000e+00
5.085786955652449315e-01 -1.690666560949937933e-03 0.000000000000000000e+00 3.584713766978029903e-01 1.030428341543763615e+00 0.000000000000000000e+00
5.646135564243028870e-01 5.988805590981041704e-04 0.000000000000000000e+00 -4.245262661023396777e-01 8.249733579254522331e-01 0.000000000000000000e+00
4.626270812158775336e-01 4.874873130338901184e-03 0.000000000000000000e+00 1.029291280135632841e-01 1.234788214467435141e+00 0.000000000000000000e+00
7.449639186973420202e-01 -8.991142690386163747e-04 0.000000000000000000e+00 3.821537489419599143e-01 3.081055232205797134e-01 0.000000000000000000e+00
7.946318681696878938e-01 6.166948340884112825e-04 0.000000000000000000e+00 -3.437612519694702717e-01 1.788704514509239230e-01 0.000000000000000000e+00
4.616435448203163316e-01 2.963170831065380789e-03 0.000000000000000000e+00 -2.688579913046370007e-01 1.213038579194087419e+00 0.000000000000000000e+00
4.651368636729239503e-01 1.814127352329235679e-03 0.000000000000000000e+00 2.740995630199976052e-01 1.199765381899635663e+00 0.000000000000000000e+00
8.427294379993323092e-01 9.032711150965336278e-06 0.000000000000000000e+00 2.833731867037210250e-01 7.554176148838562255e-02 0.000000000000000000e+00
7.335541430202918711e-01 5.879561328382611630e-04 0.000000000000000000e+00 -3.852197492144007196e-01 3.425789936946186387e-01 0.000000000000000000e+00
4.670087853877668560e-01 -9.743198753122354200e-04 0.000000000000000000e+00 -4.119616238268450359e-02 1.223679672996863310e+00 0.000000000000000000e+00
6.445309334828306369e-01 -1.970431444869868293e-03 0.000000000000000000e+00 4.282549080434597810e-01 5.792292359819691816e-01 0.000000000000000000e+00
4.781890157402930441e-01 4.870970738504294684e-03 0.000000000000000000e+00 -2.724521998575714088e-01 1.155569598355972172e+00 0.000000000000000000e+00
4.949940113320036028e-01 1.871857454235975431e-03 0.000000000000000000e+00 3.197871325392028785e-01 1.087249165541438245e+00 0.000000000000000000e+00
5.972321739159607290e-01 -2.784053703561790733e-03 0.000000000000000000e+00 -4.318722928409990391e-01 7.204165821145140924e-01 0.000000000000000000e+00
4.614907741830163168e-01 3.886975688556400244e-03 0.000000000000000000e+00 6.003258061444043808e-02 1.241506723327308492e+00 0.000000000000000000e+00
7.040862837365379212e-01 1.825757368462913727e-03 0.000000000000000000e+00 4.083062346773418394e-01 4.129485497330753763e-01 0.000000000000000000e+00
4.731136030018342487e-01 -5.637529094296140839e-03 0.000000000000000000e+00 -3.186526029052365594e-01 1.161006261961519792e+00 0.000000000000000000e+00
4.468638030111379833e-01 -5.844924053612522014e-04 0.000000000000000000e+00 1.935427884997338310e-01 1.279029950523792536e+00 0.000000000000000000e+00
6.467156425548623577e-01 1.279587700067200389e-03 0.000000000000000000e+00 4.608409730909522328e-01 5.467185139081660594e-01 0.000000000000000000e+00
4.949647094395427382e-01 -1.266898094190233547e-03 0.000000000000000000e+00 -4.295256101099778068e-01 1.048877016679217622e+00 0.000000000000000000e+00
4.245485775262111128e-01 -3.929849624615308276e-03 0.000000000000000000e+00 -7.583376650117668212e-03 1.374188635942464209e+00 0.000000000000000000e+00
4.866009852742828046e-01 1.948068111651878129e-03 0.000000000000000000e+00 4.122828863770313657e-01 1.084322509108044397e+00 0.000000000000000000e+00
6.715226088667287652e-01 -2.488637558186639412e-05 0.000000000000000000e+00 -4.452120069066480834e-01 4.813743146692093244e-01 0.000000000000000000e+00
4.508230365942983431e-01 -2.387485051237193262e-04 0.000000000000000000e+00 -1.816510959673013348e-01 1.266771526720842367e+00 0.000000000000000000e+00
4.864691813470304882e-01 4.241996127647446047e-03 0.000000000000000000e+00 3.443089657884482735e-01 1.108167575562302165e+00 0.000000000000000000e+00
6.396678805247451027e-01 -2.297777674058243663e-03 0.000000000000000000e+00 -4.435426801082625881e-01 5.826525185346537183e-01 0.000000000000000000e+00
4.527116221805600471e-01 6.034948811129948847e-03 0.000000000000000000e+00 -6.912546415397269328e-02 1.271138290496726553e+00 0.000000000000000000e+00
5.628098715578324640e-01 -6.710497622630551447e-04 0.000000000000000000e+00 4.369027889299442746e-01 8.241507331814550419e-01 0.000000000000000000e+00
5.147432614305639254e-01 -1.755559592314624717e-03 0.000000000000000000e+00 -3.844380711795007954e-01 1.000896536556542982e+00 0.000000000000000000e+00
4.572326913328720877e-01 -1.672984529723472308e-03 0.000000000000000000e+00 1.631593255157314237e-01 1.246921380928684986e+00 0.000000000000000000e+00
7.236854141984419009e-01 -6.226329051101965606e-05 0.000000000000000000e+00 4.045197542805000213e-01 3.533157645502532640e-01 0.000000000000000000e+00
8.386651863398827400e-01 -1.821925989212695328e-04 0.000000000000000000e+00 -2.917541523395846825e-01 7.401947853963188051e-02 0.000000000000000000e+00
4.691286031573642656e-01 3.206123159510379690e-03 0.000000000000000000e+00 -3.672394337351214677e-01 1.160554254916383421e+00 0.000000000000000000e+00
4.301756063483063164e-01 -5.691176704298934325e-03 0.000000000000000000e+00 1.180159533135484717e-01 1.348211287164846617e+00 0.000000000000000000e+00
5.426606869044310333e-01 7.782675631663772686e-04 0.000000000000000000e+00 4.738504071777228654e-01 8.689359179715789860e-01 0.000000000000000000e+00
-9.261256000433821800e-01 1.849706001399503350e-04 0.000000000000000000e+00 9.099419609367892514e-02 1.010602599246198385e-01 0.000000000000000000e+00
5.575361862316219330e-01 1.985712196296441929e-03 0.000000000000000000e+00 -4.831320983151984327e-01 8.150698973633925259e-01 0.000000000000000000e+00
4.333634068058884736e-01 -1.952538655633776626e-03 0.000000000000000000e+00 -1.299295164449446593e-01 1.335547243449555443e+00 0.000000000000000000e+00
4.670984774277315843e-01 1.106431761320704563e-03 0.000000000000000000e+00 3.454778407460520895e-01 1.174335324429004235e+00 0.000000000000000000e+00
7.979470899214438084e-01 6.427631658648355097e-04 0.000000000000000000e+00 3.445297251989619669e-01 1.622705780587179181e-01 0.000000000000000000e+00
7.365696918171784624e-01 -1.011327658916062570e-03 0.000000000000000000e+00 -3.967861292173215926e-01 3.187704399471589234e-01 0.000000000000000000e+00
4.576889711759194457e-01 -1.048872541666194275e-03 0.000000000000000000e+00 -1.970472569538627705e-01 1.240442396524491731e+00 0.000000000000000000e+00
4.912335598071031484e-01 -8.771262518718001000e-04 0.000000000000000000e+00 3.516429691858207196e-01 1.089916407379769359e+00 0.000000000000000000e+00
6.136137301611184203e-01 -1.262949384600507881e-03 0.000000000000000000e+00 -4.466977138846372486e-01 6.607387192828422240e-01 0.000000000000000000e+00
4.528990244031738666e-01 1.008194922349080376e-03 0.000000000000000000e+00 -2.048783003542461664e-02 1.272336869286097238e+00 0.000000000000000000e+00
5.907451816775159958e-01 2.989486859737358962e-03 0.000000000000000000e+00 4.420850291500163509e-01 7.342219069988030755e-01 0.000000000000000000e+00
4.984892161807231714e-01 5.162162350074176766e-03 0.000000000000000000e+00 -3.697660334469149435e-01 1.059570249810600107e+00 0.000000000000000000e+00
4.601591812281174976e-01 5.153324335705198808e-03 0.000000000000000000e+00 1.837019493507262291e-01 1.233855649853564884e+00 0.000000000000000000e+00
7.544429908816314700e-01 -4.584890354889409629e-04 0.000000000000000000e+00 3.803451699579386558e-01 2.772793485303821637e-01 0.000000000000000000e+00
7.726894397868762088e-01 1.621000052469362233e-04 0.000000000000000000e+00 -3.667975970646424333e-01 2.290364805904796797e-01 0.000000000000000000e+00
4.603680648745536730e-01 9.113340275879017703e-04 0.000000000000000000e+00 -2.532461716613942926e-01 1.220855729729627637e+00 0.000000000000000000e+00
4.690096209263048266e-01 2.938788845687935816e-03 0.000000000000000000e+00 2.863622951807747175e-01 1.183514648266815072e+00 0.000000000000000000e+00
7.143137784019980563e-01 -2.779799801204221356e-04 0.000000000000000000e+00 -3.969825263129200810e-01 3.918858659056117522e-01 0.000000000000000000e+00
4.673346710077757038e-01 -3.056834873513356726e-03 0.000000000000000000e+00 -1.724067109521528612e-02 1.223128650462632194e+00 0.000000000000000000e+00
6.679813266228527002e-01 -1.300680959137606382e-03 0.000000000000000000e+00 4.204955921257883533e-01 5.139371261375459410e-01 0.000000000000000000e+00
4.757765274717051796e-01 -3.581528329810148431e-03 0.000000000000000000e+00 -2.613627947607302104e-01 1.166284294242847075e+00 0.000000000000000000e+00
4.864041285281888172e-01 1.877927879413940696e-03 0.000000000000000000e+00 3.079673507399891541e-01 1.119073161505655500e+00 0.000000000000000000e+00
6.233265623707191505e-01 -1.309923617475133688e-05 0.000000000000000000e+00 -4.381677835004231247e-01 6.367374784599406645e-01 0.000000000000000000e+00
4.594898336864801092e-01 -3.034023681086505178e-03 0.000000000000000000e+00 2.302432045292191615e-02 1.249582529257543317e+00 0.000000000000000000e+00
6.532271632282566909e-01 1.141809856905203618e-03 0.000000000000000000e+00 4.319432377558088954e-01 5.499000062428248681e-01 0.000000000000000000e+00
4.788763048346879603e-01 1.612051347847925573e-03 0.000000000000000000e+00 -3.104441775798553182e-01 1.143699988936353273e+00 0.000000000000000000e+00
4.679962421402951156e-01 5.569185425869711825e-03 0.000000000000000000e+00 2.446312048021642704e-01 1.196213259507465487e+00 0.000000000000000000e+00
7.201696591139328252e-01 5.363738037933033290e-04 0.000000000000000000e+00 -3.879683429032947384e-01 3.825362882341443171e-01 0.000000000000000000e+00
4.746736474007798856e-01 3.667069869659717735e-03 0.000000000000000000e+00 2.147336312377344514e-02 1.198634623013970391e+00 0.000000000000000000e+00
8.092416370774241363e-01 1.824175223100961462e-04 0.000000000000000000e+00 3.139710173863624609e-01 1.725616355133434698e-01 0.000000000000000000e+00
7.677955605406242556e-01 1.160473703992448077e-03 0.000000000000000000e+00 -3.374248683122956227e-01 2.864422917843164051e-01 0.000000000000000000e+00
5.138789126243267225e-01 -3.711100128815036491e-03 0.000000000000000000e+00 1.761928943212948684e-01 1.060218713150311132e+00 0.000000000000000000e+00
5.529325933713833408e-01 -1.288419756367617042e-03 0.000000000000000000e+00 -2.967809150847086075e-01 9.134309383637433388e-01 0.000000000000000000e+00
6.275495434046851617e-01 2.064128354682275013e-03 0.000000000000000000e+00 3.723813394859102344e-01 6.651788341651081460e-01 0.000000000000000000e+00
4.965222201076860964e-01 -6.645900168888285026e-04 0.000000000000000000e+00 -5.138870243586559500e-02 1.127303937556949354e+00 0.000000000000000000e+00
7.201941486951435323e-01 -1.889942280892878759e-03 0.000000000000000000e+00 -3.449550259805665986e-01 4.216561141566426141e-01 0.000000000000000000e+00
5.897006206589718857e-01 5.480029866732748917e-04 0.000000000000000000e+00 3.054063179141445761e-01 8.037502112243504193e-01 0.000000000000000000e+00
5.199077115337089605e-01 5.012744739738858243e-03 0.000000000000000000e+00 1.443239014423911091e-03 1.056507430363503586e+00 0.000000000000000000e+00
5.854942430559506583e-01 -3.997852881502296160e-03 0.000000000000000000e+00 -2.954801953016147897e-01 8.193289856089864820e-01 0.000000000000000000e+00
7.292935420927479928e-01 -4.993453667189859044e-04 0.000000000000000000e+00 3.432972622105191496e-01 3.969400156116571488e-01 0.000000000000000000e+00
4.907202728139972714e-01 4.477779196097630629e-03 0.000000000000000000e+00 2.515354654329713877e-02 1.146510463155716142e+00 0.000000000000000000e+00
6.645453689020821564e-01 1.590234062748204034e-03 0.000000000000000000e+00 -3.792293255856283851e-01 5.549803178679481030e-01 0.000000000000000000e+00
5.406178332008586551e-01 4.078669117414637953e-03 0.000000000000000000e+00 2.589602859056112094e-01 9.612924313728934411e-01 0.000000000000000000e+00
5.221559802193347366e-01 1.667347415424414933e-03 0.000000000000000000e+00 -2.057194224514426462e-01 1.029489925977555842e+00 0.000000000000000000e+00
7.356396271872331916e-01 1.310174177306968474e-03 0.000000000000000000e+00 3.554498915866806108e-01 3.671031594109114837e-01 0.000000000000000000e+00
4.726206643810689778e-01 -4.968620823991613637e-03 0.000000000000000000e+00 -9.176603347812409273e-02 1.202080438316631916e+00 0.000000000000000000e+00
6.169860530759405659e-01 -3.232238309631685867e-03 0.000000000000000000e+00 4.276089422469762091e-01 6.630219887262360778e-01 0.000000000000000000e+00
4.842088943914755750e-01 5.145583940162134357e-03 0.000000000000000000e+00 -2.642266148943543946e-01 1.137380989568727241e+00 0.000000000000000000e+00
5.120857926505058000e-01 -3.644837769705963626e-03 0.000000000000000000e+00 3.515268669251271905e-01 1.021440521038349036e+00 0.000000000000000000e+00
5.557787476700462026e-01 -2.934643857878991603e-03 0.000000000000000000e+00 -4.017866491636121196e-01 8.635125502185510005e-01 0.000000000000000000e+00
4.732785290469315731e-01 4.811986983730882211e-03 0.000000000000000000e+00 1.620356673671144443e-01 1.192450811893862817e+00 0.000000000000000000e+00
6.964843326054603878e-01 -1.320836461770621452e-03 0.000000000000000000e+00 -3.894627270414126041e-01 4.537166402549358546e-01 0.000000000000000000e+00
4.907937643457364607e-01 -1.556652757183533270e-03 0.000000000000000000e+00 1.256501935325760044e-01 1.139707210437341356e+00 0.000000000000000000e+00
6.171561597576920022e-01 6.667847382850816337e-04 0.000000000000000000e+00 -3.891902652530337958e-01 6.858020684528198796e-01 0.000000000000000000e+00
5.221135961834146855e-01 2.745497049912016749e-03 0.000000000000000000e+00 2.503477150277789720e-01 1.019678085306579440e+00 0.000000000000000000e+00
5.377848674334153589e-01 -2.684581324033795575e-03 0.000000000000000000e+00 -2.935963280266777886e-01 9.598971223066230518e-01 0.000000000000000000e+00
5.868117406275878967e-01 -3.175075346890667526e-03 0.000000000000000000e+00 3.745935786734997941e-01 7.824392038098475499e-01 0.000000000000000000e+00
4.973371605931484751e-01 3.983309133241001547e-03 0.000000000000000000e+00 -1.589704274435994880e-01 1.114587649651952450e+00 0.000000000000000000e+00
6.866250523490609048e-01 6.254842961555730912e-04 0.000000000000000000e+00 3.902751155432989671e-01 4.824357340119743709e-01 0.000000000000000000e+00
4.754920030186172708e-01 2.116294783495377418e-03 0.000000000000000000e+00 -1.416621828571567043e-01 1.187747487561458870e+00 0.000000000000000000e+00
5.941871264714289058e-01 5.798190416747466339e-04 0.000000000000000000e+00 4.179152671477985859e-01 7.378323836226589050e-01 0.000000000000000000e+00
4.924810467918446788e-01 1.808980419103445054e-03 0.000000000000000000e+00 -2.770476266424415912e-01 1.107118033884952890e+00 0.000000000000000000e+00
5.144527433312242604e-01 -3.695172983346609909e-04 0.000000000000000000e+00 3.405765597476720363e-01 1.017592545441903251e+00 0.000000000000000000e+00
5.522196288505520911e-01 -2.965439405686724934e-03 0.000000000000000000e+00 -3.919841201053058111e-01 8.790021951631333819e-01 0.000000000000000000e+00
4.789738460577167012e-01 -8.185650099955090256e-04 0.000000000000000000e+00 1.969465784020492105e-01 1.168277038450585614e+00 0.000000000000000000e+00
6.485491919659817084e-01 2.644215511966377385e-03 0.000000000000000000e+00 -4.140283191061494561e-01 5.774838420424499574e-01 0.000000000000000000e+00
4.831470749750307880e-01 3.001410900703892909e-03 0.000000000000000000e+00 1.161154518068180513e-01 1.165381909753722578e+00 0.000000000000000000e+00
6.520704590930800348e-01 2.387951096838362985e-03 0.000000000000000000e+00 -3.982917681722371039e-01 5.781248157322078640e-01 0.000000000000000000e+00
5.046771460659342790e-01 -5.275228014456690047e-03 0.000000000000000000e+00 2.019003939400548231e-01 1.084304265281648583e+00 0.000000000000000000e+00
5.658573692420458823e-01 -3.188781729254498709e-03 0.000000000000000000e+00 -3.447347832974381188e-01 8.576364694312115233e-01 0.000000000000000000e+00
5.538049311163855126e-01 4.140512956015276330e-03 0.000000000000000000e+00 3.251069715801471194e-01 9.010830733499342049e-01 0.000000000000000000e+00
5.120900979314706447e-01 -3.326302283815437896e-03 0.000000000000000000e+00 -2.165171568626149678e-01 1.058296916830881118e+00 0.000000000000000000e+00
6.364996366192663402e-01 -8.312554184180739880e-04 0.000000000000000000e+00 3.956179778506463962e-01 6.254649174015407542e-01 0.000000000000000000e+00
4.862636417841176284e-01 1.679553928916835675e-03 0.000000000000000000e+00 -1.215452731121268726e-01 1.154734857836962725e+00 0.000000000000000000e+00
6.734037847878164840e-01 1.228527238216528192e-03 0.000000000000000000e+00 4.015193096231313152e-01 5.127773519470983921e-01 0.000000000000000000e+00
4.759866026719464238e-01 -1.484600388294099113e-03 0.000000000000000000e+00 -1.762149954446076416e-01 1.181480462401616860e+00 0.000000000000000000e+00
5.556324685274183217e-01 -1.449765398773195666e-03 0.000000000000000000e+00 4.043145219054464778e-01 8.628046217977455301e-01 0.000000000000000000e+00
5.121880251830965847e-01 -2.448326834395456175e-03 0.000000000000000000e+00 -3.337855206633406624e-01 1.027070092403987722e+00 0.000000000000000000e+00
4.902005796890443468e-01 -5.483400050776346922e-03 0.000000000000000000e+00 2.822676788584050911e-01 1.113197266571933852e+00 0.000000000000000000e+00
5.980084011126558519e-01 2.302411624838882759e-04 0.000000000000000000e+00 -4.215646616922302248e-01 7.241661978644017283e-01 0.000000000000000000e+00
4.731268001863486727e-01 -5.552990962995463589e-03 0.000000000000000000e+00 1.333867935613078926e-01 1.196469775864072771e+00 0.000000000000000000e+00
7.057650825208590106e-01 3.172888599044000613e-04 0.000000000000000000e+00 -3.789767410719639962e-01 4.350306057297272377e-01 0.000000000000000000e+00
5.043782931577399653e-01 -4.010735475247068776e-03 0.000000000000000000e+00 1.720150660774851792e-01 1.090416806694719298e+00 0.000000000000000000e+00
5.695989468240874043e-01 -4.954091737581767241e-04 0.000000000000000000e+00 -3.440542956502721239e-01 8.468304059774426351e-01 0.000000000000000000e+00
5.659635452343450002e-01 2.510400751000509481e-03 0.000000000000000000e+00 3.361385728449373667e-01 8.607369793888210996e-01 0.000000000000000000e+00
5.069228079220559069e-01 -1.773630879300805777e-03 0.000000000000000000e+00 -1.739488084201729345e-01 1.082189610619264331e+00 0.000000000000000000e+00
6.996902045332119568e-01 1.631260383935246271e-03 0.000000000000000000e+00 3.798952507972703230e-01 4.522889079000754764e-01 0.000000000000000000e+00
4.760281497098258763e-01 -3.952941746979917771e-03 0.000000000000000000e+00 -1.103747074062371436e-01 1.189251599540269488e+00 0.000000000000000000e+00
6.168050989589191069e-01 -1.787941142439864513e-03 0.000000000000000000e+00 4.228853043513469689e-01 6.666092000489676206e-01 0.000000000000000000e+00
4.844973333043067765e-01 5.149359823844502221e-03 0.000000000000000000e+00 -2.526318194517985782e-01 1.139058161168947869e+00 0.000000000000000000e+00
5.226006601692465559e-01 -2.955491413758227093e-03 0.000000000000000000e+00 3.645825153962908294e-01 9.830872102707473026e-01 0.000000000000000000e+00
-9.130299260700747155e-01 1.991640390723210547e-04 0.000000000000000000e+00 1.511883567673842077e-01 5.039348374109886564e-02 0.000000000000000000e+00
5.406069605085632723e-01 -2.585894847752668452e-03 0.000000000000000000e+00 -3.819079003916886483e-01 9.194747655276853671e-01 0.000000000000000000e+00
4.798855231171967883e-01 -2.733885507330965567e-04 0.000000000000000000e+00 2.115243738358414671e-01 1.162705013402159260e+00 0.000000000000000000e+00
6.460741270562639915e-01 -2.596970239075263587e-03 0.000000000000000000e+00 -4.126332339166284280e-01 5.858610364984953023e-01 0.000000000000000000e+00
4.793531073208786575e-01 -2.608880560649839107e-03 0.000000000000000000e+00 1.139431726377502924e-01 1.177998762875324346e+00 0.000000000000000000e+00
6.756117822615526070e-01 1.089764093226306893e-04 0.000000000000000000e+00 -3.903577237188402549e-01 5.148525566780446372e-01 0.000000000000000000e+00
5.068988017650796207e-01 4.317080898201818527e-03 0.000000000000000000e+00 1.806976712661359508e-01 1.081111702064334601e+00 0.000000000000000000e+00
5.663274841811046789e-01 -4.167957713551476498e-03 0.000000000000000000e+00 -3.387893168241020714e-01 8.585894888230716226e-01 0.000000000000000000e+00
5.627101982288109649e-01 4.025040845594485620e-03 0.000000000000000000e+00 3.338799068302859552e-01 8.712422030678971252e-01 0.000000000000000000e+00
5.076238611388290689e-01 1.160438945493977997e-05 0.000000000000000000e+00 -1.924576626262671508e-01 1.076869907441523333e+00 0.000000000000000000e+00
6.698647199613507741e-01 -5.829044020890308819e-04 0.000000000000000000e+00 3.916689196345102264e-01 5.307223301070584931e-01 0.000000000000000000e+00
4.808407243667408570e-01 1.108391911085254353e-04 0.000000000000000000e+00 -1.070971064303379433e-01 1.173794697143641708e+00 0.000000000000000000e+00
6.570355385546913229e-01 1.296247395258066232e-03 0.000000000000000000e+00 4.103228562758388098e-01 5.548659136629978672e-01 0.000000000000000000e+00
4.784159428763714583e-01 -3.423308737407008626e-03 0.000000000000000000e+00 -1.971856566940370370e-01 1.170050549628513625e+00 0.000000000000000000e+00
5.401934914559877177e-01 -3.801808816536123709e-03 0.000000000000000000e+00 3.936368873800457635e-01 9.157933262724808898e-01 0.000000000000000000e+00
5.226227940911287728e-01 -1.490252369473734663e-03 0.000000000000000000e+00 -3.584443824861383021e-01 9.852920903867764535e-01 0.000000000000000000e+00
4.851932673312651101e-01 2.753057296951433655e-03 0.000000000000000000e+00 2.414176545801123286e-01 1.139258133238933546e+00 0.000000000000000000e+00
6.238984617555806134e-01 -3.028439815423871612e-03 0.000000000000000000e+00 -4.187101572002824845e-01 6.479653788983101848e-01 0.000000000000000000e+00
4.752411361967746606e-01 4.235564702204141878e-03 0.000000000000000000e+00 1.027014035235218753e-01 1.192531274903964711e+00 0.000000000000000000e+00
7.099864247000062800e-01 -2.092641521365092711e-03 0.000000000000000000e+00 -3.729184875582899350e-01 4.277428959992891633e-01 0.000000000000000000e+00
5.107550155285880411e-01 -2.485105147189596055e-03 0.000000000000000000e+00 1.874105928439046553e-01 1.067989771191855564e+00 0.000000000000000000e+00
5.572038694303864670e-01 -3.643967097604021779e-03 0.000000000000000000e+00 -3.147417759878904930e-01 8.946428010114916285e-01 0.000000000000000000e+00
5.920871427440334012e-01 9.578584045369475768e-04 0.000000000000000000e+00 3.619762760500112586e-01 7.729446978811327362e-01 0.000000000000000000e+00
5.000955455707026820e-01 -4.197737523582531494e-03 0.000000000000000000e+00 -1.140672395761060248e-01 1.111380292316176632e+00 0.000000000000000000e+00
7.835226573296405483e-01 -1.366207746680437457e-04 0.000000000000000000e+00 3.290872399845500285e-01 2.447425777093174271e-01 0.000000000000000000e+00
7.862260319788152430e-01 1.086657239263658786e-03 0.000000000000000000e+00 -3.291329623430444551e-01 2.352993862257904134e-01 0.000000000000000000e+00
4.930675128712697086e-01 -2.826949243186238983e-03 0.000000000000000000e+00 9.482865250333334661e-02 1.135415319187421890e+00 0.000000000000000000e+00
6.204375265081160107e-01 -1.122700672874744551e-04 0.000000000000000000e+00 -3.812835063212248743e-01 6.807132679414562570e-01 0.000000000000000000e+00
5.364566910031121072e-01 3.035103894099264177e-03 0.000000000000000000e+00 2.739200662402452857e-01 9.697031425522010251e-01 0.000000000000000000e+00
5.236291237973731416e-01 -1.001207668174316709e-03 0.000000000000000000e+00 -2.388432563385320673e-01 1.017805948504394209e+00 0.000000000000000000e+00
6.519895843347804920e-01 1.947856582907453189e-03 0.000000000000000000e+00 3.855752934291619693e-01 5.869228043214504975e-01 0.000000000000000000e+00
4.876648912368560795e-01 -6.179641044824178697e-04 0.000000000000000000e+00 -7.620115526536661021e-02 1.154108185554725940e+00 0.000000000000000000e+00
7.570010616464588615e-01 -1.199895671043371779e-03 0.000000000000000000e+00 3.553964758594886364e-01 3.002975051869112288e-01 0.000000000000000000e+00
8.088365077272594572e-01 2.410727124741193599e-04 0.000000000000000000e+00 -3.199634630015505410e-01 1.629769920659126792e-01 0.000000000000000000e+00
4.658333424822184154e-01 -2.732854507431653826e-03 0.000000000000000000e+00 -1.231071616797949908e-01 1.222122004492254943e+00 0.000000000000000000e+00
5.658927662351749266e-01 3.283526309402210602e-03 0.000000000000000000e+00 4.156609656791360186e-01 8.254955871681759483e-01 0.000000000000000000e+00
5.090398220336493917e-01 -1.356527294038959580e-03 0.000000000000000000e+00 -3.463631683507112369e-01 1.033075348171059282e+00 0.000000000000000000e+00
4.797525262037078408e-01 4.482844706800261265e-03 0.000000000000000000e+00 2.392916085620416800e-01 1.157687846642627472e+00 0.000000000000000000e+00
6.493745853575425553e-01 -2.254602406932752767e-03 0.000000000000000000e+00 -4.194565966739691176e-01 5.710795251493663294e-01 0.000000000000000000e+00
4.713746801032480116e-01 3.787467836696994765e-03 0.000000000000000000e+00 6.062038071747162526e-02 1.208230181672914405e+00 0.000000000000000000e+00
8.279210256599220941e-01 3.619112115623672053e-04 0.000000000000000000e+00 2.948605275762686828e-01 1.285355205958203240e-01 0.000000000000000000e+00
7.606137129327472657e-01 1.131014801221766515e-03 0.000000000000000000e+00 -3.414551988795899717e-01 3.047365772118217908e-01 0.000000000000000000e+00
5.181483848974806072e-01 -2.689740555137186580e-03 0.000000000000000000e+00 1.885497914363428174e-01 1.044987978966313236e+00 0.000000000000000000e+00
5.462817463404630036e-01 -2.459329581988851758e-03 0.000000000000000000e+00 -2.760224793633710427e-01 9.396184121188739802e-01 0.000000000000000000e+00
6.524074882037922407e-01 2.744512979223949489e-03 0.000000000000000000e+00 3.751025871084866514e-01 5.924680181445869387e-01 0.000000000000000000e+00
4.934615229303427331e-01 4.806953137056714162e-03 0.000000000000000000e+00 -3.659257909774504824e-02 1.137481720073748814e+00 0.000000000000000000e+00
7.098735947172142291e-01 -1.104888401154682440e-03 0.000000000000000000e+00 -3.537628588586735345e-01 4.440460251241238887e-01 0.000000000000000000e+00
5.708751726666768667e-01 -2.671635698696513735e-03 0.000000000000000000e+00 2.942978103042455662e-01 8.616650655538166115e-01 0.000000000000000000e+00
5.169675351780684824e-01 -5.447390045052180607e-04 0.000000000000000000e+00 -5.738657838934173305e-02 1.063893136108571502e+00 0.000000000000000000e+00
6.261056318750584104e-01 2.956001585589179345e-03 0.000000000000000000e+00 -3.455116792688863736e-01 6.835711288643276928e-01 0.000000000000000000e+00
6.447268452004621953e-01 -3.781100167720621158e-04 0.000000000000000000e+00 3.509468629432886955e-01 6.285449764470931733e-01 0.000000000000000000e+00
5.158632935398175245e-01 3.550823504673460834e-03 0.000000000000000000e+00 6.901516229443044326e-02 1.066512634812157856e+00 0.000000000000000000e+00
5.704403262850794576e-01 -1.673394008251295403e-03 0.000000000000000000e+00 -2.931423076455567100e-01 8.633282227096338302e-01 0.000000000000000000e+00
6.906192011292038302e-01 -1.455267956630403037e-03 0.000000000000000000e+00 3.623870707253207257e-01 4.923639911559609672e-01 0.000000000000000000e+00
4.969030933992361065e-01 -1.830468073853094672e-03 0.000000000000000000e+00 3.626713668210371222e-02 1.126686244248676694e+00 0.000000000000000000e+00
6.340093164644180490e-01 7.014822197814185589e-04 0.000000000000000000e+00 -3.741392200014219682e-01 6.456782731269934406e-01 0.000000000000000000e+00
5.560711195649357119e-01 1.166980717142966292e-03 0.000000000000000000e+00 2.973809345709205743e-01 9.039396757276614291e-01 0.000000000000000000e+00
5.141270174437173601e-01 -1.739263306898379546e-03 0.000000000000000000e+00 -1.536950276981551289e-01 1.062986460038366499e+00 0.000000000000000000e+00
8.329976439997681670e-01 5.177372813726659369e-04 0.000000000000000000e+00 2.782864171855561897e-01 1.407745167700215072e-01 0.000000000000000000e+00
7.879976841986564562e-01 -3.804316762910956926e-04 0.000000000000000000e+00 -2.912662062902513505e-01 2.755943973745592079e-01 0.000000000000000000e+00
7.413099676728205356e-01 1.026246934651763726e-03 0.000000000000000000e+00 3.116447304404755259e-01 3.893907570569034027e-01 0.000000000000000000e+00
5.378720908576082316e-01 -2.610503742286883998e-03 0.000000000000000000e+00 1.970784300318326188e-01 9.839940684819299399e-01 0.000000000000000000e+00
5.310673760536208654e-01 1.193840882657401861e-03 0.000000000000000000e+00 -1.614758012723610525e-01 1.010606948811205719e+00 0.000000000000000000e+00
6.981880046982591459e-01 3.511286655347254509e-05 0.000000000000000000e+00 -3.365921824604071189e-01 4.895263266772965638e-01 0.000000000000000000e+00
6.771765030751525360e-01 -1.616999372333210311e-03 0.000000000000000000e+00 3.376574418126470079e-01 5.465556409928711279e-01 0.000000000000000000e+00
5.383727533617074235e-01 2.202889060992505726e-03 0.000000000000000000e+00 1.638752517088736538e-01 9.885968905085383840e-01 0.000000000000000000e+00
-9.485609809775175094e-01 -1.377851097821764827e-04 0.000000000000000000e+00 -5.253622410805015852e-02 8.193807747332258751e-02 0.000000000000000000e+00
5.347250031333632414e-01 4.073723678836988805e-03 0.000000000000000000e+00 -1.554828094702735419e-01 1.000660851207984203e+00 0.000000000000000000e+00
6.651091087550026204e-01 9.782454523095964437e-04 0.000000000000000000e+00 -3.384482872300417222e-01 5.792082762182921840e-01 0.000000000000000000e+00
6.930485033977306086e-01 -3.524666090048153913e-04 0.000000000000000000e+00 3.398720147359778343e-01 5.014656299765954950e-01 0.000000000000000000e+00
5.282159886173416474e-01 4.845460513966566574e-05 0.000000000000000000e+00 1.496630304288998348e-01 1.020923298230068443e+00 0.000000000000000000e+00
5.422643174129682109e-01 -2.990805771018727188e-03 0.000000000000000000e+00 -2.094973410817432269e-01 9.684338554281801681e-01 0.000000000000000000e+00
7.768787973364462696e-01 -6.025267109454248565e-04 0.000000000000000000e+00 -2.818763017105758162e-01 3.164375029296475628e-01 0.000000000000000000e+00
7.049885407622349387e-01 -5.927520973313740726e-04 0.000000000000000000e+00 -2.728348988540362230e-01 5.103478932109501987e-01 0.000000000000000000e+00
6.190250167144437654e-01 -3.336714534337699260e-03 0.000000000000000000e+00 -1.574713386847987895e-01 7.677819453570000618e-01 0.000000000000000000e+00
5.977162854781379320e-01 2.553746068366599675e-03 0.000000000000000000e+00 2.899965906615369071e-02 8.381645053039464832e-01 0.000000000000000000e+00
6.379672258358857206e-01 2.118556443421322835e-03 0.000000000000000000e+00 2.055890701550452393e-01 7.071669621656507809e-01 0.000000000000000000e+00
7.431405760033376051e-01 -1.869959090583210234e-03 0.000000000000000000e+00 2.805803989021413702e-01 4.075627725750124442e-01 0.000000000000000000e+00
6.796226764338464399e-01 4.649564487419089592e-04 0.000000000000000000e+00 3.102924343665334761e-01 5.560279292460873490e-01 0.000000000000000000e+00
5.918517889076890803e-01 -6.219062344542470103e-04 0.000000000000000000e+00 2.542437315111455431e-01 8.154038708131660096e-01 0.000000000000000000e+00
5.488630160618631626e-01 2.873914882981316518e-04 0.000000000000000000e+00 1.077764217468691055e-01 9.659732842302547473e-01 0.000000000000000000e+00
5.449726396929641670e-01 -1.212623393014417581e-03 0.000000000000000000e+00 -7.035440706177040204e-02 9.805487198726664522e-01 0.000000000000000000e+00
5.796644893553587474e-01 -6.503181455896102359e-04 0.000000000000000000e+00 -2.282787187226096859e-01 8.567764998364428841e-01 0.000000000000000000e+00
6.573944020265118926e-01 4.101902282705287284e-04 0.000000000000000000e+00 -3.089818978294640583e-01 6.161032119273028851e-01 0.000000000000000000e+00
7.491717192353466448e-01 -5.849323021807524559e-04 0.000000000000000000e+00 -2.799759307201087344e-01 3.922285486735844762e-01 0.000000000000000000e+00
6.421729519220906734e-01 2.058602941154296512e-03 0.000000000000000000e+00 -2.196885026949074726e-01 6.920825753720306617e-01 0.000000000000000000e+00
5.982732505038168558e-01 -2.625063526229469250e-04 0.000000000000000000e+00 -5.210967989775812381e-02 8.355992722993825783e-01 0.000000000000000000e+00
6.109162033599540020e-01 -2.002357809969994469e-03 0.000000000000000000e+00 1.378304091096021478e-01 7.925600422768614983e-01 0.000000000000000000e+00
6.836732767428805868e-01 -2.301479219813832872e-03 0.000000000000000000e+00 2.655578826089997069e-01 5.683609499070165771e-01 0.000000000000000000e+00
7.840045875661492136e-01 1.255558628223754202e-03 0.000000000000000000e+00 2.755434942852191815e-01 3.024350813962084494e-01 0.000000000000000000e+00
5.420896451882721845e-01 3.679715869886135415e-03 0.000000000000000000e+00 2.102768443727336956e-01 9.687678164811370785e-01 0.000000000000000000e+00
5.276778665670399660e-01 2.474987751863242345e-03 0.000000000000000000e+00 -1.551921956985306550e-01 1.021690339517832502e+00 0.000000000000000000e+00
6.999296477315192222e-01 -3.086035603180291298e-04 0.000000000000000000e+00 -3.375042653483095179e-01 4.840912216032802196e-01 0.000000000000000000e+00
6.685366526363674122e-01 -6.641705967539704089e-05 0.000000000000000000e+00 3.367026351549189944e-01 5.708296779152148837e-01 0.000000000000000000e+00
5.379409562234676034e-01 3.499074842262661980e-03 0.000000000000000000e+00 1.553061692905390867e-01 9.912275352444264165e-01 0.000000000000000000e+00
-9.524976746443156728e-01 -1.722174072616919349e-04 0.000000000000000000e+00 -1.761665373289677400e-02 8.906510575007964281e-02 0.000000000000000000e+00
5.363383321703609763e-01 1.116173512304807769e-03 0.000000000000000000e+00 -1.548371148959206689e-01 9.960448766079132987e-01 0.000000000000000000e+00
6.637870734286508423e-01 1.328050440116396343e-03 0.000000000000000000e+00 -3.377921212618225089e-01 5.832212080399962195e-01 0.000000000000000000e+00
6.998460613258852270e-01 1.601240810189818314e-03 0.000000000000000000e+00 3.374004280872412442e-01 4.843899545230673231e-01 0.000000000000000000e+00
5.269503743877288482e-01 -3.272946171845834973e-04 0.000000000000000000e+00 1.497081054084677953e-01 1.024702435419771795e+00 0.000000000000000000e+00
5.429648945257684600e-01 -2.133895181803934123e-03 0.000000000000000000e+00 -2.179559759864745372e-01 9.645120423638214868e-01 0.000000000000000000e+00
8.751711462605871183e-01 -3.002752759114096261e-04 0.000000000000000000e+00 2.256400236498584122e-01 6.021668593937734570e-02 0.000000000000000000e+00
7.943319505043450190e-01 -9.722561242273934645e-04 0.000000000000000000e+00 -2.668105480521047457e-01 2.818905659868575775e-01 0.000000000000000000e+00
6.638104129774746731e-01 -2.130958510576437537e-03 0.000000000000000000e+00 -2.408925258211859488e-01 6.293912093361762050e-01 0.000000000000000000e+00
6.025575369900358913e-01 3.558164033031254760e-03 0.000000000000000000e+00 -8.217477711488085923e-02 8.219244096680499156e-01 0.000000000000000000e+00
6.092945959255353650e-01 -3.047131568719430722e-03 0.000000000000000000e+00 1.230536173998107996e-01 7.991924160850397696e-01 0.000000000000000000e+00
6.858819011373511465e-01 8.236199966345442505e-05 0.000000000000000000e+00 2.617743002347229231e-01 5.645036732283605918e-01 0.000000000000000000e+00
8.070371723033591405e-01 8.577647132650284296e-04 0.000000000000000000e+00 2.631243351840814038e-01 2.495777017856522506e-01 0.000000000000000000e+00
8.176937600389910799e-01 4.286712939788762250e-04 0.000000000000000000e+00 -2.816015653022646559e-01 1.933737545826724746e-01 0.000000000000000000e+00
5.998922610322711124e-01 2.549805341884998217e-03 0.000000000000000000e+00 2.948591606801281850e-01 7.790558983778653745e-01 0.000000000000000000e+00
5.310869647057756548e-01 2.555317210905195743e-04 0.000000000000000000e+00 6.818472644911843794e-02 1.021095911013558677e+00 0.000000000000000000e+00
5.541508599816724612e-01 -4.344199527468690231e-03 0.000000000000000000e+00 -1.993689017972016253e-01 9.359539096083224763e-01 0.000000000000000000e+00
6.888545283549616371e-01 -4.326259473484000972e-04 0.000000000000000000e+00 -3.275057439710989393e-01 5.210198891117812092e-01 0.000000000000000000e+00
7.575032014128497693e-01 -9.513979412204310064e-04 0.000000000000000000e+00 3.135723127173256075e-01 3.423104542856189036e-01 0.000000000000000000e+00
5.032761968672774255e-01 -1.298920143152480604e-03 0.000000000000000000e+00 1.050390686940934765e-01 1.102370273569095005e+00 0.000000000000000000e+00
5.848277558216992134e-01 3.024306077605364018e-03 0.000000000000000000e+00 -3.512884900816935496e-01 7.989718422251411711e-01 0.000000000000000000e+00
5.814996893348927109e-01 3.757390638819006583e-03 0.000000000000000000e+00 3.383051980533178793e-01 8.142159853284511861e-01 0.000000000000000000e+00
5.052317102138943472e-01 -3.540958336368822852e-03 0.000000000000000000e+00 -1.104533576180383725e-01 1.095718979912668756e+00 0.000000000000000000e+00
7.692598104135233150e-01 -2.448450074454301684e-04 0.000000000000000000e+00 -3.031346526786117268e-01 3.183307309885087255e-01 0.000000000000000000e+00
7.308806261087725797e-01 1.817445753331736399e-03 0.000000000000000000e+00 3.163583462799498536e-01 4.143832175816024588e-01 0.000000000000000000e+00
5.429767146833037739e-01 -3.087046548540216262e-04 0.000000000000000000e+00 2.006281200078793570e-01 9.682411799126788843e-01 0.000000000000000000e+00
5.298473581751457218e-01 -4.365126153412337076e-05 0.000000000000000000e+00 -1.330900568354415614e-01 1.018361104161044528e+00 0.000000000000000000e+00
6.617705394435993149e-01 -2.307974361159077434e-03 0.000000000000000000e+00 -3.392415077365790177e-01 5.879205596716817750e-01 0.000000000000000000e+00
6.741120344329173397e-01 -9.256463474301163813e-04 0.000000000000000000e+00 3.439378610613469389e-01 5.510992398505897283e-01 0.000000000000000000e+00
5.277365230138916230e-01 2.709356966241918512e-03 0.000000000000000000e+00 1.335209902078655086e-01 1.024569629168622154e+00 0.000000000000000000e+00
5.447452526050069466e-01 -2.667054743805128900e-03 0.000000000000000000e+00 -2.138496825296132275e-01 9.601886353537454344e-01 0.000000000000000000e+00
7.746598134639435251e-01 -9.270873799375814461e-04 0.000000000000000000e+00 -2.831452375437488733e-01 3.214423815571038068e-01 0.000000000000000000e+00
7.063882782040173947e-01 1.723048214120812688e-03 0.000000000000000000e+00 -2.749033012391426389e-01 5.056542611892740346e-01 0.000000000000000000e+00
6.200157358737263813e-01 -3.592548171951750243e-03 0.000000000000000000e+00 -1.598803091280770472e-01 7.647194449153233986e-01 0.000000000000000000e+00
5.976145488474109424e-01 -3.991353697246102002e-04 0.000000000000000000e+00 2.850147717937445008e-02 8.384640201315325392e-01 0.000000000000000000e+00
6.362327078167268057e-01 -2.326451555982641216e-03 0.000000000000000000e+00 2.069777109691689487e-01 7.112203335843571006e-01 0.000000000000000000e+00
7.456202790045305395e-01 1.815349907383887384e-03 0.000000000000000000e+00 2.781958332801960920e-01 4.027506638476556211e-01 0.000000000000000000e+00
6.814313023907190292e-01 1.306412809766985955e-03 0.000000000000000000e+00 3.097788370021540283e-01 5.514989693402021498e-01 0.000000000000000000e+00
5.930439776144608155e-01 1.487718866692917807e-03 0.000000000000000000e+00 2.537212725981086714e-01 8.122656784996005186e-01 0.000000000000000000e+00
5.493848991989309649e-01 4.222473512217536640e-03 0.000000000000000000e+00 1.055602950108398830e-01 9.646806510632119913e-01 0.000000000000000000e+00
5.444500117809721873e-01 4.108229236023585793e-03 0.000000000000000000e+00 -7.427442661803497492e-02 9.817226745587923631e-01 0.000000000000000000e+00
5.802201254127370422e-01 -3.364348695833130343e-03 0.000000000000000000e+00 -2.259825733282152249e-01 8.558113857369973321e-01 0.000000000000000000e+00
6.578999209757512290e-01 -4.098720000409398351e-04 0.000000000000000000e+00 -3.085684225193217056e-01 6.149576998297279218e-01 0.000000000000000000e+00
7.500666843650726223e-01 -7.421024738689281641e-04 0.000000000000000000e+00 -2.794219375982238684e-01 3.902832656599832806e-01 0.000000000000000000e+00
6.420166583464909094e-01 2.911479825086250861e-04 0.000000000000000000e+00 -2.168115877079210274e-01 6.934008874282524548e-01 0.000000000000000000e+00
5.981604183478657077e-01 3.062189121980337173e-04 0.000000000000000000e+00 -4.798948473137878284e-02 8.361435496247103805e-01 0.000000000000000000e+00
6.130577903292745434e-01 7.806737720872074932e-04 0.000000000000000000e+00 1.416238185105392344e-01 7.863269016231224651e-01 0.000000000000000000e+00
6.895631331276972364e-01 -4.758106319949243976e-04 0.000000000000000000e+00 2.671837206070113435e-01 5.525684056955957324e-01 0.000000000000000000e+00
7.841572484578002156e-01 -3.030169618308288775e-04 0.000000000000000000e+00 2.766822658349477049e-01 3.009773650205183060e-01 0.000000000000000000e+00
5.378109358109302018e-01 1.776931460524722346e-03 0.000000000000000000e+00 2.051775403378667817e-01 9.825321403373026286e-01 0.000000000000000000e+00
5.293803311618598961e-01 2.646208453488403233e-03 0.000000000000000000e+00 -1.756057399399061358e-01 1.013276885098445490e+00 0.000000000000000000e+00
7.337017422716864967e-01 1.222196341314596424e-03 0.000000000000000000e+00 -3.203752185823525167e-01 4.034798213506309850e-01 0.000000000000000000e+00
7.287333386408777480e-01 4.923411684601610577e-04 0.000000000000000000e+00 3.207376014674786502e-01 4.169409416286870007e-01 0.000000000000000000e+00
5.365350611394572589e-01 4.931842834807387797e-03 0.000000000000000000e+00 1.794181555921419147e-01 9.912699712563985965e-01 0.000000000000000000e+00
-9.497002171410837690e-01 -4.078111375473581629e-05 0.000000000000000000e+00 -3.885482735902275053e-02 8.718671104597311428e-02 0.000000000000000000e+00
5.325563480459725163e-01 4.798393738948717943e-03 0.000000000000000000e+00 -1.781707062108701389e-01 1.003301023260699143e+00 0.000000000000000000e+00
7.159495393152787157e-01 -1.400686276844202022e-03 0.000000000000000000e+00 -3.280241340082207246e-01 4.466924600714438087e-01 0.000000000000000000e+00
7.024742684956162275e-01 1.678214395478050402e-03 0.000000000000000000e+00 3.295685659065611395e-01 4.825713621907882778e-01 0.000000000000000000e+00
5.407080251932128157e-01 -2.790635389323175772e-03 0.000000000000000000e+00 1.878591570083325835e-01 9.774361089751806286e-01 0.000000000000000000e+00
5.315136547803156475e-01 4.779259208934224200e-03 0.000000000000000000e+00 -1.418100382056994291e-01 1.012170810351033179e+00 0.000000000000000000e+00
6.560117082385092946e-01 2.152327343775715680e-03 0.000000000000000000e+00 -3.403034859954741642e-01 6.031806695628314507e-01 0.000000000000000000e+00
6.874564323753503681e-01 1.665317976503511658e-03 0.000000000000000000e+00 3.410876404703186981e-01 5.160893149043752626e-01 0.000000000000000000e+00
5.261881859287831364e-01 -6.979239983927517516e-04 0.000000000000000000e+00 1.411370337349609205e-01 1.028199344294989714e+00 0.000000000000000000e+00
5.452636484296765618e-01 -4.149503171268015093e-03 0.000000000000000000e+00 -2.196616594517547538e-01 9.573264672524386398e-01 0.000000000000000000e+00
8.741430183617477923e-01 -1.139591888856907910e-04 0.000000000000000000e+00 2.268440834367203840e-01 6.280496092366319449e-02 0.000000000000000000e+00
7.950543836563237488e-01 -8.215831116975564480e-04 0.000000000000000000e+00 -2.655687296881196202e-01 2.810630094687387448e-01 0.000000000000000000e+00
6.575903454506314416e-01 1.762230996089833926e-03 0.000000000000000000e+00 -2.360740411687061724e-01 6.470443614010537026e-01 0.000000000000000000e+00
6.020309152246562379e-01 -3.901844462739069083e-03 0.000000000000000000e+00 -6.137664419125413162e-02 8.251081240773709968e-01 0.000000000000000000e+00
6.146828431066699849e-01 -7.309834945281312724e-04 0.000000000000000000e+00 1.403493227973613144e-01 7.823395518443574392e-01 0.000000000000000000e+00
7.029988869437990839e-01 1.231521580504539581e-03 0.000000000000000000e+00 2.688395989650954609e-01 5.175257321728732318e-01 0.000000000000000000e+00
8.041635374906471734e-01 4.111202622951843320e-04 0.000000000000000000e+00 2.668707654756451997e-01 2.539571347363337450e-01 0.000000000000000000e+00
8.196673303587685977e-01 2.110669928248546517e-04 0.000000000000000000e+00 -2.821844562933777389e-01 1.855807414006822031e-01 0.000000000000000000e+00
5.775859818793478428e-01 -2.749297694043398646e-03 0.000000000000000000e+00 2.804849222421965105e-01 8.470402842466784321e-01 0.000000000000000000e+00
5.246242613437512858e-01 -4.295383458417545951e-03 0.000000000000000000e+00 4.680873026347513038e-03 1.042423560292700557e+00 0.000000000000000000e+00
5.767946267655686965e-01 4.069755316755732308e-03 0.000000000000000000e+00 -2.810056012263625336e-01 8.491033321349277241e-01 0.000000000000000000e+00
8.205114672983004898e-01 -8.631863547543710061e-04 0.000000000000000000e+00 2.815907699242580220e-01 1.834713321173848111e-01 0.000000000000000000e+00
8.033341864299626822e-01 9.559625603901573260e-04 0.000000000000000000e+00 -2.656652272923399893e-01 2.576026654879273736e-01 0.000000000000000000e+00
6.849130200095840948e-01 -6.046773447813888480e-04 0.000000000000000000e+00 -2.609479010295906454e-01 5.673518596253934732e-01 0.000000000000000000e+00
6.097424535358844100e-01 -1.795336941179222906e-03 0.000000000000000000e+00 -1.195197556329640476e-01 7.985795608741335094e-01 0.000000000000000000e+00
6.029941772775790909e-01 2.677155777709059985e-03 0.000000000000000000e+00 7.818776875856664477e-02 8.211879508436761288e-01 0.000000000000000000e+00
6.610834769725304483e-01 -3.006350499915769019e-03 0.000000000000000000e+00 2.431705130328568054e-01 6.354653562675365297e-01 0.000000000000000000e+00
7.916464167167045485e-01 6.964411772063738241e-04 0.000000000000000000e+00 2.681464367661762216e-01 2.880995297896264962e-01 0.000000000000000000e+00
5.442319446735133237e-01 2.436185334735699662e-03 0.000000000000000000e+00 2.187466372099306500e-01 9.605995387705603683e-01 0.000000000000000000e+00
5.271756828656104510e-01 -3.409944412435034732e-03 0.000000000000000000e+00 -1.391631796935184351e-01 1.025483458148566118e+00 0.000000000000000000e+00
6.873554154053020948e-01 7.893104604437860619e-04 0.000000000000000000e+00 -3.423872279357214610e-01 5.155126947365440415e-01 0.000000000000000000e+00
6.582854717789943244e-01 -1.225497416109798399e-03 0.000000000000000000e+00 3.394209348108719881e-01 5.974214698270707835e-01 0.000000000000000000e+00
5.334005393107554838e-01 3.848716272621115209e-03 0.000000000000000000e+00 1.367401313531023122e-01 1.007309020510630981e+00 0.000000000000000000e+00
5.409266323191703751e-01 -2.503245829191268028e-03 0.000000000000000000e+00 -1.785204229301868561e-01 9.785482169074450898e-01 0.000000000000000000e+00
6.941180372598345638e-01 2.223615184664134645e-03 0.000000000000000000e+00 -3.343487123369186520e-01 5.022289629037428593e-01 0.000000000000000000e+00
7.083227953595765403e-01 -7.196731327913609075e-04 0.000000000000000000e+00 3.320671315723632278e-01 4.647800828731589728e-01 0.000000000000000000e+00
5.344321151235893463e-01 3.264718555305070810e-03 0.000000000000000000e+00 1.687841574123615518e-01 9.993921084595149829e-01 0.000000000000000000e+00
-9.507711355928334385e-01 -3.486035291305577925e-04 0.000000000000000000e+00 2.970562382991305539e-02 8.884471704673499448e-02 0.000000000000000000e+00
5.358069188262011284e-01 -8.572240625599313740e-04 0.000000000000000000e+00 -1.797226883628160743e-01 9.934351166700443603e-01 0.000000000000000000e+00
7.202287449994241308e-01 -1.483476645905501892e-03 0.000000000000000000e+00 -3.249847213990224581e-01 4.371565545922591056e-01 0.000000000000000000e+00
7.151234589390285112e-01 -9.350530454510612433e-04 0.000000000000000000e+00 3.274152697561750758e-01 4.494159534350855578e-01 0.000000000000000000e+00
5.371936368260747940e-01 -4.372570993010267866e-03 0.000000000000000000e+00 1.886868769434942583e-01 9.876128859576949193e-01 0.000000000000000000e+00
-9.347408642414272162e-01 -3.698340565661158152e-05 0.000000000000000000e+00 -1.065635477213041915e-01 5.726336769993407155e-02 0.000000000000000000e+00
5.334157843517489672e-01 -4.490290286697581554e-03 0.000000000000000000e+00 -1.537154062031936830e-01 1.004799900872841434e+00 0.000000000000000000e+00
6.865407484565608787e-01 6.731374307185859903e-04 0.000000000000000000e+00 -3.390211182274202040e-01 5.199757431607783253e-01 0.000000000000000000e+00
6.787951856323316546e-01 -2.944245864636505904e-04 0.000000000000000000e+00 3.384015136624972664e-01 5.416624382438123275e-01 0.000000000000000000e+00
5.348593842671522935e-01 -9.408845070284312974e-04 0.000000000000000000e+00 1.600869576649487092e-01 9.995849082198042801e-01 0.000000000000000000e+00
-9.505293424311470618e-01 -2.130623826670187057e-04 0.000000000000000000e+00 3.682701755152441303e-02 8.657768320456200872e-02 0.000000000000000000e+00
5.367894006864386558e-01 1.352811601830203499e-03 0.000000000000000000e+00 -1.709664534168763295e-01 9.920737281364024884e-01 0.000000000000000000e+00
6.901677839176039164e-01 -1.758082946554973512e-03 0.000000000000000000e+00 -3.345096823648309181e-01 5.129538952073139368e-01 0.000000000000000000e+00
6.959535405898340521e-01 2.300398546770133015e-03 0.000000000000000000e+00 3.339927360795648115e-01 4.974331201619333620e-01 0.000000000000000000e+00
5.357671744418113224e-01 4.540509287794508575e-03 0.000000000000000000e+00 1.633559210959784069e-01 9.963195645171118997e-01 0.000000000000000000e+00
-9.520416440265864200e-01 2.028352745770123366e-04 0.000000000000000000e+00 1.546899826411063383e-02 9.026062691048425402e-02 0.000000000000000000e+00
5.365932366171113355e-01 -4.448161089648880288e-03 0.000000000000000000e+00 -1.675932574659074192e-01 9.931790371706823439e-01 0.000000000000000000e+00
6.995977416215907185e-01 -1.214859134389063670e-03 0.000000000000000000e+00 -3.332115999669901241e-01 4.879704166823514155e-01 0.000000000000000000e+00
6.933400871801425058e-01 -1.084588117079851284e-03 0.000000000000000000e+00 3.351655189725595285e-01 5.038283334090611909e-01 0.000000000000000000e+00
5.374174826225217583e-01 -2.379861964257203207e-03 0.000000000000000000e+00 1.764459169488165058e-01 9.892493225221228315e-01 0.000000000000000000e+00
-9.448395760566354884e-01 -5.828999491838790688e-05 0.000000000000000000e+00 -7.076766052146288288e-02 7.572403563871490939e-02 0.000000000000000000e+00
5.339275751128851333e-01 1.760151902197052039e-03 0.000000000000000000e+00 -1.569466198559025250e-01 1.002832208483905196e+00 0.000000000000000000e+00
6.753363152132811909e-01 7.878139679001784634e-04 0.000000000000000000e+00 -3.394213078392720462e-01 5.505317609823573433e-01 0.000000000000000000e+00
6.852089255732346507e-01 9.000137291360083697e-04 0.000000000000000000e+00 3.386987265181469198e-01 5.238490807552194095e-01 0.000000000000000000e+00
5.319651976688142270e-01 4.761682065909204897e-04 0.000000000000000000e+00 1.541337846089185504e-01 1.009092259505078415e+00 0.000000000000000000e+00
5.380025538128314633e-01 4.435906182005197249e-03 0.000000000000000000e+00 -1.934664897968146335e-01 9.842931451370398044e-01 0.000000000000000000e+00
7.237127122621086484e-01 -1.006985538429024628e-03 0.000000000000000000e+00 -3.221031855288450374e-01 4.297287576105503493e-01 0.000000000000000000e+00
7.337934804877495054e-01 -1.678986621449306445e-03 0.000000000000000000e+00 3.210960623115611812e-01 4.026535029828502976e-01 0.000000000000000000e+00
5.288011655792881349e-01 4.033588154967605865e-03 0.000000000000000000e+00 1.649637577828096946e-01 1.016770880300108093e+00 0.000000000000000000e+00
5.386971651984611142e-01 1.351881041928350204e-03 0.000000000000000000e+00 -2.178197413751669087e-01 9.771796673631145680e-01 0.000000000000000000e+00
8.413460855791912163e-01 2.268603062463624229e-04 0.000000000000000000e+00 2.657279762930357392e-01 1.302415427259364655e-01 0.000000000000000000e+00
7.961171545007466044e-01 2.391913828503023851e-04 0.000000000000000000e+00 -2.715277078973509783e-01 2.722972351067915464e-01 0.000000000000000000e+00
7.012211356943529594e-01 -2.394236794938123681e-03 0.000000000000000000e+00 -2.683150463537262720e-01 5.223128873927521676e-01 0.000000000000000000e+00
6.145690346879202348e-01 1.604771319105155556e-03 0.000000000000000000e+00 -1.441257337187451526e-01 7.819455678817113231e-01 0.000000000000000000e+00
6.005057266616147249e-01 3.300035166433963607e-03 0.000000000000000000e+00 5.377831403455482495e-02 8.296301685636486845e-01 0.000000000000000000e+00
6.513942375963870379e-01 -3.764570329828943740e-04 0.000000000000000000e+00 2.279714375534833137e-01 6.657367637901367985e-01 0.000000000000000000e+00
7.775328558233974841e-01 6.082182298398600313e-04 0.000000000000000000e+00 2.724803449101477204e-01 3.228124596621212983e-01 0.000000000000000000e+00
5.775890799384418850e-01 4.031572095251815743e-03 0.000000000000000000e+00 2.609069933510607120e-01 8.532449460030377963e-01 0.000000000000000000e+00
5.282577226768043754e-01 -1.823907482984942884e-03 0.000000000000000000e+00 1.131537544211467031e-02 1.031640483048194668e+00 0.000000000000000000e+00
5.703201789050853510e-01 -1.198805134449535976e-03 0.000000000000000000e+00 -2.501940068641405612e-01 8.770865477864104864e-01 0.000000000000000000e+00
7.533434126635103478e-01 2.052241567019365276e-04 0.000000000000000000e+00 -2.941922026588216221e-01 3.704251750841101032e-01 0.000000000000000000e+00
7.210358130179573832e-01 -7.504283999657794958e-04 0.000000000000000000e+00 -2.763857705627102979e-01 4.673292609378616458e-01 0.000000000000000000e+00
6.243554824901903499e-01 -1.033039606593162555e-03 0.000000000000000000e+00 -1.741308604849468034e-01 7.503971389878002496e-01 0.000000000000000000e+00
5.976374050254738002e-01 -3.455962942334970395e-04 0.000000000000000000e+00 1.573866997210736363e-02 8.387440037618723032e-01 0.000000000000000000e+00
6.332796108065577023e-01 -2.605312870628572960e-03 0.000000000000000000e+00 2.000234157722691197e-01 7.207985248471997508e-01 0.000000000000000000e+00
