-1.075556117297471914e+00 -1.557759814306129177e-04 0.000000000000000000e+00 -3.259355257499076987e-03 1.322553203018356216e-01 0.000000000000000000e+00
-1.077683098668894335e+00 -4.059650642383085678e-04 0.000000000000000000e+00 2.223205083592310824e-02 1.338540875593335899e-01 0.000000000000000000e+00
9.363950947384419576e-01 4.781789513130033087e-04 0.000000000000000000e+00 7.947172003506737525e-02 1.142809971609375225e-01 0.000000000000000000e+00
9.562268578018496834e-01 4.637441854743478862e-05 0.000000000000000000e+00 -7.713018560952200620e-02 9.852981192207085903e-02 0.000000000000000000e+00
1.032381216095437537e+00 -3.847464884461978141e-05 0.000000000000000000e+00 1.129960965713979471e-01 5.825778191845397413e-02 0.000000000000000000e+00
-1.354988938041258084e+00 3.265405619095225476e-04 0.000000000000000000e+00 1.956884193515772141e-01 5.242474758661977985e-01 0.000000000000000000e+00
-1.579557546903946008e+00 3.172280347697453706e-03 0.000000000000000000e+00 1.145596809648706110e-01 8.655322590406627770e-01 0.000000000000000000e+00
-1.659008098613318882e+00 -2.914103298309288215e-03 0.000000000000000000e+00 1.800302928813477671e-03 9.792491643999101658e-01 0.000000000000000000e+00
-1.589700035594491467e+00 -3.664540000740311443e-03 0.000000000000000000e+00 -1.077323547244989355e-01 8.801883402615033880e-01 0.000000000000000000e+00
-1.372709685922749223e+00 -2.351030067454988257e-03 0.000000000000000000e+00 -1.936422360056657688e-01 5.521914095407611800e-01 0.000000000000000000e+00
1.020531594339082471e+00 4.427925227224688374e-04 0.000000000000000000e+00 7.198964992641393446e-02 1.283712245446712585e-01 0.000000000000000000e+00
-1.669247751564634674e+00 -5.626342174254450601e-04 0.000000000000000000e+00 1.353686177818574921e-01 9.835063986671712666e-01 0.000000000000000000e+00
-1.638868101358917695e+00 1.736546843804455398e-03 0.000000000000000000e+00 -1.508039779044814122e-01 9.405222658604269759e-01 0.000000000000000000e+00
-1.921926016450239860e+00 5.959093472869195565e-03 0.000000000000000000e+00 5.613893702095816562e-02 1.316194431806652076e+00 0.000000000000000000e+00
-1.707313999294599594e+00 2.139398316102228415e-03 0.000000000000000000e+00 1.889533535575743106e-01 1.025536905652891129e+00 0.000000000000000000e+00
-1.320189903585462954e+00 -6.451311336503999516e-05 0.000000000000000000e+00 -2.580846136045202854e-01 4.385656316397675281e-01 0.000000000000000000e+00
-1.795258991085927791e+00 9.842841488996237342e-04 0.000000000000000000e+00 -1.481018361012575446e-01 1.147230257889301663e+00 0.000000000000000000e+00
-1.944195222260879152e+00 -5.209225684885361585e-03 0.000000000000000000e+00 -1.970977147113032318e-02 1.345102100050878269e+00 0.000000000000000000e+00
-1.821183212937512952e+00 3.916433975613739515e-03 0.000000000000000000e+00 1.269109364845502075e-01 1.183161749622192893e+00 0.000000000000000000e+00
-1.363377955574504252e+00 -1.649889385844136025e-03 0.000000000000000000e+00 2.553031627465981446e-01 5.115388985068762828e-01 0.000000000000000000e+00
-1.713225722424700947e+00 -2.713045864706338517e-03 0.000000000000000000e+00 -1.801832082437295202e-01 1.034961408333432864e+00 0.000000000000000000e+00
-1.918316234917776919e+00 -8.153131848774863855e-04 0.000000000000000000e+00 -3.026040317317646097e-02 1.312505435090451700e+00 0.000000000000000000e+00
-1.782979839146232814e+00 -2.046342218639488064e-03 0.000000000000000000e+00 1.293766566015189801e-01 1.133610048479588794e+00 0.000000000000000000e+00
-1.228777570767616734e+00 1.531659028557942788e-04 0.000000000000000000e+00 -2.383711621268964631e-01 2.860758870354089267e-01 0.000000000000000000e+00
-1.807278946173190626e+00 8.520181937631864447e-04 0.000000000000000000e+00 -1.146320771645907566e-01 1.166543811964857014e+00 0.000000000000000000e+00
-1.951126160400363352e+00 4.830414929400336094e-03 0.000000000000000000e+00 3.586708584635207864e-02 1.353419016643724992e+00 0.000000000000000000e+00
-1.798047396484504068e+00 1.269156168055250722e-04 0.000000000000000000e+00 1.548429302287323561e-01 1.149950908696670160e+00 0.000000000000000000e+00
-1.375631950520188607e+00 -1.050100562011652486e-03 0.000000000000000000e+00 2.608982083176085154e-01 5.284677731218097030e-01 0.000000000000000000e+00
-1.658400844041533650e+00 3.722695171977381812e-03 0.000000000000000000e+00 -2.078129476375265572e-01 9.561259622173630124e-01 0.000000000000000000e+00
-1.905547812327263779e+00 6.747912236777092732e-05 0.000000000000000000e+00 -8.567639861186600314e-02 1.293988940639934970e+00 0.000000000000000000e+00
-2.034455896170292100e+00 6.061211237801331086e-03 0.000000000000000000e+00 1.313350306344033408e-02 1.457051830772364109e+00 0.000000000000000000e+00
-1.954403713648433349e+00 -3.434494754252781501e-04 0.000000000000000000e+00 8.384284474546496724e-02 1.355382463435528706e+00 0.000000000000000000e+00
-1.802875624886547179e+00 4.498299010788161904e-03 0.000000000000000000e+00 1.764874250000232903e-01 1.153100063614698190e+00 0.000000000000000000e+00
-1.517021426984136001e+00 -1.846031449189516893e-03 0.000000000000000000e+00 2.553946462972725984e-01 7.453801806328105295e-01 0.000000000000000000e+00
-1.424524805149853357e+00 6.984142378007162505e-04 0.000000000000000000e+00 -2.670325501971227422e-01 6.025285115836710448e-01 0.000000000000000000e+00
-1.756083924706854482e+00 4.582597032459587855e-04 0.000000000000000000e+00 -1.921306363976625908e-01 1.089443885649770571e+00 0.000000000000000000e+00
-1.931064603078552100e+00 2.762514585488007671e-03 0.000000000000000000e+00 -1.008688343574574570e-01 1.324993949911504654e+00 0.000000000000000000e+00
-2.014014480166228083e+00 1.773034539814232965e-03 0.000000000000000000e+00 -1.924023536383048794e-02 1.431780427789210552e+00 0.000000000000000000e+00
-1.823251169506287184e+00 -2.077124566136109851e-03 0.000000000000000000e+00 1.034350252690610927e-01 1.188092341699222398e+00 0.000000000000000000e+00
-1.313227883086971470e+00 -1.516629966654779033e-03 0.000000000000000000e+00 2.502722526923912838e-01 4.312934734063030850e-01 0.000000000000000000e+00
-1.760203429213553106e+00 -2.995471499802129789e-03 0.000000000000000000e+00 -1.462203658765524605e-01 1.101930140986360218e+00 0.000000000000000000e+00
-1.909779793975698636e+00 3.454970585129134297e-03 0.000000000000000000e+00 2.279618466220714040e-02 1.301944914923552021e+00 0.000000000000000000e+00
-1.701091331485817593e+00 -6.132927694791900919e-04 0.000000000000000000e+00 1.781159810875952432e-01 1.019205567443381089e+00 0.000000000000000000e+00
-1.422215489465648020e+00 -2.635416971930485547e-03 0.000000000000000000e+00 -2.508054678482688482e-01 6.059333498051026057e-01 0.000000000000000000e+00
-1.844440306052800072e+00 -6.992745169587255560e-04 0.000000000000000000e+00 -9.998952343033847001e-02 1.215472902150982915e+00 0.000000000000000000e+00
-2.021805559613321535e+00 -3.135515144149503275e-04 0.000000000000000000e+00 1.710484719873046205e-02 1.441418567783776084e+00 0.000000000000000000e+00
-1.942401117739515293e+00 5.990627073932105334e-03 0.000000000000000000e+00 1.004823824125119780e-01 1.339245663440888023e+00 0.000000000000000000e+00
-1.782931314665497702e+00 -3.635849355688797885e-03 0.000000000000000000e+00 1.807983240556366167e-01 1.126494069508440221e+00 0.000000000000000000e+00
-1.483934480470168182e+00 7.699781805675307012e-04 0.000000000000000000e+00 2.622026492440178713e-01 6.943872701384944390e-01 0.000000000000000000e+00
-1.450084783469461680e+00 -1.899751314773753808e-03 0.000000000000000000e+00 -2.665770126374463755e-01 6.418816597811068947e-01 0.000000000000000000e+00
-1.764365810239891807e+00 -2.818186669526517862e-03 0.000000000000000000e+00 -1.921171945255629177e-01 1.100323036618504613e+00 0.000000000000000000e+00
-1.934064083781249055e+00 2.051224630702595114e-03 0.000000000000000000e+00 -1.012570431276909877e-01 1.328727317051432877e+00 0.000000000000000000e+00
-2.015789441351230948e+00 -2.202095528967855029e-03 0.000000000000000000e+00 -2.404758725331567620e-02 1.433899773686849510e+00 0.000000000000000000e+00
-1.784513002058649267e+00 -2.966910835494726909e-03 0.000000000000000000e+00 1.119567817874697474e-01 1.137448448654158728e+00 0.000000000000000000e+00
-1.287212539692461188e+00 3.543147903528262588e-05 0.000000000000000000e+00 -2.447967568886181833e-01 3.896906394353130687e-01 0.000000000000000000e+00
-1.824923762735543686e+00 2.164836597891000441e-03 0.000000000000000000e+00 -7.963711304636716948e-02 1.192065011652967854e+00 0.000000000000000000e+00
-1.478634641503540070e+00 -2.121931009226234871e-03 0.000000000000000000e+00 1.851057287261747564e-01 7.111928063801371547e-01 0.000000000000000000e+00
-1.713659314670201050e+00 -2.632189459558995082e-04 0.000000000000000000e+00 -7.693160316834491905e-04 1.051095028864793335e+00 0.000000000000000000e+00
-1.474134676243345599e+00 -2.893178765846438072e-03 0.000000000000000000e+00 -1.888969191553314664e-01 7.037202177702643890e-01 0.000000000000000000e+00
-1.808062474997984115e+00 -4.970146720458871320e-03 0.000000000000000000e+00 8.197078249689326856e-02 1.170308887762909311e+00 0.000000000000000000e+00
-1.132856759377219635e+00 3.340696822991785168e-04 0.000000000000000000e+00 1.921007783968861626e-01 1.143335952849359460e-01 0.000000000000000000e+00
-1.156675504020671319e+00 -2.551921337148329401e-04 0.000000000000000000e+00 -2.069340616050204806e-01 1.591379626660082702e-01 0.000000000000000000e+00
-1.809745115937412940e+00 1.971899066451461568e-03 0.000000000000000000e+00 -8.234092567132811347e-02 1.172435037035744365e+00 0.000000000000000000e+00
-1.512462115035257071e+00 3.486153333410957345e-03 0.000000000000000000e+00 1.829681867534662665e-01 7.599433228022880460e-01 0.000000000000000000e+00
-1.724009854681821663e+00 -3.184229567104950032e-03 0.000000000000000000e+00 -3.349509089233962400e-02 1.064078110269808697e+00 0.000000000000000000e+00
-1.303078341603910895e+00 -2.232491731363045722e-04 0.000000000000000000e+00 -2.206914023205390762e-01 4.304151812452655657e-01 0.000000000000000000e+00
-1.703113797551190967e+00 2.705318638283008004e-03 0.000000000000000000e+00 7.981615183045494277e-02 1.034230317682074851e+00 0.000000000000000000e+00
-1.597570111685171046e+00 1.556294053973863306e-03 0.000000000000000000e+00 -1.496094906841373695e-01 8.847810068352091051e-01 0.000000000000000000e+00
-1.129816516364092749e+00 -5.734968230008416837e-04 0.000000000000000000e+00 -5.210050814811288677e-02 2.124509195187796740e-01 0.000000000000000000e+00
9.811338247840203364e-01 -8.651733261787046027e-05 0.000000000000000000e+00 2.288207732558703716e-02 1.521844194552594565e-01 0.000000000000000000e+00
9.291954797077510708e-01 2.718353077696449493e-04 0.000000000000000000e+00 -1.247782351810148571e-01 7.894319440867049453e-02 0.000000000000000000e+00
8.564319900420538367e-01 3.434400796667165610e-04 0.000000000000000000e+00 1.280746835425675412e-01 2.349291516748281405e-01 0.000000000000000000e+00
6.326141095704129746e-01 2.682300533824825799e-03 0.000000000000000000e+00 -1.249017816593243208e-01 7.391875255237125852e-01 0.000000000000000000e+00
6.565765531510598940e-01 -3.180944143090287668e-03 0.000000000000000000e+00 1.896653680685044807e-01 6.646298614349719358e-01 0.000000000000000000e+00
7.465203454852180620e-01 2.102449569493034486e-03 0.000000000000000000e+00 -2.331428461066157865e-01 4.281767614315956649e-01 0.000000000000000000e+00
6.636314280844566316e-01 -7.184063347467680577e-04 0.000000000000000000e+00 1.458749171730290284e-01 6.583602597317823601e-01 0.000000000000000000e+00
6.781391659423920970e-01 -7.499999779739946471e-05 0.000000000000000000e+00 -1.710346783672874738e-01 6.169101124380244050e-01 0.000000000000000000e+00
7.315948952843296382e-01 -1.747388822010037838e-03 0.000000000000000000e+00 2.255175305200233793e-01 4.682847222289172051e-01 0.000000000000000000e+00
6.501187359332609716e-01 -2.294340310973212640e-03 0.000000000000000000e+00 -1.490110586178385044e-01 6.908532109170918423e-01 0.000000000000000000e+00
6.723482370487885440e-01 -9.652943834065298365e-04 0.000000000000000000e+00 1.966896216101818307e-01 6.234397321014407689e-01 0.000000000000000000e+00
6.975114871647247750e-01 1.967024957541724239e-03 0.000000000000000000e+00 -2.191567019500688940e-01 5.538003427011300994e-01 0.000000000000000000e+00
6.497999450832796509e-01 -2.948674984735371457e-03 0.000000000000000000e+00 1.400814626645736638e-01 6.935000280435804632e-01 0.000000000000000000e+00
7.184915462944039266e-01 -1.107029453357225718e-03 0.000000000000000000e+00 -2.165912932926178924e-01 5.039626434673238897e-01 0.000000000000000000e+00
6.854748681200699689e-01 3.528110806131669330e-05 0.000000000000000000e+00 1.835623053079245004e-01 5.955151424927136450e-01 0.000000000000000000e+00
6.595758740443956603e-01 1.986789663358267278e-03 0.000000000000000000e+00 -1.420492107569978624e-01 6.690757034333654207e-01 0.000000000000000000e+00
7.396201347816023786e-01 -5.712920443576173426e-04 0.000000000000000000e+00 2.322952520418454792e-01 4.454329484887691870e-01 0.000000000000000000e+00
6.583862011764409772e-01 -2.715351505549386604e-03 0.000000000000000000e+00 -1.832932606328676606e-01 6.619205526150269137e-01 0.000000000000000000e+00
6.384538417965750501e-01 2.182963514493301265e-03 0.000000000000000000e+00 1.343822779267069278e-01 7.228438700769584946e-01 0.000000000000000000e+00
8.021218746214956452e-01 -1.514091439363180348e-03 0.000000000000000000e+00 -1.988662633927681944e-01 3.148991595169765567e-01 0.000000000000000000e+00
7.725173006920593721e-01 -6.387662706390183874e-04 0.000000000000000000e+00 -1.640572845118367373e-01 4.004724549358652519e-01 0.000000000000000000e+00
7.122758350459852394e-01 1.529449861613104214e-03 0.000000000000000000e+00 4.583358764449119160e-02 5.604710234756927756e-01 0.000000000000000000e+00
8.583474302461839844e-01 9.758388650600645191e-06 0.000000000000000000e+00 1.762659727488127270e-01 1.965778106077041010e-01 0.000000000000000000e+00
-1.209605149240837285e+00 1.068201785366351339e-03 0.000000000000000000e+00 4.837215867826226423e-02 3.396611044155743997e-01 0.000000000000000000e+00
-1.199091257869663085e+00 -1.458657825410842462e-04 0.000000000000000000e+00 -5.258970134422434606e-02 3.226745071879162374e-01 0.000000000000000000e+00
-1.227723665969401967e+00 -8.954394828315950620e-04 0.000000000000000000e+00 1.069763255257266121e-01 3.549938364425072046e-01 0.000000000000000000e+00
-1.343773341390816611e+00 -2.172246490243017695e-03 0.000000000000000000e+00 8.725209482873703959e-03 5.432361191582685267e-01 0.000000000000000000e+00
-1.235912791936354616e+00 -1.315251981099589944e-03 0.000000000000000000e+00 -1.086611508198558340e-01 3.674738895371642000e-01 0.000000000000000000e+00
1.000933709181914821e+00 -1.736814421728136073e-03 0.000000000000000000e+00 2.334730004463943520e-01 5.335604470446991821e-02 0.000000000000000000e+00
9.422176687238184023e-01 4.415104186443002086e-04 0.000000000000000000e+00 2.320920887674986915e-02 1.313373682489844263e-01 0.000000000000000000e+00
9.727281154466520530e-01 -5.084873658797705578e-04 0.000000000000000000e+00 -5.328130346433453124e-02 1.226829606256479854e-01 0.000000000000000000e+00
9.835129039389136629e-01 -4.077274303629635629e-04 0.000000000000000000e+00 1.285170618957538757e-01 1.011231522215919332e-01 0.000000000000000000e+00
9.102115387719588169e-01 5.353838614477607338e-04 0.000000000000000000e+00 -1.062962357011792980e-01 1.385075867724119281e-01 0.000000000000000000e+00
8.553747079798650343e-01 4.013859916702443818e-04 0.000000000000000000e+00 7.178791728209661660e-02 2.597975006210845317e-01 0.000000000000000000e+00
7.768876223523756286e-01 -1.983515559976412393e-03 0.000000000000000000e+00 -3.119440599150450494e-02 4.225754803250040270e-01 0.000000000000000000e+00
9.115700131558532870e-01 -6.354422654520866954e-04 0.000000000000000000e+00 -1.431319598465376338e-03 1.724976065872252384e-01 0.000000000000000000e+00
8.368953457856259659e-01 -9.729539565120851746e-04 0.000000000000000000e+00 1.183564942277452181e-01 2.804061448681033353e-01 0.000000000000000000e+00
7.247909056038074338e-01 5.781779706245404084e-04 0.000000000000000000e+00 -7.620650096240880189e-02 5.291835141604706028e-01 0.000000000000000000e+00
7.969608559134069292e-01 -1.595006770743539679e-04 0.000000000000000000e+00 1.694967013489385443e-01 3.432334177304047218e-01 0.000000000000000000e+00
7.298753634234568244e-01 -2.085295979776012956e-04 0.000000000000000000e+00 1.846553811631110043e-01 4.898642025237606168e-01 0.000000000000000000e+00
6.586083711013395181e-01 -2.118145798886099732e-03 0.000000000000000000e+00 5.450631587210728879e-02 6.841321949964638272e-01 0.000000000000000000e+00
6.779438436780427235e-01 -1.923530142203503865e-03 0.000000000000000000e+00 -1.235613502558813581e-01 6.285995730310802720e-01 0.000000000000000000e+00
7.853624882394361073e-01 -7.957044460153103477e-04 0.000000000000000000e+00 -1.829490252330197020e-01 3.628152861717623967e-01 0.000000000000000000e+00
7.076045718845533905e-01 1.907455185361393510e-03 0.000000000000000000e+00 -6.769746379086769017e-02 5.687766921205222870e-01 0.000000000000000000e+00
7.200569784724846212e-01 -6.608744058525760356e-04 0.000000000000000000e+00 1.089205269863178505e-01 5.340777972958918873e-01 0.000000000000000000e+00
8.032300378827719189e-01 -6.937729050283233858e-04 0.000000000000000000e+00 1.905364008015034138e-01 3.174280739372061788e-01 0.000000000000000000e+00
6.336137011509570538e-01 -2.375357785677940058e-03 0.000000000000000000e+00 -4.976715964455707270e-02 7.455278026474527753e-01 0.000000000000000000e+00
7.851454298530513576e-01 -1.436725633611338118e-03 0.000000000000000000e+00 2.417704470538123429e-01 3.271274064514564373e-01 0.000000000000000000e+00
7.829081342097596874e-01 6.075682453402560940e-04 0.000000000000000000e+00 2.854680499752703104e-01 2.961771136964335138e-01 0.000000000000000000e+00
5.186300428847968602e-01 -4.611110612069832179e-03 0.000000000000000000e+00 1.696199165564876710e-01 1.046705650717520530e+00 0.000000000000000000e+00
5.478475336295027809e-01 -1.650734531881387079e-03 0.000000000000000000e+00 -2.675476657390224444e-01 9.374179647248332969e-01 0.000000000000000000e+00
6.824858865892606818e-01 5.250010720496047639e-04 0.000000000000000000e+00 3.705551797575911133e-01 5.096055467861168031e-01 0.000000000000000000e+00
4.910456795386495266e-01 -5.884583583583118116e-04 0.000000000000000000e+00 -7.453762289963423993e-03 1.145783831513438766e+00 0.000000000000000000e+00
6.989237758230029129e-01 -3.131271581701278867e-04 0.000000000000000000e+00 -3.625288742095842398e-01 4.685114310558669004e-01 0.000000000000000000e+00
5.554165111567345159e-01 -3.556220357919657148e-03 0.000000000000000000e+00 2.799445600427942216e-01 9.113725600168143259e-01 0.000000000000000000e+00
5.172246706107748171e-01 2.648232493343906022e-03 0.000000000000000000e+00 -1.236816157367677527e-01 1.057428104808814773e+00 0.000000000000000000e+00
6.989491203068080027e-01 -1.104139047594972743e-03 0.000000000000000000e+00 -3.432263776177880144e-01 4.827574146734148197e-01 0.000000000000000000e+00
6.341117610666209270e-01 -7.037901569240229659e-04 0.000000000000000000e+00 3.333901419202507377e-01 6.673299589787304864e-01 0.000000000000000000e+00
5.287354684414879991e-01 -4.033046272708720389e-03 0.000000000000000000e+00 1.123039767643666670e-01 1.024103920118224709e+00 0.000000000000000000e+00
5.473078811415391653e-01 4.351498663025914204e-04 0.000000000000000000e+00 -2.063744862468624708e-01 9.543324992383059868e-01 0.000000000000000000e+00
7.211906047822550514e-01 8.195527409394064849e-04 0.000000000000000000e+00 -3.208079735833538892e-01 4.375732873841549075e-01 0.000000000000000000e+00
7.690236580262996835e-01 1.563524742690922814e-03 0.000000000000000000e+00 3.033689476486767234e-01 3.187470052238907670e-01 0.000000000000000000e+00
5.048219272973227811e-01 3.538881370647423141e-03 0.000000000000000000e+00 1.081088016285915859e-01 1.097216336176235263e+00 0.000000000000000000e+00
5.814252825848951201e-01 2.157214085030216555e-04 0.000000000000000000e+00 -3.438747654760255790e-01 8.121184781211726600e-01 0.000000000000000000e+00
5.851269875565874301e-01 2.272860180221072252e-03 0.000000000000000000e+00 3.444678017621846111e-01 8.010615236883742440e-01 0.000000000000000000e+00
5.043361020796836014e-01 -5.200360502632076810e-03 0.000000000000000000e+00 -1.016725176821079435e-01 1.099297261120139702e+00 0.000000000000000000e+00
7.624715278460874046e-01 6.295739514551184930e-04 0.000000000000000000e+00 -3.092264882224777800e-01 3.320540387906810165e-01 0.000000000000000000e+00
7.027981116184293109e-01 -2.381313827934907618e-03 0.000000000000000000e+00 3.266146343921134676e-01 4.836627585839272658e-01 0.000000000000000000e+00
5.522277648964586394e-01 -2.554153812930259546e-03 0.000000000000000000e+00 2.115559418325134722e-01 9.388613980816138405e-01 0.000000000000000000e+00
5.298334781587101805e-01 -6.480764152279770360e-04 0.000000000000000000e+00 -7.495942461035055848e-02 1.024308896756652931e+00 0.000000000000000000e+00
6.064087027165542265e-01 -4.484946081528234756e-04 0.000000000000000000e+00 -3.079849743144370544e-01 7.557181290490160297e-01 0.000000000000000000e+00
7.689714580704654079e-01 4.166936454343172017e-05 0.000000000000000000e+00 3.170104146506208531e-01 3.053461808447993642e-01 0.000000000000000000e+00
8.601528385842539537e-01 1.843999761195725621e-04 0.000000000000000000e+00 -2.507572606499374746e-01 7.132370432064473464e-02 0.000000000000000000e+00
4.862461869917875656e-01 -2.099539118918807186e-03 0.000000000000000000e+00 4.000442288620133235e-02 1.160467198607562311e+00 0.000000000000000000e+00
6.860071858689411606e-01 -2.322337611001860057e-03 0.000000000000000000e+00 -3.732967243268929258e-01 4.974484320127003922e-01 0.000000000000000000e+00
5.339171720008780708e-01 5.518020792959002496e-04 0.000000000000000000e+00 2.451210329645913677e-01 9.850298928116212327e-01 0.000000000000000000e+00
-9.353260197718938906e-01 -1.567447427118337684e-04 0.000000000000000000e+00 -9.846183703408312171e-02 6.833480797588306621e-02 0.000000000000000000e+00
5.260220878461612237e-01 4.603429260478924048e-03 0.000000000000000000e+00 -2.269528648405232940e-01 1.013160613439048729e+00 0.000000000000000000e+00
7.103124952606507669e-01 -1.249820526255467600e-03 0.000000000000000000e+00 3.684463276020536471e-01 4.306290610645060468e-01 0.000000000000000000e+00
4.786480596674820287e-01 -6.689668694301780308e-04 0.000000000000000000e+00 -6.565440698373530004e-02 1.183995556165970076e+00 0.000000000000000000e+00
6.960911232621060929e-01 -4.442899151375859917e-04 0.000000000000000000e+00 3.984383320452001831e-01 4.470461679356602103e-01 0.000000000000000000e+00
4.697448289618710304e-01 4.962372922840512825e-03 0.000000000000000000e+00 -2.286163539172119119e-01 1.193442514209275052e+00 0.000000000000000000e+00
5.074289786602621533e-01 3.494913816624489918e-04 0.000000000000000000e+00 3.566376542718693310e-01 1.034810667383080141e+00 0.000000000000000000e+00
5.693254422845166474e-01 -6.436453262406195697e-05 0.000000000000000000e+00 -4.287534961969022840e-01 8.081103980079233917e-01 0.000000000000000000e+00
4.603074641696486280e-01 4.409818177838971225e-03 0.000000000000000000e+00 8.608917054885695253e-02 1.243991023804871254e+00 0.000000000000000000e+00
7.126338263253352290e-01 1.859452246640176318e-03 0.000000000000000000e+00 4.051866683001390523e-01 3.888031916373706487e-01 0.000000000000000000e+00
4.709170509326240373e-01 2.981034691575176060e-04 0.000000000000000000e+00 -3.413642802361023243e-01 1.162245886654696303e+00 0.000000000000000000e+00
4.402333023123549127e-01 1.747838548044021445e-03 0.000000000000000000e+00 1.577705732822061169e-01 1.307602904706337110e+00 0.000000000000000000e+00
6.001216031287814889e-01 2.744278010123224476e-03 0.000000000000000000e+00 4.749777928545944050e-01 6.835738693194324256e-01 0.000000000000000000e+00
5.105858151438767978e-01 4.715883809560868570e-03 0.000000000000000000e+00 -4.548064053652893790e-01 9.848581201614909908e-01 0.000000000000000000e+00
4.282131425552365700e-01 -4.911451580994088614e-03 0.000000000000000000e+00 -2.816233945688421253e-02 1.360316007110616399e+00 0.000000000000000000e+00
4.876531998167312754e-01 -3.656984435190776921e-03 0.000000000000000000e+00 4.154292915130949893e-01 1.079462795412404308e+00 0.000000000000000000e+00
6.539943685641373960e-01 -1.425552776297262653e-03 0.000000000000000000e+00 -4.525303352350104613e-01 5.306505205657631175e-01 0.000000000000000000e+00
4.489501820476229921e-01 -1.361745335488277926e-03 0.000000000000000000e+00 -1.621352507173442759e-01 1.275999128178166409e+00 0.000000000000000000e+00
4.904872224861576147e-01 2.811452011241961230e-03 0.000000000000000000e+00 3.589694151986149717e-01 1.090003222478784561e+00 0.000000000000000000e+00
6.247795625997586422e-01 -1.504234035428278493e-04 0.000000000000000000e+00 -4.511361999363311392e-01 6.231039759837664338e-01 0.000000000000000000e+00
4.511350883075995188e-01 -5.333214443554112026e-03 0.000000000000000000e+00 -5.182685674716448754e-02 1.277472117886291780e+00 0.000000000000000000e+00
5.537905139953951394e-01 -2.355398486856260902e-03 0.000000000000000000e+00 4.378375198063591545e-01 8.521085185527994543e-01 0.000000000000000000e+00
5.197823952518934032e-01 3.001383854907025209e-03 0.000000000000000000e+00 -4.059526555695580630e-01 9.758880103825517960e-01 0.000000000000000000e+00
4.528021446247242343e-01 -3.622827594414095541e-03 0.000000000000000000e+00 1.344510125044546256e-01 1.265670869173878055e+00 0.000000000000000000e+00
6.731746313572370966e-01 -4.544975916836776347e-04 0.000000000000000000e+00 4.375407789091858013e-01 4.831263310881538375e-01 0.000000000000000000e+00
4.793250528532128074e-01 3.971771864537546395e-03 0.000000000000000000e+00 -3.847761107861693564e-01 1.119289525623153203e+00 0.000000000000000000e+00
4.332629279635432651e-01 -2.801619989615105125e-03 0.000000000000000000e+00 1.036443837567561366e-01 1.338188018605265706e+00 0.000000000000000000e+00
5.525190677123912320e-01 1.327050422454817413e-03 0.000000000000000000e+00 4.714221532814471538e-01 8.381357899114063592e-01 0.000000000000000000e+00
-9.344878986480373850e-01 4.276655769572409137e-05 0.000000000000000000e+00 -3.897734937199813510e-02 1.148747497834530229e-01 0.000000000000000000e+00
5.436328109505913497e-01 1.716029436763020707e-03 0.000000000000000000e+00 -4.721781613167889136e-01 8.666525247302327983e-01 0.000000000000000000e+00
4.326782376409977759e-01 -2.512175646473861594e-03 0.000000000000000000e+00 -8.343008907434734667e-02 1.341738810005178362e+00 0.000000000000000000e+00
4.812601214117874782e-01 -3.942919755214924042e-03 0.000000000000000000e+00 3.912398303497471863e-01 1.110365560030329046e+00 0.000000000000000000e+00
6.651695396999499632e-01 2.356405716398741329e-03 0.000000000000000000e+00 -4.445195773471953826e-01 5.022157298284791738e-01 0.000000000000000000e+00
4.520687986925025492e-01 -6.981779221417235698e-04 0.000000000000000000e+00 -1.346917361634861476e-01 1.268254869969227094e+00 0.000000000000000000e+00
5.143499610777695352e-01 1.897717920970099382e-03 0.000000000000000000e+00 3.926991151829763993e-01 9.989634885688229993e-01 0.000000000000000000e+00
5.682696469184542742e-01 -1.935206266744734019e-03 0.000000000000000000e+00 -4.416694973856367668e-01 8.044277354788571532e-01 0.000000000000000000e+00
4.495852653716494451e-01 5.945519054386289547e-03 0.000000000000000000e+00 2.029462261564144235e-02 1.283740871528475935e+00 0.000000000000000000e+00
6.012321789105168346e-01 1.542236877372235408e-03 0.000000000000000000e+00 4.514102866788525792e-01 6.959234569461201225e-01 0.000000000000000000e+00
4.962089332525815299e-01 4.621758713843930264e-03 0.000000000000000000e+00 -3.804445713790211014e-01 1.063412806986464787e+00 0.000000000000000000e+00
4.506895885146697811e-01 9.759311148415461892e-04 0.000000000000000000e+00 1.555021936188916432e-01 1.270707214903574300e+00 0.000000000000000000e+00
6.653229287162489847e-01 1.796586266014112837e-03 0.000000000000000000e+00 4.446647870357206545e-01 5.016074532637084804e-01 0.000000000000000000e+00
4.839162797278455663e-01 3.908573589314894015e-03 0.000000000000000000e+00 -4.067219044908277903e-01 1.095610737378508892e+00 0.000000000000000000e+00
4.289014727516187730e-01 2.683628064595031983e-03 0.000000000000000000e+00 4.836402364055510106e-02 1.357286298539660985e+00 0.000000000000000000e+00
5.214016961515850479e-01 2.636042841210739854e-03 0.000000000000000000e+00 4.524439856340737864e-01 9.498616326944850918e-01 0.000000000000000000e+00
5.872411790276295118e-01 -2.542970156399461390e-03 0.000000000000000000e+00 -4.769075393520270101e-01 7.232782881557429100e-01 0.000000000000000000e+00
4.381707395374100922e-01 -1.489491017540853224e-03 0.000000000000000000e+00 -1.481298061563807444e-01 1.316172293736399324e+00 0.000000000000000000e+00
4.723562720255677916e-01 5.514638095855386654e-03 0.000000000000000000e+00 3.369889850347547178e-01 1.158436005553209691e+00 0.000000000000000000e+00
7.131945923015221567e-01 5.992061258652113965e-04 0.000000000000000000e+00 -4.070336159692511946e-01 3.850622633199993206e-01 0.000000000000000000e+00
4.593866911095263461e-01 1.893231744797649330e-03 0.000000000000000000e+00 -1.057301179614221764e-01 1.245688271441327100e+00 0.000000000000000000e+00
5.597949367194251513e-01 1.001377502656232085e-04 0.000000000000000000e+00 4.246188166547909537e-01 8.399557364958945005e-01 0.000000000000000000e+00
5.118313632238165045e-01 4.365968750155284697e-03 0.000000000000000000e+00 -3.765379699110762424e-01 1.013296295942840652e+00 0.000000000000000000e+00
4.674236197684816796e-01 1.455777095996676433e-03 0.000000000000000000e+00 1.987588102397286338e-01 1.206725210541817361e+00 0.000000000000000000e+00
7.232475257253250245e-01 1.253977277195039361e-03 0.000000000000000000e+00 -3.787573328218453161e-01 3.821489772480992086e-01 0.000000000000000000e+00
4.866778853052629028e-01 -5.007738467567073026e-03 0.000000000000000000e+00 9.725547308887121101e-02 1.155617639639753946e+00 0.000000000000000000e+00
6.444496742170865433e-01 2.628218823624005676e-03 0.000000000000000000e+00 -3.923028579897031021e-01 6.043811208441902671e-01 0.000000000000000000e+00
5.189420377197719869e-01 -1.011253858178124201e-03 0.000000000000000000e+00 2.342764410665580388e-01 1.033260725012273173e+00 0.000000000000000000e+00
5.395603819426765257e-01 3.642367618512245414e-03 0.000000000000000000e+00 -2.996980569117685400e-01 9.525940856946248925e-01 0.000000000000000000e+00
5.973731707592591089e-01 -2.495014333829341166e-03 0.000000000000000000e+00 3.758928416253381477e-01 7.507254756616192903e-01 0.000000000000000000e+00
4.960643443194207025e-01 4.831984931262249712e-03 0.000000000000000000e+00 -1.307944034319287185e-01 1.122247002679864547e+00 0.000000000000000000e+00
7.379092719028793601e-01 1.481733513889441252e-03 0.000000000000000000e+00 3.636926970911626977e-01 3.518974340601593864e-01 0.000000000000000000e+00
4.675775556714787395e-01 -5.118055234758419995e-03 0.000000000000000000e+00 -1.603513457806937104e-01 1.211816758418184925e+00 0.000000000000000000e+00
5.383552044223031130e-01 3.273340881854746795e-03 0.000000000000000000e+00 3.945107588984061442e-01 9.212159260502015279e-01 0.000000000000000000e+00
-9.374537142658332378e-01 -3.997608352887563831e-04 0.000000000000000000e+00 -5.658505448715669961e-02 1.014660215178532221e-01 0.000000000000000000e+00
5.291372820170989755e-01 1.182592360024404057e-03 0.000000000000000000e+00 -3.903798647562883306e-01 9.522087883240133444e-01 0.000000000000000000e+00
4.683408451962778329e-01 -9.293605043632427454e-04 0.000000000000000000e+00 1.846699781160307530e-01 1.205856574966626127e+00 0.000000000000000000e+00
7.195178893943341425e-01 3.638640467079727603e-04 0.000000000000000000e+00 -3.782838019598836476e-01 3.941066676750069053e-01 0.000000000000000000e+00
4.918105874609529637e-01 4.917255171775252592e-03 0.000000000000000000e+00 1.061615502344898793e-01 1.138363053277775094e+00 0.000000000000000000e+00
6.190339026215545548e-01 1.776681455190688534e-03 0.000000000000000000e+00 -3.883897144199160434e-01 6.807621255806586280e-01 0.000000000000000000e+00
5.263775701797633877e-01 4.615282807880208976e-03 0.000000000000000000e+00 2.542521633503589951e-01 1.005574472804176889e+00 0.000000000000000000e+00
-9.356648609267202987e-01 -1.374738328071645286e-04 0.000000000000000000e+00 9.274608289446567566e-02 7.500541062442267481e-02 0.000000000000000000e+00
5.328851127635487739e-01 -5.118178290158103411e-04 0.000000000000000000e+00 -2.802266795698979962e-01 9.787715469126145873e-01 0.000000000000000000e+00
6.054403411461459772e-01 1.677850009583280178e-03 0.000000000000000000e+00 3.781968401491938581e-01 7.259682583941965417e-01 0.000000000000000000e+00
4.942676197212997335e-01 2.943769459312487943e-03 0.000000000000000000e+00 -1.294517633523389610e-01 1.128159418150719961e+00 0.000000000000000000e+00
7.184895383495708554e-01 5.170080669951847979e-04 0.000000000000000000e+00 3.767852568095133581e-01 3.986760246737845459e-01 0.000000000000000000e+00
4.688903044407899401e-01 3.055626599344029356e-03 0.000000000000000000e+00 -1.747024835864535997e-01 1.205452931667674310e+00 0.000000000000000000e+00
5.413921199634368353e-01 -1.697780682334277050e-03 0.000000000000000000e+00 4.016939313723483229e-01 9.085349731312534205e-01 0.000000000000000000e+00
-9.019338795554083799e-01 -1.445676167178259097e-04 0.000000000000000000e+00 -1.766095564875471147e-01 3.183753028042059230e-02 0.000000000000000000e+00
5.222001371286690841e-01 4.500614823857669589e-03 0.000000000000000000e+00 -3.809225691275172632e-01 9.781181899219453246e-01 0.000000000000000000e+00
4.728659124204778186e-01 -5.868384152267503220e-03 0.000000000000000000e+00 2.182018493924214042e-01 1.184810372863596584e+00 0.000000000000000000e+00
6.775604240269835765e-01 -6.105426630559258622e-04 0.000000000000000000e+00 -4.055866987285804415e-01 4.970723647859798811e-01 0.000000000000000000e+00
4.789467458061000826e-01 -8.383238958811155793e-04 0.000000000000000000e+00 8.355918602708409249e-02 1.181889393985259495e+00 0.000000000000000000e+00
6.956571185898268173e-01 9.616510006710825460e-04 0.000000000000000000e+00 -3.784407899238535489e-01 4.653737569561993137e-01 0.000000000000000000e+00
5.164406051119496688e-01 -4.641986614380492517e-03 0.000000000000000000e+00 2.107158815177408162e-01 1.045956865623560272e+00 0.000000000000000000e+00
5.462661535221052800e-01 -3.956634492210509002e-03 0.000000000000000000e+00 -2.886326338689876314e-01 9.358370313330154344e-01 0.000000000000000000e+00
6.174696303629072514e-01 7.185199778823336304e-04 0.000000000000000000e+00 3.755759656516819422e-01 6.924391960667879431e-01 0.000000000000000000e+00
4.956324652084522775e-01 -2.712235465919607055e-03 0.000000000000000000e+00 -7.771149121048770425e-02 1.128582233285573277e+00 0.000000000000000000e+00
8.855926251393049231e-01 1.180018823851795016e-04 0.000000000000000000e+00 2.138636465098678885e-01 2.387105547855932625e-02 0.000000000000000000e+00
7.735160096696368504e-01 -1.504819057086420782e-03 0.000000000000000000e+00 -3.059873463881660482e-01 3.031242395005466772e-01 0.000000000000000000e+00
6.679030217709975847e-01 1.820031760837222384e-03 0.000000000000000000e+00 3.256584154362932582e-01 5.788993829346217312e-01 0.000000000000000000e+00
5.529025688809140471e-01 3.434070242833535402e-04 0.000000000000000000e+00 1.907860601214990681e-01 9.413742289026039156e-01 0.000000000000000000e+00
5.335013535006150054e-01 -4.559333925212941466e-03 0.000000000000000000e+00 -5.927829013253234358e-02 1.014493520319529773e+00 0.000000000000000000e+00
5.930622913273904118e-01 -2.405911419755277572e-03 0.000000000000000000e+00 -2.806400527142930423e-01 8.032942958481417151e-01 0.000000000000000000e+00
7.906484659027903650e-01 -6.619882884010188512e-04 0.000000000000000000e+00 -2.564707793100841071e-01 3.011725621535208952e-01 0.000000000000000000e+00
6.254457892048803647e-01 -3.463771894960853293e-03 0.000000000000000000e+00 -1.282812294604550318e-01 7.567635223365842823e-01 0.000000000000000000e+00
-9.629667699908439626e-01 -4.347273918757390936e-07 0.000000000000000000e+00 -3.536165953740672691e-02 6.479698422371199529e-02 0.000000000000000000e+00
6.277639242612452763e-01 3.477120289984278120e-03 0.000000000000000000e+00 1.367703325449116381e-01 7.493718950754315600e-01 0.000000000000000000e+00
8.032825656942835790e-01 1.229209592664354429e-03 0.000000000000000000e+00 2.516005290097730329e-01 2.714613297779540080e-01 0.000000000000000000e+00
8.671482104127128387e-01 8.676320250782182733e-05 0.000000000000000000e+00 -2.340725995131821280e-01 8.173564333099848922e-02 0.000000000000000000e+00
5.655010201718622120e-01 2.297528658492271197e-03 0.000000000000000000e+00 2.549060466160105731e-01 8.895087520463013098e-01 0.000000000000000000e+00
5.237636243156391647e-01 2.517562474309029651e-03 0.000000000000000000e+00 -4.955714504892184263e-02 1.043847596564739577e+00 0.000000000000000000e+00
6.001523814569752480e-01 3.764053478710480821e-03 0.000000000000000000e+00 -3.156727873933896644e-01 7.700967159220692970e-01 0.000000000000000000e+00
7.268571929683909083e-01 -1.428648108867370007e-03 0.000000000000000000e+00 3.411895267911733143e-01 4.057325638020554681e-01 0.000000000000000000e+00
4.965081794136076976e-01 -5.184493436936188707e-03 0.000000000000000000e+00 6.561930746948563264e-02 1.126523493544699717e+00 0.000000000000000000e+00
6.223295485123787607e-01 -1.261401525014360647e-03 0.000000000000000000e+00 -3.722035533841300259e-01 6.802668039667603139e-01 0.000000000000000000e+00
5.521287119486282258e-01 -2.627652355761423211e-03 0.000000000000000000e+00 3.032827299382584441e-01 9.136706220079667817e-01 0.000000000000000000e+00
5.138920698246887131e-01 9.372117646845139205e-04 0.000000000000000000e+00 -1.744158825882176633e-01 1.060508908283384066e+00 0.000000000000000000e+00
7.618316671631141235e-01 7.864381447375235965e-04 0.000000000000000000e+00 3.412653371747334519e-01 3.010764915810237863e-01 0.000000000000000000e+00
8.270516837357591022e-01 -3.879427605761357704e-04 0.000000000000000000e+00 -2.963097813406844194e-01 1.293838090331689283e-01 0.000000000000000000e+00
4.701805386903086803e-01 3.831263983021908348e-04 0.000000000000000000e+00 -7.619350467808093386e-02 1.211375737917273376e+00 0.000000000000000000e+00
6.323786378276630149e-01 1.128357700615837886e-03 0.000000000000000000e+00 4.242858329689803698e-01 6.187975519771571342e-01 0.000000000000000000e+00
4.815519220514483112e-01 3.520244195306950798e-03 0.000000000000000000e+00 -2.610676562395931599e-01 1.146987338722590399e+00 0.000000000000000000e+00
5.086053320150093482e-01 2.948983182915362183e-03 0.000000000000000000e+00 3.383076952903183998e-01 1.037117073010959345e+00 0.000000000000000000e+00
5.658951497760824623e-01 -1.635615072860401508e-03 0.000000000000000000e+00 -4.156688189371320896e-01 8.254999610029799539e-01 0.000000000000000000e+00
4.670115566822337638e-01 -3.186394332294635763e-03 0.000000000000000000e+00 1.384992147329626166e-01 1.216474890731753522e+00 0.000000000000000000e+00
7.479602566308056755e-01 -9.735285931973969992e-04 0.000000000000000000e+00 -3.538512222603176216e-01 3.309164845181128967e-01 0.000000000000000000e+00
5.055618189172690347e-01 2.592210810523055964e-03 0.000000000000000000e+00 1.483062023689355191e-01 1.090223657674802338e+00 0.000000000000000000e+00
5.709110739131244561e-01 1.758839578507507412e-03 0.000000000000000000e+00 -3.431804139547071641e-01 8.432920145747800911e-01 0.000000000000000000e+00
5.733910586082588967e-01 -1.605179785581951901e-03 0.000000000000000000e+00 3.460678607676918039e-01 8.347840511412345510e-01 0.000000000000000000e+00
5.041006424487801674e-01 2.485838289265423010e-03 0.000000000000000000e+00 -1.494910318631230417e-01 1.094627040515002037e+00 0.000000000000000000e+00
7.516139308158478194e-01 -6.286924477059488425e-04 0.000000000000000000e+00 3.522695700803051277e-01 3.211534401768225688e-01 0.000000000000000000e+00
8.446028125479076998e-01 -1.149009763350482098e-04 0.000000000000000000e+00 -2.761392421080799409e-01 8.767857837324283254e-02 0.000000000000000000e+00
4.676090275778014282e-01 -3.399181646383264005e-03 0.000000000000000000e+00 -1.185008626200319271e-01 1.216567351958099508e+00 0.000000000000000000e+00
5.720765468381361352e-01 -3.417125797435548607e-03 0.000000000000000000e+00 4.252876301407097492e-01 8.013922688466752486e-01 0.000000000000000000e+00
5.024248180926610408e-01 1.061645166441390134e-03 0.000000000000000000e+00 -3.302031442265412897e-01 1.059772072815759802e+00 0.000000000000000000e+00
4.862775223065625152e-01 8.094749394778472107e-04 0.000000000000000000e+00 2.712937322500309500e-01 1.128947378970144966e+00 0.000000000000000000e+00
6.174320370276324965e-01 -2.923745477708102405e-04 0.000000000000000000e+00 -4.274633852410525958e-01 6.617897157994103718e-01 0.000000000000000000e+00
4.684481149614777573e-01 -5.242995432729341369e-03 0.000000000000000000e+00 8.991138248475494255e-02 1.216137355252890018e+00 0.000000000000000000e+00
8.109030317036888258e-01 9.112231354596383656e-05 0.000000000000000000e+00 3.152539516594101698e-01 1.631526184544708769e-01 0.000000000000000000e+00
7.641409755651542568e-01 -1.020127548207760450e-03 0.000000000000000000e+00 -3.443099821376951475e-01 2.901281706540831395e-01 0.000000000000000000e+00
4.999716374418539111e-01 3.469510127305950806e-03 0.000000000000000000e+00 1.217092157017775345e-01 1.110972979439858177e+00 0.000000000000000000e+00
5.896624623005579657e-01 1.003015781595871687e-03 0.000000000000000000e+00 -3.642251111908615391e-01 7.789763906687826589e-01 0.000000000000000000e+00
5.545761354694310752e-01 2.659234957311315192e-03 0.000000000000000000e+00 3.139610127153619201e-01 9.027490918883673832e-01 0.000000000000000000e+00
5.111555764660786760e-01 4.706472240746308044e-03 0.000000000000000000e+00 -1.988031141549376490e-01 1.064630430854822452e+00 0.000000000000000000e+00
6.913608760757423699e-01 -1.727451618665080610e-03 0.000000000000000000e+00 3.829654929873252955e-01 4.743396596557584721e-01 0.000000000000000000e+00
4.785025928390368444e-01 -3.917847344923503297e-03 0.000000000000000000e+00 -9.118922976067693476e-02 1.182733688591475429e+00 0.000000000000000000e+00
6.535882432140356357e-01 -6.208484728547835566e-04 0.000000000000000000e+00 4.147968315877031409e-01 5.618632587128262745e-01 0.000000000000000000e+00
4.780568662571765826e-01 -6.375149923684838779e-04 0.000000000000000000e+00 -2.122410331888321955e-01 1.168645053830575042e+00 0.000000000000000000e+00
5.314436453094194546e-01 -2.188776488107658375e-03 0.000000000000000000e+00 3.825408360971013222e-01 9.480573644974581438e-01 0.000000000000000000e+00
-9.422897590311190008e-01 1.792000728661844594e-04 0.000000000000000000e+00 -7.650424485716563611e-03 1.076186559857879310e-01 0.000000000000000000e+00
5.312269601359096427e-01 6.046090438575424733e-05 0.000000000000000000e+00 -3.785175907932342709e-01 9.503704650343106630e-01 0.000000000000000000e+00
4.782135806489633545e-01 -3.656837016906902549e-04 0.000000000000000000e+00 2.159373861483624701e-01 1.167447088825368295e+00 0.000000000000000000e+00
6.522483637934155531e-01 -2.933716183635606128e-04 0.000000000000000000e+00 -4.147325866773388103e-01 5.659244265052847389e-01 0.000000000000000000e+00
4.778104966321817249e-01 6.972935302990679839e-04 0.000000000000000000e+00 9.485690580895789203e-02 1.184769204429729106e+00 0.000000000000000000e+00
6.959725466964161722e-01 -3.036144567439280628e-06 0.000000000000000000e+00 -3.797395276417315779e-01 4.633921194140303568e-01 0.000000000000000000e+00
5.122379945923200006e-01 -2.399798909676187104e-03 0.000000000000000000e+00 1.965692424342949662e-01 1.061735714019770072e+00 0.000000000000000000e+00
5.529993476909516037e-01 -1.131954990779232215e-03 0.000000000000000000e+00 -3.121880986032693484e-01 9.080827804928159885e-01 0.000000000000000000e+00
5.941364066131531452e-01 -2.427457594380115491e-04 0.000000000000000000e+00 3.659026484578179472e-01 7.651015673493537506e-01 0.000000000000000000e+00
4.990860205136548045e-01 -2.040836413214149395e-03 0.000000000000000000e+00 -1.148616206902707826e-01 1.114511882947950117e+00 0.000000000000000000e+00
7.800472270910325800e-01 4.202283155555954636e-04 0.000000000000000000e+00 3.320940832129039011e-01 2.525915919907911755e-01 0.000000000000000000e+00
7.898134140592389940e-01 1.265943308196570971e-04 0.000000000000000000e+00 -3.286870986961220042e-01 2.231488989725601280e-01 0.000000000000000000e+00
4.849126231357786532e-01 -2.494118086554512718e-03 0.000000000000000000e+00 5.329490316116752835e-02 1.164231471093531756e+00 0.000000000000000000e+00
6.801683718171904758e-01 2.173892672117101743e-03 0.000000000000000000e+00 -3.802166425909152547e-01 5.091697369493102254e-01 0.000000000000000000e+00
5.284911859362723119e-01 4.391152176964471451e-04 0.000000000000000000e+00 2.358146115419712530e-01 1.003692435769440783e+00 0.000000000000000000e+00
-9.467298678303077697e-01 3.818883383830383189e-04 0.000000000000000000e+00 4.151006621966388255e-02 9.137592705098565582e-02 0.000000000000000000e+00
5.306776235558663402e-01 3.144093760999151863e-03 0.000000000000000000e+00 -2.498266824215364112e-01 9.936245093568736308e-01 0.000000000000000000e+00
6.726549460959337923e-01 2.021334108643583344e-03 0.000000000000000000e+00 3.781190869613244576e-01 5.324142377899656609e-01 0.000000000000000000e+00
4.873873570759518215e-01 3.228167535755001663e-03 0.000000000000000000e+00 -4.912678640842117056e-02 1.156431363545051383e+00 0.000000000000000000e+00
8.538785524056512477e-01 -2.265104863592125317e-04 0.000000000000000000e+00 2.587104910279809378e-01 8.505311039558641206e-02 0.000000000000000000e+00
7.701798991387299731e-01 5.101086360226273625e-04 0.000000000000000000e+00 -3.157593937946925333e-01 3.030332422340522580e-01 0.000000000000000000e+00
6.117650743593943119e-01 2.167164839760163820e-03 0.000000000000000000e+00 3.091749672903749691e-01 7.403140425587777518e-01 0.000000000000000000e+00
5.316082742289265362e-01 -1.099671336754206100e-03 0.000000000000000000e+00 8.963159557685122791e-02 1.017891263564248083e+00 0.000000000000000000e+00
5.484495101661649441e-01 3.645389767718848310e-03 0.000000000000000000e+00 -1.962013722320658515e-01 9.531239531909461160e-01 0.000000000000000000e+00
6.831895446535354299e-01 1.325511204774663943e-04 0.000000000000000000e+00 -3.302409481820588466e-01 5.347031079980726354e-01 0.000000000000000000e+00
7.404133815654876383e-01 -1.470237775204441544e-03 0.000000000000000000e+00 3.225771032290720708e-01 3.828992981876787605e-01 0.000000000000000000e+00
5.135528027466265133e-01 1.889815690173132605e-03 0.000000000000000000e+00 1.276682158563655634e-01 1.068176197508801772e+00 0.000000000000000000e+00
5.615681554861725600e-01 -2.137617254772312264e-03 0.000000000000000000e+00 -2.978192879787442959e-01 8.875902926790939507e-01 0.000000000000000000e+00
6.463861846475713602e-01 3.447897157983449354e-04 0.000000000000000000e+00 3.713799985573188467e-01 6.119610452317567617e-01 0.000000000000000000e+00
4.980374661743336429e-01 -4.535184455787613644e-03 0.000000000000000000e+00 -4.405006343189037457e-03 1.123639342125903440e+00 0.000000000000000000e+00
6.594426115872211724e-01 2.832164100754928568e-03 0.000000000000000000e+00 -3.722480323688518444e-01 5.742167579870716132e-01 0.000000000000000000e+00
5.614330292795091104e-01 -4.007639589170441941e-03 0.000000000000000000e+00 3.002584592650940354e-01 8.871344448723881282e-01 0.000000000000000000e+00
5.144795624774942677e-01 -4.302807137263491878e-03 0.000000000000000000e+00 -1.095477696612959378e-01 1.067311133550652436e+00 0.000000000000000000e+00
7.067427067502642934e-01 -8.885929940022734008e-04 0.000000000000000000e+00 -3.421075705453751614e-01 4.618441988298056522e-01 0.000000000000000000e+00
6.298727206872866136e-01 4.510909963382492283e-04 0.000000000000000000e+00 3.296350560056520163e-01 6.809291341347143423e-01 0.000000000000000000e+00
5.294287753972454214e-01 2.187850646518664857e-03 0.000000000000000000e+00 1.014579197473894218e-01 1.023217257500985689e+00 0.000000000000000000e+00
5.491287464647447436e-01 -4.523155892337296993e-03 0.000000000000000000e+00 -2.021589355520224118e-01 9.498851289005101339e-01 0.000000000000000000e+00
7.176276952520177499e-01 1.353738767630636303e-03 0.000000000000000000e+00 -3.224292289011899126e-01 4.461481402464629875e-01 0.000000000000000000e+00
7.650405139173959146e-01 1.077589311833139496e-03 0.000000000000000000e+00 3.059790778359814944e-01 3.277353187634058362e-01 0.000000000000000000e+00
5.052777741280973789e-01 -4.363859543781488035e-03 0.000000000000000000e+00 1.196098880190670233e-01 1.094588732524595986e+00 0.000000000000000000e+00
5.774133128329332898e-01 1.321160698820517121e-03 0.000000000000000000e+00 -3.390949771102733656e-01 8.258437487619243456e-01 0.000000000000000000e+00
5.911591070659028002e-01 -1.082861414180256998e-03 0.000000000000000000e+00 3.533833506633542454e-01 7.796018219912530522e-01 0.000000000000000000e+00
5.023855768393619137e-01 3.181162588301555440e-03 0.000000000000000000e+00 -9.488901007713412827e-02 1.106036536333727005e+00 0.000000000000000000e+00
7.406565151352231258e-01 -5.860070179144211827e-04 0.000000000000000000e+00 -3.272017661377560893e-01 3.782678569307693084e-01 0.000000000000000000e+00
6.419527141869154629e-01 2.023502782914205628e-03 0.000000000000000000e+00 3.258262056495335734e-01 6.495100570931833239e-01 0.000000000000000000e+00
5.388295643106851829e-01 -2.916975630736402814e-04 0.000000000000000000e+00 1.419771818522400086e-01 9.906486647378764943e-01 0.000000000000000000e+00
-9.535792922807018179e-01 -2.009942773247663621e-04 0.000000000000000000e+00 -3.704468545791520309e-03 8.887926054427393308e-02 0.000000000000000000e+00
5.392840785142567483e-01 -3.940314670343074768e-03 0.000000000000000000e+00 -1.372073839182694210e-01 9.899498692221131435e-01 0.000000000000000000e+00
6.396188774418238854e-01 1.489029585558021562e-03 0.000000000000000000e+00 -3.282583272706834365e-01 6.547025331752303057e-01 0.000000000000000000e+00
7.399039200253022530e-01 -6.755598919672908820e-04 0.000000000000000000e+00 3.282012575412897037e-01 3.795484667130925582e-01 0.000000000000000000e+00
5.021734049643331588e-01 -1.592056675891496964e-03 0.000000000000000000e+00 9.192406872014374786e-02 1.106973005111822062e+00 0.000000000000000000e+00
5.934044377884100108e-01 -1.046565419064820340e-03 0.000000000000000000e+00 -3.529090266743261095e-01 7.733006269618227790e-01 0.000000000000000000e+00
5.755844836577270751e-01 -1.412729392026334727e-03 0.000000000000000000e+00 3.372919901813422050e-01 8.319352259471525235e-01 0.000000000000000000e+00
5.057302185535790251e-01 3.649423074582618456e-03 0.000000000000000000e+00 -1.229421026597147804e-01 1.092830702331608839e+00 0.000000000000000000e+00
7.693094625248388940e-01 1.688197068193206946e-04 0.000000000000000000e+00 -3.024731957535238269e-01 3.188013794142203206e-01 0.000000000000000000e+00
7.403441364542673320e-01 1.102405603874884871e-03 0.000000000000000000e+00 3.132274637034694886e-01 3.907800225619483259e-01 0.000000000000000000e+00
5.360824122239524758e-01 2.181507402310397734e-03 0.000000000000000000e+00 1.861797789588713614e-01 9.914113158075399390e-01 0.000000000000000000e+00
-9.480609714696468515e-01 -3.608329317032784971e-04 0.000000000000000000e+00 -4.994809655134244131e-02 8.447552716777470549e-02 0.000000000000000000e+00
5.332952883136812261e-01 -2.548881784752395248e-03 0.000000000000000000e+00 -1.725846548799567226e-01 1.002121363049718772e+00 0.000000000000000000e+00
7.224630331910995018e-01 -8.526121064528387195e-04 0.000000000000000000e+00 -3.252075678614535503e-01 4.308190183167784904e-01 0.000000000000000000e+00
7.105809132527154404e-01 4.528757071101154053e-04 0.000000000000000000e+00 3.275482119695172223e-01 4.617778001868715898e-01 0.000000000000000000e+00
5.407692950546114652e-01 -3.288648210490168616e-04 0.000000000000000000e+00 1.885470498026616815e-01 9.771387859893295724e-01 0.000000000000000000e+00
5.322536720088775208e-01 -3.397165390160951023e-03 0.000000000000000000e+00 -1.381044497659354719e-01 1.010517199221739659e+00 0.000000000000000000e+00
6.639215662737979473e-01 9.443835416799613303e-04 0.000000000000000000e+00 -3.407527348053068783e-01 5.811209615869364908e-01 0.000000000000000000e+00
6.788064148018435606e-01 -1.743728588930256070e-03 0.000000000000000000e+00 3.432504060352778996e-01 5.385533853200106247e-01 0.000000000000000000e+00
5.286411379804405453e-01 -1.782361585613749869e-04 0.000000000000000000e+00 1.432667062328720209e-01 1.020568448155641406e+00 0.000000000000000000e+00
5.423919378842139150e-01 -4.680460921319064445e-04 0.000000000000000000e+00 -2.082429385635231889e-01 9.683484829192299248e-01 0.000000000000000000e+00
7.613403530989757417e-01 -1.684447204337916754e-03 0.000000000000000000e+00 -2.952216869324385540e-01 3.477019690319599343e-01 0.000000000000000000e+00
7.775224523514453479e-01 -1.014614899155000943e-03 0.000000000000000000e+00 -2.499456886671893863e-01 3.405625862974905882e-01 0.000000000000000000e+00
6.217291970650034028e-01 -1.806474293064371135e-04 0.000000000000000000e+00 -1.970840828202913980e-02 7.766904330925046285e-01 0.000000000000000000e+00
7.361842632609929549e-01 -1.201778054469315044e-03 0.000000000000000000e+00 2.505077233565951023e-01 4.440144660100514562e-01 0.000000000000000000e+00
7.155842679086141800e-01 8.724339187273066204e-04 0.000000000000000000e+00 -2.524244673421419671e-01 4.942708249117316321e-01 0.000000000000000000e+00
6.148576772932217160e-01 -3.960846042101895392e-03 0.000000000000000000e+00 -1.008951624064744965e-02 7.942779200157668029e-01 0.000000000000000000e+00
6.997892040141713288e-01 1.991804394607006590e-03 0.000000000000000000e+00 2.421802053422623668e-01 5.384777087823700015e-01 0.000000000000000000e+00
7.315685236487265986e-01 1.288220687780551772e-03 0.000000000000000000e+00 -2.467674129885744083e-01 4.575284448840967744e-01 0.000000000000000000e+00
6.255633407885788921e-01 3.086273720002881589e-03 0.000000000000000000e+00 4.246001309546680591e-02 7.660962906078981893e-01 0.000000000000000000e+00
8.422089605687044234e-01 7.984505841636402312e-04 0.000000000000000000e+00 2.235971141332721568e-01 1.913071289791860030e-01 0.000000000000000000e+00
9.622264802834619157e-01 8.847610991325252899e-05 0.000000000000000000e+00 7.735875788577986634e-02 9.847997899494048690e-02 0.000000000000000000e+00
9.326067649831447648e-01 -5.952347209582020335e-04 0.000000000000000000e+00 -7.750398372183986417e-02 1.208090516660216829e-01 0.000000000000000000e+00
1.030266576224436736e+00 1.588951800459377289e-04 0.000000000000000000e+00 1.075347565827820262e-01 7.150775049107824244e-02 0.000000000000000000e+00
-1.483691246287045740e+00 -1.500859746858922150e-04 0.000000000000000000e+00 1.769101905573644551e-01 7.205085082599600455e-01 0.000000000000000000e+00
-1.692193049701194774e+00 3.060576809363061562e-03 0.000000000000000000e+00 2.073252900459009868e-02 1.022779871663712647e+00 0.000000000000000000e+00
-1.563936216171876392e+00 -8.269676074121740106e-04 0.000000000000000000e+00 -1.439971013035776515e-01 8.396904272823166870e-01 0.000000000000000000e+00
-1.120634825474367879e+00 1.072745974356855347e-04 0.000000000000000000e+00 1.674209735190942960e-01 1.169024892707686697e-01 0.000000000000000000e+00
-1.120326640022252018e+00 -3.436850750334649422e-04 0.000000000000000000e+00 -1.672563316152346491e-01 1.162830091082547868e-01 0.000000000000000000e+00
-1.564210225595486392e+00 -7.307202180340012510e-04 0.000000000000000000e+00 1.430237258204385964e-01 8.402336204552081078e-01 0.000000000000000000e+00
-1.692158696841584709e+00 -4.919867806269559440e-03 0.000000000000000000e+00 -2.201968598950398981e-02 1.022713757814183833e+00 0.000000000000000000e+00
-1.483343243699156044e+00 -1.101388563449524904e-03 0.000000000000000000e+00 -1.776413937921502706e-01 7.198320984758199703e-01 0.000000000000000000e+00
1.029416652361043738e+00 2.855742273184461036e-04 0.000000000000000000e+00 -1.074472299074859527e-01 7.333884665074286158e-02 0.000000000000000000e+00
